0.04303242638707161
0.0554518885910511
0.06035596504807472
0.06039947643876076
0.06087625026702881
0.061213359236717224
0.06126783788204193
0.06126156076788902
0.06141665577888489
0.06172536313533783
0.06214762106537819
0.06250390410423279
0.06280189752578735
0.06308367848396301
0.06338897347450256
0.06372946500778198
0.06410306692123413
0.06449619680643082
0.06488879024982452
0.06472140550613403
0.06413751095533371
0.0636671707034111
0.06325031071901321
0.06286260485649109
0.06250327825546265
0.06216862425208092
0.061840515583753586
0.061506085097789764
0.06115219369530678
0.06077573820948601
0.06037439405918121
0.059942640364170074
0.0037273047491908073
0.002802192000672221
0.0027357800863683224
0.0027281958609819412
0.0027435622178018093
0.002754832152277231
0.06003580987453461
0.06618683785200119
0.0622551329433918
0.060105569660663605
0.058706045150756836
0.05762719362974167
0.05671903118491173
0.05589672178030014
0.05489138886332512
0.05389825627207756
0.05291677638888359
0.051919762045145035
0.050911374390125275
0.04987284541130066
0.04882131144404411
0.047756925225257874
0.046614378690719604
0.04543696343898773
0.04424938187003136
0.04313478618860245
0.04212565720081329
0.04115493223071098
0.0401894710958004
0.03923368081450462
0.03829210624098778
0.037356894463300705
0.03642109036445618
0.03549480065703392
0.034578122198581696
0.03367650508880615
0.032775696367025375
0.03188079595565796
0.03098829835653305
0.030103793367743492
0.029232503846287727
0.028381681069731712
0.027552368119359016
0.026742538437247276
0.02595316618680954
0.025184836238622665
0.024437522515654564
0.02371012046933174
0.02300984039902687
0.022344807162880898
0.021711938083171844
0.021108483895659447
0.020531421527266502
0.019979020580649376
0.019449228420853615
0.018940940499305725
0.018451152369379997
0.017975468188524246
0.017515793442726135
0.017072614282369614
