9.255806922912598
13.424015045166016
10.852441787719727
8.926651000976562
8.12372875213623
7.797272205352783
7.651165962219238
7.551334857940674
7.445833683013916
7.34636116027832
7.26496696472168
7.207294464111328
7.171477794647217
7.155385494232178
7.141520023345947
7.104878902435303
7.072735786437988
7.054052352905273
7.052231311798096
7.068900108337402
7.104379653930664
7.158090114593506
7.227503299713135
7.310873985290527
7.398807048797607
7.468014717102051
7.540965557098389
7.622969627380371
7.716895580291748
7.829980373382568
7.967962265014648
8.136527061462402
0.5410009026527405
0.47880592942237854
0.4576289653778076
0.4459752142429352
0.44932207465171814
0.4567520022392273
9.860466957092285
10.376501083374023
10.703655242919922
11.192238807678223
11.739346504211426
12.341385841369629
13.029813766479492
13.821852684020996
14.714301109313965
15.691479682922363
16.735654830932617
17.827533721923828
18.935226440429688
20.052509307861328
21.18837547302246
22.349750518798828
23.546646118164062
24.7463321685791
26.028818130493164
27.209400177001953
28.28773307800293
29.271568298339844
30.16925048828125
30.991374969482422
31.74852752685547
32.434322357177734
33.06337356567383
33.66181564331055
34.21809005737305
34.73305892944336
35.21094512939453
35.65336608886719
36.06517791748047
36.45104217529297
36.8176155090332
37.16543960571289
37.49725341796875
37.8164176940918
38.1213493347168
38.405521392822266
38.72229766845703
39.010459899902344
39.24768829345703
39.442970275878906
39.60625076293945
39.746246337890625
39.86955642700195
39.98546600341797
40.094539642333984
40.20016098022461
40.30662536621094
40.41881561279297
40.54118728637695
40.67327880859375
