0.02465094067156315
0.027434270828962326
0.03199952468276024
0.0330749936401844
0.03358383849263191
0.033898480236530304
0.03407761827111244
0.03434029221534729
0.03449845314025879
0.03462132066488266
0.034732792526483536
0.034899912774562836
0.035090371966362
0.035289015620946884
0.035489533096551895
0.035690706223249435
0.03594762086868286
0.036201927810907364
0.03644445538520813
0.03669437766075134
0.03695503622293472
0.037241823971271515
0.037555161863565445
0.03791294991970062
0.038323160260915756
0.03878504037857056
0.03928934410214424
0.0398271381855011
0.040393978357315063
0.04100503772497177
0.041643884032964706
0.04230622947216034
0.002348132198676467
0.002312061842530966
0.0022889813408255577
0.002272731624543667
0.002260050503537059
0.002250408288091421
0.03864327818155289
0.040542468428611755
0.041848186403512955
0.042894430458545685
0.04383797198534012
0.04475323110818863
0.045670073479413986
0.04660622775554657
0.0475696362555027
0.04856085404753685
0.0495770089328289
0.050613630563020706
0.05168015882372856
0.05280381068587303
0.053978800773620605
0.05518866330385208
0.056322574615478516
0.05727085471153259
0.05822793394327164
0.05918015167117119
0.06013970449566841
0.06109241768717766
0.06199926137924194
0.06286471337080002
0.06370856612920761
0.06453366577625275
0.06535034626722336
0.06613902747631073
0.06689968705177307
0.06763940304517746
0.068351149559021
0.06903056800365448
0.06970946490764618
0.07037603110074997
0.07062490284442902
0.06828714162111282
0.0661427304148674
0.06411845237016678
0.06217357516288757
0.06122219190001488
0.06028342247009277
0.05843890830874443
0.05660601332783699
0.05477365478873253
0.05294972285628319
0.051150962710380554
0.04937996715307236
0.0476217158138752
0.045912109315395355
0.044332362711429596
0.042856574058532715
0.0415940023958683
0.0404517836868763
0.0393747016787529
0.03833599388599396
