0.037086669355630875
0.03924498334527016
0.04320274665951729
0.04721827432513237
0.050236888229846954
0.051092203706502914
0.05135715380311012
0.05150148645043373
0.051629114896059036
0.05176685005426407
0.05200051888823509
0.052254918962717056
0.052490249276161194
0.052677951753139496
0.05287986248731613
0.05315142869949341
0.053472161293029785
0.05378977581858635
0.05409044772386551
0.054418522864580154
0.054787926375865936
0.05518396571278572
0.05564333125948906
0.05620528385043144
0.056868139654397964
0.057611070573329926
0.05842150002717972
0.05929896980524063
0.06023494526743889
0.06122690066695213
0.06226796656847
0.06335821747779846
0.003774619661271572
0.0035966055002063513
0.003579225391149521
0.0035731359384953976
0.0035663472954183817
0.0035584932193160057
0.06013239547610283
0.06184099614620209
0.0630745068192482
0.06430830806493759
0.06561559438705444
0.06702899932861328
0.06855274736881256
0.07018019258975983
0.0718945786356926
0.07368367910385132
0.07555306702852249
0.07749246805906296
0.07949396222829819
0.0815390944480896
0.08337751030921936
0.08518542349338531
0.0868310034275055
0.08817043900489807
0.089419424533844
0.09063827991485596
0.09182959049940109
0.09299957007169724
0.09417343884706497
0.09525074064731598
0.09625335037708282
0.09723268449306488
0.09839119762182236
0.09968803822994232
0.10095161199569702
0.10216055810451508
0.10342688113451004
0.10468512028455734
0.10599851608276367
0.10743377357721329
0.10888591408729553
0.11004418134689331
0.11107545346021652
0.11218123883008957
0.1133580133318901
0.11459954082965851
0.11572957038879395
0.1170443519949913
0.1183386892080307
0.11945958435535431
0.12058571726083755
0.12116886675357819
0.12178518623113632
0.12324909120798111
0.12313751131296158
0.11999340355396271
0.11718995869159698
0.11461187899112701
0.11218865215778351
0.10990088433027267
0.10772674530744553
