0.021375862881541252
0.026797594502568245
0.030220037326216698
0.030724134296178818
0.03077511675655842
0.030823050066828728
0.03082999959588051
0.030863763764500618
0.030935395509004593
0.031017661094665527
0.031145891174674034
0.0313040055334568
0.03150225430727005
0.031702008098363876
0.03189196065068245
0.03206687793135643
0.03222321346402168
0.03236813843250275
0.032504402101039886
0.03264734894037247
0.03279675543308258
0.03295351564884186
0.033111535012722015
0.03327346220612526
0.03345825895667076
0.033686306327581406
0.03397263586521149
0.03432026132941246
0.03472577780485153
0.03518689423799515
0.03570461645722389
0.036278702318668365
0.0019021900370717049
0.0014364211820065975
0.0013665998121723533
0.0013608308508992195
0.0013582261744886637
0.0013566756388172507
0.029868854209780693
0.03490696847438812
0.03707558289170265
0.03825020417571068
0.039111293852329254
0.03989769145846367
0.04070328176021576
0.041382305324077606
0.04091234877705574
0.04052048176527023
0.040144722908735275
0.039765261113643646
0.03937652334570885
0.038976576179265976
0.038576655089855194
0.03808164969086647
0.03752053529024124
0.03697579354047775
0.03642899543046951
0.03586830198764801
0.035276710987091064
0.034675873816013336
0.03407922759652138
0.03351026773452759
0.03293931111693382
0.03236124664545059
0.03177601099014282
0.031184358522295952
0.030584102496504784
0.029975786805152893
0.02936561591923237
0.02875005640089512
0.028131192550063133
0.027507036924362183
0.026878470554947853
0.02625036984682083
0.02562559023499489
0.025008738040924072
0.02439817599952221
0.023795245215296745
0.023201338946819305
0.02261638268828392
0.022040268406271935
0.021473268046975136
0.020915111526846886
0.020386138930916786
0.019865667447447777
0.019345661625266075
0.01883092150092125
0.018322616815567017
0.017832627519965172
0.01736602373421192
0.016921957954764366
0.016495008021593094
