0.007986840792000294
0.009128809906542301
0.010954361408948898
0.011345221661031246
0.01144177746027708
0.011525049805641174
0.011610879562795162
0.011682390235364437
0.011752350255846977
0.011802771128714085
0.011850524693727493
0.011895488016307354
0.01197836548089981
0.012086042203009129
0.012177708558738232
0.012272968888282776
0.01238846406340599
0.012496174313127995
0.012611845508217812
0.0127556212246418
0.012932672165334225
0.01313825510442257
0.013366791419684887
0.01361063588410616
0.013868385925889015
0.014140710234642029
0.014424066059291363
0.014717156998813152
0.014964990317821503
0.015227997675538063
0.0154985710978508
0.015778101980686188
0.0009290379821322858
0.0009126297663897276
0.0009081482421606779
0.0009056567796505988
0.0009040985023602843
0.0009032826055772603
0.01570948213338852
0.01625155471265316
0.01656014658510685
0.01682879403233528
0.017109880223870277
0.01741833984851837
0.017755651846528053
0.018120834603905678
0.018514901399612427
0.01893843151628971
0.019395899027585983
0.019902992993593216
0.020456453785300255
0.021049203351140022
0.02154802531003952
0.022027907893061638
0.022530099377036095
0.023059220984578133
0.023619381710886955
0.024220118299126625
0.024845559149980545
0.025477929040789604
0.026118552312254906
0.026759054511785507
0.027396732941269875
0.028018303215503693
0.028624743223190308
0.02921936847269535
0.029803700745105743
0.030377589166164398
0.030939940363168716
0.03148863837122917
0.032022953033447266
0.03254351019859314
0.033048443496227264
0.03354901447892189
0.03407147526741028
0.034582335501909256
0.0350804477930069
0.03556221351027489
0.03602609410881996
0.03647003695368767
0.036900512874126434
0.037303224205970764
0.03636611998081207
0.03534513711929321
0.03438235819339752
0.03345707058906555
0.03256296366453171
0.031697459518909454
0.030858486890792847
0.030045485123991966
0.029257189482450485
0.028492167592048645
