0.0370214581489563
0.03829994797706604
0.04188128188252449
0.04543789476156235
0.04843372851610184
0.05045602098107338
0.05105990916490555
0.051332615315914154
0.05149513855576515
0.051613520830869675
0.05171972140669823
0.051845259964466095
0.05202066898345947
0.052192993462085724
0.05238603428006172
0.05255652219057083
0.05271806940436363
0.05288858711719513
0.05305635184049606
0.05322502180933952
0.0533955916762352
0.05356810986995697
0.05373800918459892
0.05390148237347603
0.05406784638762474
0.0542793944478035
0.05453288555145264
0.054839685559272766
0.05521773546934128
0.055652372539043427
0.05612999200820923
0.0566508024930954
0.003349212696775794
0.003050354542210698
0.0029614605009555817
0.0029141001868993044
0.00287809781730175
0.0028507630340754986
0.05280608683824539
0.05549074336886406
0.05660111829638481
0.05746245011687279
0.058328136801719666
0.05922945588827133
0.060175273567438126
0.06117083877325058
0.06221885234117508
0.06333082169294357
0.0644833967089653
0.06568999588489532
0.06692995876073837
0.0682041123509407
0.06951162964105606
0.07084538042545319
0.07219363749027252
0.07358008623123169
0.07504990696907043
0.0765484869480133
0.07800859957933426
0.07919179648160934
0.0802883431315422
0.08135636895895004
0.08241938054561615
0.08348417282104492
0.08455367386341095
0.0856422632932663
0.08678608387708664
0.08799739927053452
0.08923447132110596
0.0903109461069107
0.09139978885650635
0.0924881175160408
0.09357421845197678
0.09463633596897125
0.09565972536802292
0.09685717523097992
0.09808526188135147
0.09919296950101852
0.10017359256744385
0.10120725631713867
0.10225769877433777
0.10323377698659897
0.10418491065502167
0.1051805391907692
0.10621179640293121
0.1071835309267044
0.1081218421459198
0.1089690551161766
0.10971297323703766
0.11034592986106873
0.1108524426817894
0.11127959936857224
