0.04116181284189224
0.05300649628043175
0.0603441447019577
0.06084458529949188
0.06101779267191887
0.06126142665743828
0.06134865805506706
0.061357297003269196
0.06140986457467079
0.06154249981045723
0.061741214245557785
0.06200747191905975
0.06229124590754509
0.06251852959394455
0.06274543702602386
0.06297072768211365
0.0631706714630127
0.06334599107503891
0.06350665539503098
0.06366150081157684
0.06381912529468536
0.06399329006671906
0.0642114132642746
0.06443307548761368
0.06446877866983414
0.06397230923175812
0.06359738856554031
0.0632651075720787
0.06294984370470047
0.06265129148960114
0.06237073987722397
0.06208856403827667
0.003007663646712899
0.0026882172096520662
0.002629126887768507
0.002598219783976674
0.0025817551650106907
0.002568916417658329
0.049666956067085266
0.05900277942419052
0.06326740980148315
0.06545846164226532
0.06346608698368073
0.06225397437810898
0.06134074553847313
0.060567840933799744
0.05988388508558273
0.059256408363580704
0.058665525168180466
0.058098118752241135
0.05754256248474121
0.056991737335920334
0.056436117738485336
0.05587025359272957
0.0552910678088665
0.05469663441181183
0.05408407002687454
0.053452543914318085
0.05267710983753204
0.05185319855809212
0.0510292649269104
0.050187814980745316
0.049326568841934204
0.04845156893134117
0.047553740441799164
0.04663356393575668
0.04569046199321747
0.044709112495183945
0.04369343817234039
0.042658209800720215
0.04164336621761322
0.040659040212631226
0.03970518335700035
0.03875493258237839
0.03781535476446152
0.03689397871494293
0.035992126911878586
0.035160258412361145
0.034365199506282806
0.03358270600438118
0.0328105092048645
0.03204489126801491
0.031282346695661545
0.03052964061498642
0.02979113906621933
0.029070844873785973
0.02836752124130726
0.027682632207870483
0.027009636163711548
0.026348700746893883
0.02569745108485222
0.0250533577054739
