0.49183788895606995
0.5578187704086304
0.9494409561157227
1.0059157609939575
1.0112590789794922
1.0174291133880615
1.0257294178009033
1.0358431339263916
1.0486657619476318
1.065719723701477
1.0834201574325562
1.0985854864120483
1.108270287513733
1.1213575601577759
1.1394169330596924
1.1530895233154297
1.1649097204208374
1.177297830581665
1.1947729587554932
1.2148064374923706
1.2376314401626587
1.263279914855957
1.289104700088501
1.317031979560852
1.3511254787445068
1.3891574144363403
1.4342119693756104
1.4881627559661865
1.5547186136245728
1.64093816280365
1.75467848777771
1.893142580986023
0.033706504851579666
0.03357654809951782
0.03350292518734932
0.03490547090768814
0.035414401441812515
0.035362131893634796
0.8700604438781738
1.4054585695266724
1.8632808923721313
2.193089723587036
2.331367254257202
11.2282133102417
16.600393295288086
20.52106285095215
26.592985153198242
32.864784240722656
39.47291564941406
46.19210433959961
53.67420959472656
62.15415954589844
71.20417022705078
80.62540435791016
90.26835632324219
99.63501739501953
108.5377426147461
117.06346893310547
125.45655822753906
133.3882293701172
140.47909545898438
147.10818481445312
153.0409698486328
158.3948974609375
163.1468963623047
167.32688903808594
171.02850341796875
174.55514526367188
177.2982940673828
179.72366333007812
182.0013427734375
184.1842041015625
186.1000518798828
187.15243530273438
187.66944885253906
187.97439575195312
188.1737823486328
188.2475128173828
188.3037872314453
188.36529541015625
188.33384704589844
188.21615600585938
188.03146362304688
187.8165740966797
187.59046936035156
187.35009765625
187.0656280517578
186.7122344970703
186.3025360107422
185.85098266601562
185.3534393310547
184.8073272705078
184.2218017578125
