0.007906544022262096
0.008713781833648682
0.008268586359918118
0.007960566319525242
0.007802675943821669
0.0076993717812001705
0.007617814000695944
0.007551485672593117
0.007497488055378199
0.007448558229953051
0.007401360664516687
0.007356097921729088
0.00731257488951087
0.007269438821822405
0.007226958405226469
0.007186127360910177
0.00714833615347743
0.007112119346857071
0.007076281122863293
0.007041506469249725
0.007008445914834738
0.006977140437811613
0.0069470093585550785
0.006917905528098345
0.006890167016535997
0.006864556111395359
0.006840846501290798
0.006818344816565514
0.00679652439430356
0.006774849724024534
0.006752686109393835
0.006729624234139919
0.0006659108330495656
0.0005656247958540916
0.0005400435766205192
0.0005390212754718959
0.0005408665747381747
0.0005443973932415247
0.00699599040672183
0.006884920410811901
0.00673254206776619
0.006649704650044441
0.00659565394744277
0.006553281098604202
0.006515945307910442
0.006480434909462929
0.006445662584155798
0.00641023600474
0.006373370997607708
0.006334960926324129
0.006296364590525627
0.006256750784814358
0.006215707398951054
0.006171548739075661
0.006119783502072096
0.006054221652448177
0.005990198347717524
0.005925849545747042
0.005860961973667145
0.005793749820441008
0.005726118106395006
0.005657700356096029
0.005587196908891201
0.0055146547965705395
0.005440337583422661
0.00536401616409421
0.005285699851810932
0.005205576773732901
0.005123758222907782
0.005040350370109081
0.00495559349656105
0.004870038945227861
0.00478389672935009
0.004697216209024191
0.004610483068972826
0.0045242346823215485
0.004439140670001507
0.004354881122708321
0.004270826932042837
0.004186862148344517
0.004103038925677538
0.004019440151751041
0.003936247434467077
0.0038538489025086164
0.0037722275592386723
0.0036913384683430195
0.003611394902691245
0.003532503265887499
0.0034549799747765064
0.0033788562286645174
0.0033044088631868362
0.0032317382283508778
