0.03791562467813492
0.04013226553797722
0.04431052878499031
0.049002695828676224
0.05130383372306824
0.05229538679122925
0.052619460970163345
0.0527757853269577
0.05296308547258377
0.05317950248718262
0.05337321758270264
0.053539227694272995
0.05374818667769432
0.05394987016916275
0.05413173511624336
0.054390810430049896
0.05465278774499893
0.054888755083084106
0.05511317774653435
0.05533495172858238
0.05555775389075279
0.055782925337553024
0.056066449731588364
0.05642203241586685
0.056870345026254654
0.05740487203001976
0.057999614626169205
0.05865049734711647
0.05935153737664223
0.06010373309254646
0.060907166451215744
0.06175034120678902
0.003763261018320918
0.0035303847398608923
0.0034293874632567167
0.003373488085344434
0.0033379332162439823
0.003313471097499132
0.057144131511449814
0.059630464762449265
0.061135731637477875
0.06237867847084999
0.0636003240942955
0.06484317034482956
0.06610620021820068
0.06740083545446396
0.0687253475189209
0.070079505443573
0.0714564099907875
0.07285434007644653
0.07426942139863968
0.07570092380046844
0.07716332376003265
0.07871377468109131
0.08020371198654175
0.0816359892487526
0.08306155353784561
0.0845206007361412
0.08602435141801834
0.08755219727754593
0.08909962326288223
0.09065115451812744
0.09192761778831482
0.0929933413863182
0.09393787384033203
0.09494896233081818
0.09601006656885147
0.09694309532642365
0.09782557934522629
0.09865511208772659
0.09938222169876099
0.1000039279460907
0.10054231435060501
0.10102830082178116
0.1014878898859024
0.10194257646799088
0.10244656354188919
0.10305403172969818
0.1036059707403183
0.10408590734004974
0.10454288870096207
0.10501518845558167
0.10546962916851044
0.10295688360929489
0.10016617178916931
0.09745916724205017
0.09476165473461151
0.09206725656986237
0.08936044573783875
0.08666057139635086
0.08396878838539124
0.08149459958076477
