0.04090762510895729
0.04475507512688637
0.05090990662574768
0.054719239473342896
0.05530671030282974
0.05574722960591316
0.05601639673113823
0.05620526894927025
0.05641361325979233
0.05668216943740845
0.05690937489271164
0.05709598958492279
0.05730067566037178
0.057526156306266785
0.05779106542468071
0.05804118514060974
0.05826995149254799
0.05848882719874382
0.05871230363845825
0.05893729254603386
0.05917283892631531
0.0594390332698822
0.059752222150564194
0.06013313680887222
0.06061038747429848
0.06117832288146019
0.06181058660149574
0.06248581409454346
0.06320344656705856
0.06399931758642197
0.06488209217786789
0.06582093983888626
0.0038039861246943474
0.003642796538770199
0.0035297239664942026
0.0034565364476293325
0.0034130364656448364
0.0033851456828415394
0.059674717485904694
0.06363863497972488
0.06589895486831665
0.06750809401273727
0.06898397952318192
0.07051248848438263
0.07214318960905075
0.0738663449883461
0.07566052675247192
0.07750475406646729
0.07939612120389938
0.08134598284959793
0.0833296999335289
0.08527963608503342
0.08718857169151306
0.08916554600000381
0.09126841276884079
0.09285817295312881
0.09425511211156845
0.09568321704864502
0.09706863015890121
0.09845872968435287
0.09982812404632568
0.10158008337020874
0.10394866019487381
0.10622251033782959
0.10839550197124481
0.11048506200313568
0.11256568133831024
0.11467695236206055
0.11696336418390274
0.11906642466783524
0.12093938142061234
0.12249334901571274
0.12388353794813156
0.12525171041488647
0.12661896646022797
0.12799504399299622
0.1297018676996231
0.13145138323307037
0.1335134357213974
0.13620178401470184
0.1392788290977478
0.14213182032108307
0.1439519077539444
0.14575202763080597
0.1483267843723297
0.1472579687833786
0.1420125961303711
0.13743551075458527
0.13309741020202637
0.12889809906482697
0.12482157349586487
0.12085090577602386
