0.008218077011406422
0.009875815361738205
0.010733171366155148
0.011079282499849796
0.011219678446650505
0.011321895755827427
0.011410331353545189
0.011530712246894836
0.011677432805299759
0.01182708702981472
0.011969327926635742
0.01210927776992321
0.01225986611098051
0.012421566061675549
0.01261230930685997
0.012850386090576649
0.013137674890458584
0.013474736362695694
0.013861769810318947
0.014278343878686428
0.014652376994490623
0.0150632094591856
0.015496021136641502
0.01595362462103367
0.01643497683107853
0.01694122515618801
0.017475804314017296
0.018035458400845528
0.018634669482707977
0.019273636862635612
0.019901150837540627
0.020558403804898262
0.0011192054953426123
0.001085476716980338
0.0010857487795874476
0.0010881429770961404
0.001089530996978283
0.0010909158736467361
0.020444341003894806
0.021480996161699295
0.02206828072667122
0.022513842210173607
0.02291799709200859
0.023352503776550293
0.023827388882637024
0.02433653175830841
0.023869765922427177
0.02316366508603096
0.02246878109872341
0.02178221009671688
0.021099254488945007
0.020417792722582817
0.019739042967557907
0.019066601991653442
0.018406447023153305
0.017765069380402565
0.017141243442893028
0.01653336174786091
0.015941979363560677
0.015370610170066357
0.01481691375374794
0.01427841279655695
0.013753481209278107
0.013240901753306389
0.012756140902638435
0.012295443564653397
0.01185618620365858
0.011439290829002857
0.011041278950870037
0.010659808292984962
0.010294405743479729
0.0099439462646842
0.009607580490410328
0.009286587126553059
0.008980359882116318
0.008687612600624561
0.008407918736338615
0.008140133693814278
0.00788368284702301
0.007637407165020704
0.0074008312076330185
0.007173728663474321
0.006955575197935104
0.006745413411408663
0.006543508265167475
0.00634984765201807
0.006164123769849539
0.005985951516777277
0.005815553013235331
0.005652227904647589
0.005495962221175432
0.005346291698515415
