0.023582933470606804
0.029782487079501152
0.033609140664339066
0.03713863343000412
0.03647200018167496
0.034911077469587326
0.03366715461015701
0.0319674089550972
0.030754467472434044
0.02989053539931774
0.029260817915201187
0.028771676123142242
0.028381016105413437
0.02805488184094429
0.027774790301918983
0.027529127895832062
0.02730979584157467
0.027110783383250237
0.02692759409546852
0.026754362508654594
0.026588773354887962
0.02642948552966118
0.02627485990524292
0.02612820640206337
0.025991713628172874
0.025871895253658295
0.025773776695132256
0.025688594207167625
0.02561195194721222
0.025538049638271332
0.02546337991952896
0.025386443361639977
0.025305382907390594
0.002359237754717469
0.0018591644475236535
0.0015692200977355242
0.0014214912662282586
0.00151020847260952
0.0015129210660234094
0.02602502889931202
0.03202435001730919
0.03283927962183952
0.030586455017328262
0.029501304030418396
0.02841857448220253
0.027602707967162132
0.026830028742551804
0.026150144636631012
0.025584811344742775
0.02512580156326294
0.024756930768489838
0.024597452953457832
0.024449536576867104
0.024202123284339905
0.023994820192456245
0.023811908438801765
0.02364548295736313
0.023489778861403465
0.023340610787272453
0.02319450117647648
0.023049278184771538
0.022853875532746315
0.022661356255412102
0.022470910102128983
0.02227512188255787
0.02207719348371029
0.021880604326725006
0.021685883402824402
0.021494675427675247
0.021308334544301033
0.021124280989170074
0.020944977179169655
0.02076871506869793
0.020592939108610153
0.02041819505393505
0.020246991887688637
0.02007744088768959
0.019904689863324165
0.01973573863506317
0.019567549228668213
0.019399147480726242
0.019232656806707382
0.019067980349063873
0.018905336037278175
0.01874484121799469
0.018585722893476486
0.018427807837724686
0.018270932137966156
0.018114715814590454
0.017959432676434517
0.01780630834400654
0.017654404044151306
0.017504191026091576
0.01735568419098854
0.017208488658070564
0.017062406986951828
0.016917364671826363
