0.025729961693286896
0.03014369122684002
0.032715946435928345
0.033673543483018875
0.03413022309541702
0.034451182931661606
0.03465690463781357
0.034852705895900726
0.03507921099662781
0.03529129922389984
0.03551556542515755
0.03583774343132973
0.03614073246717453
0.03644057735800743
0.03674598038196564
0.037084709852933884
0.03751881793141365
0.03807399049401283
0.038737811148166656
0.03949417173862457
0.04032909870147705
0.041239526122808456
0.042202845215797424
0.04321514070034027
0.0442727766931057
0.045369718223810196
0.046510230749845505
0.04769876226782799
0.04893077164888382
0.05020963028073311
0.05154977738857269
0.0530235730111599
0.0029064270202070475
0.0027578335721045732
0.002685988787561655
0.00265655224211514
0.002643520012497902
0.002634706674143672
0.04956886172294617
0.05215540900826454
0.053437016904354095
0.05452854558825493
0.055745258927345276
0.05684057995676994
0.05804458633065224
0.05936650186777115
0.060741398483514786
0.06219576671719551
0.063612200319767
0.06501258164644241
0.06643649935722351
0.06785022467374802
0.06922538578510284
0.07063817232847214
0.07023633271455765
0.06711959093809128
0.06420711427927017
0.06140447035431862
0.05863797292113304
0.05595940724015236
0.05343632772564888
0.05102815479040146
0.048693545162677765
0.04646492376923561
0.044333234429359436
0.042308926582336426
0.04061882570385933
0.039117567241191864
0.03773105889558792
0.03642195463180542
0.03517782315611839
0.03400269150733948
0.03287821263074875
0.03181835263967514
0.030831068754196167
0.029897870495915413
0.02900615893304348
0.02813711389899254
0.027304157614707947
0.0265020914375782
0.025743024423718452
0.025021065026521683
0.02432088553905487
0.02362814173102379
0.022960597649216652
0.022323578596115112
0.02165226824581623
0.020966362208127975
0.0202206801623106
0.01943937875330448
0.018659140914678574
0.018272576853632927
