4.032744407653809
4.953013896942139
6.495050430297852
6.912967205047607
6.968817234039307
7.0602521896362305
7.283810138702393
7.664737224578857
8.117716789245605
8.57463264465332
8.622077941894531
8.611553192138672
8.746245384216309
8.98453426361084
9.277010917663574
9.591544151306152
9.948131561279297
10.263504028320312
10.546470642089844
10.826470375061035
11.121820449829102
11.423910140991211
11.78476619720459
12.178949356079102
12.611248970031738
13.084485054016113
13.60805606842041
14.195314407348633
14.851777076721191
15.603466033935547
16.4405574798584
17.325313568115234
0.9082254767417908
0.6975758671760559
0.7606397867202759
0.8166599869728088
0.8816667199134827
0.9620460271835327
23.617952346801758
23.80872917175293
23.97889518737793
25.342697143554688
26.1842098236084
27.051738739013672
28.79002571105957
30.463533401489258
31.285728454589844
32.07109069824219
33.563453674316406
35.02652359008789
36.468570709228516
37.916725158691406
39.35433578491211
40.86772537231445
42.3470458984375
43.791805267333984
45.19683837890625
46.58745193481445
47.90304183959961
49.185577392578125
50.37801742553711
51.48211669921875
52.520145416259766
53.526100158691406
54.49522018432617
55.46010208129883
56.36632537841797
57.16455078125
57.84202575683594
58.40582275390625
58.859336853027344
59.22148895263672
59.56869888305664
59.82256317138672
60.020545959472656
60.16911697387695
60.27199172973633
60.34695053100586
60.40566635131836
60.4554328918457
60.502532958984375
60.55179214477539
60.59754943847656
60.619659423828125
60.64218521118164
60.666290283203125
60.692813873291016
60.67255401611328
60.6391487121582
60.61001968383789
60.59745788574219
60.58260726928711
60.554969787597656
60.5189094543457
60.48469543457031
