14.045195579528809
28.403024673461914
33.55571746826172
29.033613204956055
21.027942657470703
18.651805877685547
17.210983276367188
15.482805252075195
14.287589073181152
13.403982162475586
12.691710472106934
12.097145080566406
11.577455520629883
11.124544143676758
10.713878631591797
10.342787742614746
10.009894371032715
9.714599609375
9.453068733215332
9.22919750213623
9.042163848876953
8.883016586303711
8.748714447021484
8.638612747192383
8.551732063293457
8.489299774169922
8.453338623046875
8.442312240600586
8.456165313720703
8.497300148010254
8.568036079406738
8.677263259887695
8.823186874389648
0.503926694393158
0.4457847476005554
0.12687338888645172
0.23270097374916077
0.21308797597885132
0.1876543164253235
15.757591247558594
14.963519096374512
14.011270523071289
12.89186954498291
12.233162879943848
12.070239067077637
12.480587005615234
13.02273941040039
13.569547653198242
14.206897735595703
14.959427833557129
15.349474906921387
15.545636177062988
15.752782821655273
16.199628829956055
16.665782928466797
17.66776466369629
18.716575622558594
19.783693313598633
20.882675170898438
22.021549224853516
23.214632034301758
24.457332611083984
25.797883987426758
27.206430435180664
28.64398956298828
30.09166145324707
31.543275833129883
33.15766906738281
34.72657775878906
36.28288269042969
37.824310302734375
39.339805603027344
40.829322814941406
42.315391540527344
43.82191467285156
45.32082748413086
46.8099365234375
48.31983184814453
49.7867546081543
51.20003128051758
52.57013702392578
53.902183532714844
55.190616607666016
56.424556732177734
57.59797668457031
58.719337463378906
59.79368591308594
60.832923889160156
61.888916015625
62.91476821899414
63.884273529052734
64.81739044189453
65.7414779663086
66.64947509765625
67.54701232910156
68.43061065673828
69.35879516601562
70.25801849365234
71.11737060546875
