0.11351686716079712
0.12580184638500214
0.14374370872974396
0.15003234148025513
0.15208332240581512
0.15324996411800385
0.15422408282756805
0.1554911732673645
0.15660494565963745
0.15743376314640045
0.15821857750415802
0.15898539125919342
0.15968377888202667
0.16039510071277618
0.16118577122688293
0.16203954815864563
0.16286492347717285
0.1637016087770462
0.16466718912124634
0.16571524739265442
0.16682961583137512
0.16800850629806519
0.16926443576812744
0.17061938345432281
0.1721230447292328
0.17384487390518188
0.1758495718240738
0.17812791466712952
0.18061137199401855
0.18328140676021576
0.1861133724451065
0.1891367882490158
0.012470771558582783
0.009930557571351528
0.008897408843040466
0.008483641780912876
0.008252001367509365
0.008131240494549274
0.1562647521495819
0.1716974377632141
0.18306109309196472
0.1924012452363968
0.20074264705181122
0.20855750143527985
0.22064466774463654
0.23298735916614532
0.2457631379365921
0.25898703932762146
0.26200756430625916
0.25668278336524963
0.2516304850578308
0.2465137541294098
0.24126310646533966
0.23594707250595093
0.2306165248155594
0.22523647546768188
0.2198159247636795
0.2143905758857727
0.20897071063518524
0.20346255600452423
0.19765813648700714
0.1918371468782425
0.1861792653799057
0.1807655692100525
0.1755536049604416
0.17048920691013336
0.16552889347076416
0.1606348603963852
0.1557912528514862
0.15105180442333221
0.14647893607616425
0.14207011461257935
0.13781550526618958
0.13367860019207
0.12965251505374908
0.12573592364788055
0.12193473428487778
0.11823401600122452
0.11496860533952713
0.11203168332576752
0.10932870209217072
0.10672884434461594
0.10422016680240631
0.10178905725479126
0.0994282215833664
0.097130686044693
0.09492682665586472
0.09281131625175476
0.09074690192937851
0.08878383785486221
0.08697818219661713
0.08521434664726257
