0.037853773683309555
0.04069836065173149
0.045445915311574936
0.05070291832089424
0.05227823555469513
0.0527149997651577
0.052987609058618546
0.05328792333602905
0.05357424169778824
0.053780075162649155
0.05399252474308014
0.05422264337539673
0.054428741335868835
0.05463693290948868
0.05486224219202995
0.05507064610719681
0.055255528539419174
0.05542649328708649
0.05559083819389343
0.05576177313923836
0.05595291778445244
0.056191060692071915
0.0564851313829422
0.056841734796762466
0.057299721986055374
0.057807568460702896
0.05836625397205353
0.05899178236722946
0.05968288332223892
0.06043724715709686
0.06125050410628319
0.062122173607349396
0.0038188656326383352
0.0035598897375166416
0.003438715822994709
0.003372994950041175
0.0033342638052999973
0.0033098168205469847
0.05704011395573616
0.060015108436346054
0.061918534338474274
0.06343892961740494
0.06482088565826416
0.06616663187742233
0.06753219664096832
0.06893880665302277
0.0703950822353363
0.0718960389494896
0.07342837005853653
0.07498545199632645
0.07657264173030853
0.07819545269012451
0.0798618271946907
0.08162983506917953
0.08349433541297913
0.08537332713603973
0.08721400052309036
0.08867949992418289
0.0901438295841217
0.09164418280124664
0.09315214306116104
0.09466800093650818
0.09624642133712769
0.09831833094358444
0.10030369460582733
0.10230020433664322
0.10439427942037582
0.10675878077745438
0.10895552486181259
0.11104324460029602
0.11303728818893433
0.11493884027004242
0.11670999974012375
0.11835496872663498
0.11991381645202637
0.12144279479980469
0.11811131983995438
0.11480243504047394
0.11168862134218216
0.10863818228244781
0.10562124848365784
0.10263650864362717
0.09976693242788315
0.0970439538359642
0.09441041946411133
0.09186385571956635
0.08942534774541855
0.0871012806892395
0.0848839059472084
0.08275290578603745
0.08068720996379852
0.0786837637424469
