0.03707018867135048
0.03970201686024666
0.04397415742278099
0.048908788710832596
0.05092258006334305
0.05146656930446625
0.05171867460012436
0.051936328411102295
0.05218435823917389
0.05247236043214798
0.05272393301129341
0.05299720540642738
0.05328502133488655
0.05357474461197853
0.053849540650844574
0.0540926493704319
0.05430934950709343
0.05450886860489845
0.054764337837696075
0.05508221685886383
0.05543867498636246
0.05582023411989212
0.056247830390930176
0.05675073340535164
0.05735046789050102
0.05805233493447304
0.05886738747358322
0.0597936250269413
0.060814619064331055
0.06191876530647278
0.06307648122310638
0.0643099769949913
0.0038439033087342978
0.003586026607081294
0.0035362294875085354
0.0035240447614341974
0.003524984698742628
0.0035291912499815226
0.061541710048913956
0.06431300938129425
0.06593933701515198
0.06720460951328278
0.0684744343161583
0.06989625841379166
0.0714958980679512
0.07328230887651443
0.07530126720666885
0.07748472690582275
0.07978407293558121
0.08172905445098877
0.08364827930927277
0.08559485524892807
0.08757378906011581
0.08930185437202454
0.09105977416038513
0.0928601324558258
0.09467998147010803
0.09649249911308289
0.09909125417470932
0.10200321674346924
0.10480985045433044
0.10753583163022995
0.11022945493459702
0.11277013272047043
0.11522987484931946
0.11764093488454819
0.12000979483127594
0.12226764857769012
0.12427958101034164
0.12611502408981323
0.1277235746383667
0.12916243076324463
0.13042789697647095
0.1315072476863861
0.13240811228752136
0.13319838047027588
0.13389046490192413
0.1312403827905655
0.127531036734581
0.12412828952074051
0.12092083692550659
0.11787185817956924
0.11496391892433167
0.11218781769275665
0.1095259040594101
0.10698597878217697
0.10455314815044403
0.10220561176538467
0.09992977976799011
0.09771362692117691
0.09554041922092438
0.09339426457881927
