0.04252193123102188
0.055649567395448685
0.06149839237332344
0.06125539541244507
0.061177801340818405
0.06125831976532936
0.06135253235697746
0.06148168444633484
0.06175005063414574
0.06213817372918129
0.06257828325033188
0.06301949173212051
0.06340678781270981
0.0637403205037117
0.06409572809934616
0.0644611194729805
0.0648290365934372
0.06422747671604156
0.06363175064325333
0.06313122063875198
0.06266558170318604
0.062234170734882355
0.061817705631256104
0.06139601022005081
0.06094565615057945
0.060465533286333084
0.05995658412575722
0.05941641703248024
0.058843228965997696
0.0582365058362484
0.0575936995446682
0.05691322311758995
0.004257322754710913
0.003105466952547431
0.0029828439000993967
0.0029308381490409374
0.0028958481270819902
0.0028622581157833338
0.06743273138999939
0.06465611606836319
0.060250286012887955
0.057004477828741074
0.05511508882045746
0.05349365249276161
0.05205332860350609
0.05074363946914673
0.04947119578719139
0.048216529190540314
0.046944256871938705
0.04561927542090416
0.04424875229597092
0.042821433395147324
0.04138651862740517
0.039952509105205536
0.03870479390025139
0.03749467432498932
0.03631278872489929
0.035166315734386444
0.03403634950518608
0.032925382256507874
0.03183937445282936
0.030776841565966606
0.0297312643378973
0.028692815452814102
0.02769661508500576
0.026758374646306038
0.025879299268126488
0.02504999190568924
0.02426340989768505
0.023513421416282654
0.022794118151068687
0.022104883566498756
0.02143729291856289
0.02078465186059475
0.020155008882284164
0.019544567912817
0.018954185768961906
0.01837395876646042
0.01781594194471836
0.017282722517848015
0.0167741309851408
0.016294868662953377
0.01584305614233017
0.015439090318977833
0.015059227123856544
0.014700162224471569
0.014355123043060303
0.014016848988831043
0.013684213161468506
0.013357969000935555
0.013040185905992985
0.012734138406813145
0.01243805605918169
