0.00812369305640459
0.009653238579630852
0.010598763823509216
0.011000929400324821
0.01114903949201107
0.011241000145673752
0.011327183805406094
0.011422982439398766
0.01153962779790163
0.011708852834999561
0.011881148442626
0.012028709053993225
0.012171708047389984
0.012321898713707924
0.012498393654823303
0.012710271403193474
0.012968592345714569
0.013263772241771221
0.013592475093901157
0.013949488289654255
0.014305779710412025
0.014632667414844036
0.01498005073517561
0.015342778526246548
0.015718355774879456
0.016108881682157516
0.016516363248229027
0.016942502930760384
0.01738833263516426
0.017854470759630203
0.01834416203200817
0.0188595000654459
0.0010586113203316927
0.001012263703159988
0.0010026805102825165
0.0010009818943217397
0.0010002366034314036
0.0009989507962018251
0.01806671731173992
0.018606847152113914
0.01895771734416485
0.019463282078504562
0.019977407529950142
0.0205337293446064
0.02112848497927189
0.021732622757554054
0.022254742681980133
0.022821146994829178
0.023432793095707893
0.02406938187777996
0.02392200566828251
0.02322411723434925
0.02254982478916645
0.0218917615711689
0.021242380142211914
0.020597238093614578
0.01995658501982689
0.01932394877076149
0.018705526366829872
0.01810145191848278
0.017511526122689247
0.0169350765645504
0.01637166179716587
0.015822766348719597
0.015290928073227406
0.014773817732930183
0.014282017014920712
0.013815494254231453
0.013373812660574913
0.01295540388673544
0.01255640760064125
0.012175314128398895
0.011811109259724617
0.011462255381047726
0.011127526871860027
0.010806226171553135
0.010497510433197021
0.010200979188084602
0.009916359558701515
0.009643428027629852
0.00938169751316309
0.009130837395787239
0.008890536613762379
0.008660241961479187
0.008439885452389717
0.008228697814047337
0.00802573747932911
0.007830369286239147
0.0076421513222157955
0.00746071757748723
0.007285649888217449
0.007116454653441906
0.006952584255486727
