0.16847911477088928
0.19652040302753448
0.2062348872423172
0.20850111544132233
0.20994839072227478
0.21113580465316772
0.21244068443775177
0.21355892717838287
0.21441781520843506
0.21526651084423065
0.21633154153823853
0.21757885813713074
0.21857400238513947
0.21957913041114807
0.22047947347164154
0.22140967845916748
0.2223186492919922
0.2233082801103592
0.22443239390850067
0.22565162181854248
0.2271985560655594
0.22888867557048798
0.2306191474199295
0.23242102563381195
0.23437730967998505
0.23671475052833557
0.23954889178276062
0.24271483719348907
0.24608926475048065
0.24965809285640717
0.2535800337791443
0.2580198049545288
0.011714393272995949
0.011744658462703228
0.012088216841220856
0.012446772307157516
0.012810759246349335
0.013167615048587322
0.23663361370563507
0.2440229207277298
0.2514552175998688
0.2593708336353302
0.26798316836357117
0.277292400598526
0.29438260197639465
0.31535443663597107
0.3379763662815094
0.361691951751709
0.36181747913360596
0.3547574579715729
0.34771883487701416
0.34075936675071716
0.33375680446624756
0.3266063332557678
0.31932660937309265
0.3119209110736847
0.3044202923774719
0.29688236117362976
0.28933826088905334
0.2810894846916199
0.27301034331321716
0.2650707960128784
0.2572988271713257
0.24985221028327942
0.2425524890422821
0.2353903204202652
0.2283766120672226
0.22152507305145264
0.2149311751127243
0.2086358517408371
0.20261837542057037
0.19689364731311798
0.1914445012807846
0.18623629212379456
0.18124133348464966
0.1764274388551712
0.17176657915115356
0.1672656387090683
0.1631159633398056
0.15929195284843445
0.1556926965713501
0.15227556228637695
0.14902134239673615
0.14591780304908752
0.14294783771038055
0.1401078850030899
0.13738597929477692
0.13476602733135223
0.13222607970237732
0.1297440379858017
0.12728464603424072
0.12490878999233246
