0.16847065091133118
0.1984696090221405
0.2048119157552719
0.20751897990703583
0.20875093340873718
0.20977219939231873
0.2107958048582077
0.211665078997612
0.2124582827091217
0.2131011039018631
0.21382121741771698
0.21466435492038727
0.21552129089832306
0.21659375727176666
0.21773919463157654
0.21874938905239105
0.21980728209018707
0.22100883722305298
0.22231949865818024
0.2240135371685028
0.22599948942661285
0.22841231524944305
0.23127354681491852
0.23468363285064697
0.2384738326072693
0.24249489605426788
0.2467515915632248
0.25136175751686096
0.25636026263237
0.26169389486312866
0.26741287112236023
0.2735932469367981
0.014237497001886368
0.01471850648522377
0.014862483367323875
0.014845108613371849
0.014755950309336185
0.014659678563475609
0.25299546122550964
0.25648942589759827
0.2597365975379944
0.2666384279727936
0.2750796973705292
0.28985169529914856
0.31236809492111206
0.33869391679763794
0.36139124631881714
0.35325518250465393
0.34431764483451843
0.33537057042121887
0.32625189423561096
0.31698715686798096
0.3076111376285553
0.29820650815963745
0.28888416290283203
0.2797127664089203
0.27018263936042786
0.2609228193759918
0.2521411180496216
0.24373316764831543
0.2356695532798767
0.22787363827228546
0.22033429145812988
0.2130182385444641
0.20590846240520477
0.19905056059360504
0.19244152307510376
0.18598487973213196
0.1798369437456131
0.17404669523239136
0.16851887106895447
0.16320262849330902
0.15805117785930634
0.15307296812534332
0.1483512818813324
0.14384014904499054
0.13951081037521362
0.13556185364723206
0.1319085657596588
0.12843075394630432
0.1250699758529663
0.1218080148100853
0.11867419630289078
0.11556129157543182
0.11243107914924622
0.10933209955692291
0.10633445531129837
0.10334565490484238
0.10033776611089706
0.09724786132574081
0.09406255185604095
0.09150678664445877
0.0890657901763916
