0.021846113726496696
0.024542659521102905
0.028671791777014732
0.030523620545864105
0.03115992620587349
0.031443189829587936
0.031566355377435684
0.03173206374049187
0.03195571154356003
0.032157961279153824
0.03230562433600426
0.03241698443889618
0.0325208380818367
0.03263729810714722
0.03277648240327835
0.03292618319392204
0.0330781415104866
0.033243097364902496
0.03347604349255562
0.033776890486478806
0.034156691282987595
0.034617938101291656
0.035140592604875565
0.03571302443742752
0.036331407725811005
0.03699313849210739
0.037691380828619
0.03842019662261009
0.03917520493268967
0.03996576368808746
0.040801264345645905
0.04168654978275299
0.0026642349548637867
0.0022013967391103506
0.002024266868829727
0.001966615207493305
0.001963732996955514
0.001986972289159894
0.03919054940342903
0.041822243481874466
0.043423522263765335
0.04500989615917206
0.045895595103502274
0.04659426212310791
0.047367870807647705
0.04830335080623627
0.049318160861730576
0.050408169627189636
0.05160342901945114
0.05288850888609886
0.054260678589344025
0.05564398318529129
0.054164424538612366
0.052554093301296234
0.05102239176630974
0.049539439380168915
0.048084937036037445
0.04667066037654877
0.04530475661158562
0.04396488517522812
0.04264868423342705
0.04136429727077484
0.04010072350502014
0.038854971528053284
0.03764147311449051
0.036475490778684616
0.03535153344273567
0.03426820784807205
0.03324705362319946
0.03227388858795166
0.03132448345422745
0.030402347445487976
0.029509054496884346
0.028642790392041206
0.027803082019090652
0.026991253718733788
0.026204613968729973
0.02544141747057438
0.02470448613166809
0.02399340830743313
0.023307714611291885
0.02264835312962532
0.022019825875759125
0.021421536803245544
0.02085091732442379
0.020304016768932343
0.019777391105890274
0.01926797442138195
0.018773101270198822
0.01829342544078827
0.017831865698099136
0.01738978736102581
0.016966715455055237
