0.18038825690746307
0.17903587222099304
0.19602474570274353
0.22220611572265625
0.24611537158489227
0.2527812719345093
0.25803613662719727
0.261199027299881
0.2633764445781708
0.26547136902809143
0.2674519419670105
0.26927515864372253
0.27080968022346497
0.27235177159309387
0.27370360493659973
0.274819940328598
0.27581489086151123
0.2768895626068115
0.27783459424972534
0.27926474809646606
0.28046417236328125
0.28135111927986145
0.2821854054927826
0.2834681272506714
0.2853851914405823
0.2876708209514618
0.290201336145401
0.29346680641174316
0.30151742696762085
0.31065303087234497
0.3208167552947998
0.3325852155685425
0.025667525827884674
0.025511695072054863
0.025406435132026672
0.025244884192943573
0.02506478875875473
0.024427786469459534
0.2688959538936615
0.29588940739631653
0.3130147159099579
0.33910825848579407
0.36267003417015076
0.3847709596157074
0.4066445529460907
0.4286186993122101
0.45030221343040466
0.47184687852859497
0.49632322788238525
0.5249684453010559
0.5627108216285706
0.7215737104415894
1.0795106887817383
1.6431055068969727
42.694664001464844
71.88182830810547
93.20720672607422
110.80516052246094
126.72197723388672
142.7852783203125
159.3732452392578
175.1605987548828
189.84230041503906
203.7183380126953
211.4046630859375
215.62168884277344
218.87423706054688
222.3428192138672
225.5950927734375
228.26040649414062
230.08834838867188
231.1836700439453
232.19854736328125
233.3057861328125
234.3259735107422
235.2245635986328
235.91744995117188
235.05555725097656
233.90744018554688
232.85205078125
231.93142700195312
231.14834594726562
230.45603942871094
229.7971649169922
229.13873291015625
228.45901489257812
227.7687225341797
227.0781707763672
226.41786193847656
225.76708984375
225.0931396484375
224.39425659179688
223.65196228027344
