19.108572006225586
18.472742080688477
16.366605758666992
13.957401275634766
12.293198585510254
11.209575653076172
10.482685089111328
9.988696098327637
9.659269332885742
9.45645809173584
9.348917007446289
9.325031280517578
9.379098892211914
9.511013984680176
9.717348098754883
10.001965522766113
10.375434875488281
10.83342170715332
11.3724365234375
11.988659858703613
12.680218696594238
13.523382186889648
14.551288604736328
15.7240629196167
17.02973175048828
18.429115295410156
19.878000259399414
21.340341567993164
22.783859252929688
24.22923469543457
25.736223220825195
27.284147262573242
7.0459794998168945
5.92263650894165
5.5650248527526855
5.628575325012207
5.844535827636719
6.117525100708008
40.29499435424805
40.79362487792969
38.27432632446289
38.632877349853516
39.31380081176758
40.2328987121582
41.20474624633789
42.17304992675781
42.68301010131836
43.243438720703125
44.37588882446289
45.54719924926758
46.70873260498047
47.861324310302734
49.04340362548828
50.099891662597656
51.03885269165039
51.8630485534668
52.57325744628906
53.137481689453125
53.516719818115234
53.74141311645508
53.80980682373047
53.72246170043945
53.51280212402344
53.223548889160156
52.89897155761719
52.57059097290039
52.2450065612793
51.92052459716797
51.5898323059082
51.23905944824219
50.8636589050293
50.47718048095703
50.089210510253906
49.69111251831055
49.29796600341797
48.919403076171875
48.56033706665039
48.222957611083984
47.91004943847656
47.62397003173828
47.3659782409668
47.135494232177734
46.93216323852539
46.75460433959961
46.616024017333984
46.53453826904297
46.4653434753418
46.41069412231445
46.369422912597656
46.343727111816406
46.333885192871094
46.33798599243164
46.35187530517578
46.37379455566406
