0.09462673217058182
0.10658537596464157
0.12055698782205582
0.12649841606616974
0.13117602467536926
0.13878467679023743
0.14250725507736206
0.14433377981185913
0.14561276137828827
0.14663396775722504
0.14735840260982513
0.14790615439414978
0.1484469473361969
0.1490391194820404
0.1497463434934616
0.15047532320022583
0.1512261927127838
0.15203857421875
0.15287743508815765
0.15374226868152618
0.15471164882183075
0.15589497983455658
0.1572679728269577
0.1589374989271164
0.16151700913906097
0.16456566751003265
0.16803577542304993
0.1719227433204651
0.1761683225631714
0.180563285946846
0.18506170809268951
0.18976370990276337
0.1947745978832245
0.025587156414985657
0.019711310043931007
0.016905395314097404
0.013468004763126373
0.011423186399042606
0.010490337386727333
0.009988756850361824
0.148459330201149
0.16050206124782562
0.168998584151268
0.18269295990467072
0.19395680725574493
0.20404593646526337
0.21421852707862854
0.22476071119308472
0.23596741259098053
0.25005578994750977
0.26980236172676086
0.28942880034446716
0.31228068470954895
0.33920544385910034
0.37028250098228455
0.3639064133167267
0.3496348559856415
0.3373669683933258
0.32630786299705505
0.3176032602787018
0.3106188178062439
0.3049183189868927
0.3003515899181366
0.2968173325061798
0.29412418603897095
0.2914733290672302
0.2890937626361847
0.28735584020614624
0.2864387333393097
0.2862006723880768
0.2870844602584839
0.28867167234420776
0.2908083200454712
0.29369333386421204
0.29706868529319763
1.2960188388824463
3.8844552040100098
5.870471000671387
7.407747745513916
8.73863410949707
9.792890548706055
10.597270965576172
11.217813491821289
11.701820373535156
12.093378067016602
12.41796588897705
12.690401077270508
12.918712615966797
13.105438232421875
13.254302024841309
13.369431495666504
13.478622436523438
13.57701301574707
13.652140617370605
13.712167739868164
