0.505013108253479
0.9523929953575134
0.9724717736244202
0.9734542965888977
0.9899066090583801
1.00935697555542
1.0285176038742065
1.0449227094650269
1.059460163116455
1.0742982625961304
1.091102957725525
1.110754132270813
1.1319894790649414
1.1543835401535034
1.1817762851715088
1.2091319561004639
1.237663984298706
1.2711927890777588
1.3121908903121948
1.3582794666290283
1.4120151996612549
1.467844843864441
1.5321619510650635
1.6172266006469727
1.7379244565963745
1.8979332447052002
2.1012141704559326
2.118896007537842
2.1347341537475586
2.209061861038208
3.2923288345336914
5.275902271270752
0.12225478887557983
0.14318019151687622
0.26515623927116394
0.38180598616600037
0.43770840764045715
0.4654324948787689
0.4839223325252533
9.647199630737305
11.219869613647461
12.455545425415039
15.6133394241333
18.950584411621094
21.948715209960938
24.9954891204834
28.210447311401367
32.05342102050781
36.174007415771484
40.4608268737793
44.92454528808594
49.25494384765625
53.29600524902344
57.224098205566406
61.00082015991211
64.58031463623047
67.98692321777344
71.2324447631836
74.23568725585938
76.89908599853516
79.1795425415039
81.22541809082031
83.06265258789062
84.73856353759766
86.33570861816406
87.79490661621094
89.12354278564453
90.28865814208984
91.30921936035156
92.22742462158203
93.01470947265625
93.71192169189453
94.30762481689453
94.79031372070312
95.15287780761719
95.31246185302734
95.43873596191406
95.59840393066406
95.66734313964844
95.70219421386719
95.72445678710938
95.69314575195312
95.6082763671875
95.49752807617188
95.38047790527344
95.27388763427734
95.18136596679688
95.10830688476562
95.02665710449219
94.938232421875
94.7588882446289
94.59690856933594
94.48351287841797
94.39781951904297
94.3545913696289
