0.04532809928059578
0.05337006226181984
0.05482080206274986
0.05577588453888893
0.05637691169977188
0.056903380900621414
0.05738573893904686
0.05764739215373993
0.05781536176800728
0.05800819396972656
0.058188728988170624
0.058333855122327805
0.058497991412878036
0.058709003031253815
0.05897345766425133
0.059231843799352646
0.05948488414287567
0.05977633595466614
0.06012541055679321
0.060671061277389526
0.06139907240867615
0.06228753179311752
0.06326315551996231
0.06434040516614914
0.06549277901649475
0.06670983880758286
0.06798283010721207
0.06928473711013794
0.07059783488512039
0.07192129641771317
0.07325954735279083
0.07464632391929626
0.004249178804457188
0.004235231317579746
0.004207600373774767
0.004153159912675619
0.004103254526853561
0.004054514691233635
0.00401379493996501
0.06909248977899551
0.07112696766853333
0.07258179783821106
0.07519359141588211
0.07760008424520493
0.07997496426105499
0.08235851675271988
0.08474207669496536
0.08716314285993576
0.08965978026390076
0.0921735167503357
0.09401290118694305
0.09572554379701614
0.09753574430942535
0.09929142892360687
0.10107573121786118
0.10336998850107193
0.10624291002750397
0.10903238505125046
0.1119152307510376
0.11493566632270813
0.11808596551418304
0.12129645049571991
0.12354571372270584
0.1187615841627121
0.11441812664270401
0.11029428243637085
0.10645435750484467
0.10281296819448471
0.09926789253950119
0.09584099054336548
0.09247497469186783
0.08921685069799423
0.08605431765317917
0.08300017565488815
0.08006342500448227
0.07861717790365219
0.07719261944293976
0.0744062066078186
0.07172841578722
0.06924474239349365
0.06690208613872528
0.06475051492452621
0.0627785325050354
0.060875069350004196
0.0589619055390358
0.05705971643328667
0.05519051104784012
0.053337834775447845
0.0514945462346077
0.04964680224657059
0.047823574393987656
0.04609408602118492
0.044406190514564514
0.04280739650130272
0.041279781609773636
