-0.0
-0.0
-0.0
-0.0
-0.0
-0.0
-0.0
-0.0
-0.0
-0.0
-0.0
-0.0
-0.0
-0.0
-0.0
-0.0
-0.0
-0.0
-0.0
-0.0
-0.0
-0.0
-0.0
-0.0
-0.0
-0.0
-0.0
-0.0
-0.0
-0.0
-0.0
-0.0
-0.0
-0.0
-0.0
-0.0
-0.0
-0.0
-0.0
-0.0
-0.0
-0.0
-0.0
-0.0
-0.0
-0.0
-0.0
-0.0
-0.0
-0.0
-0.0
-0.0
-0.0
-0.0
-0.0
-0.0
-0.0
-0.0
-0.0
-0.0
-0.0
-0.0
-0.0
-0.0
-0.0
-0.0
-0.0
-0.0
-0.0
-0.0
-0.0
-0.0
-0.0
-0.0
-0.0
-0.0
-0.0
-0.0
6.983385958392319e-08
1.0599499091767939e-06
1.95317147699825e-06
2.7593541744863614e-06
3.479157612673589e-06
4.1211224015569314e-06
4.694356903200969e-06
5.20678304383182e-06
5.662800049321959e-06
6.067858521419112e-06
6.441782716137823e-06
6.769278115825728e-06
7.054189609334571e-06
7.301262940018205e-06
7.514517619711114e-06
7.697057299083099e-06
7.852296221244615e-06
