19.08664894104004
18.401885986328125
16.25412368774414
13.842360496520996
12.191107749938965
11.142387390136719
10.457467079162598
9.998543739318848
9.692254066467285
9.500782012939453
9.407549858093262
9.410370826721191
9.485434532165527
9.628432273864746
9.854965209960938
10.178281784057617
10.623075485229492
11.1926908493042
11.886813163757324
12.747055053710938
13.727296829223633
14.810532569885254
15.993865966796875
17.25716209411621
18.56646156311035
19.90260887145996
21.24993324279785
22.614761352539062
24.002159118652344
25.476573944091797
27.100399017333984
28.79116439819336
6.83530330657959
5.812420845031738
5.622192859649658
5.8263840675354
6.123117446899414
6.488146781921387
43.82500076293945
42.2398681640625
40.565269470214844
41.1558837890625
42.05662536621094
43.042335510253906
44.00385284423828
44.956180572509766
45.92219161987305
46.90918731689453
47.91264343261719
48.97037124633789
50.10222244262695
51.2120475769043
52.284698486328125
53.331581115722656
54.35743713378906
55.375
56.426612854003906
57.50716018676758
58.600486755371094
59.65755844116211
60.68154525756836
61.61640930175781
62.419158935546875
63.0909423828125
63.615779876708984
63.98343276977539
64.18643951416016
64.236083984375
64.16585540771484
64.02620697021484
63.83525466918945
63.58531951904297
63.281517028808594
62.95063400268555
62.65764236450195
62.36546325683594
62.05115509033203
61.71293640136719
61.35138702392578
60.96469497680664
60.5557975769043
60.13358688354492
59.706241607666016
59.28206253051758
58.87097930908203
58.481224060058594
58.11783981323242
57.782100677490234
57.47565460205078
57.19882583618164
56.95035934448242
56.72943878173828
