0.03708397224545479
0.03957517817616463
0.04335888847708702
0.047092314809560776
0.05031786859035492
0.0512656532227993
0.05154005438089371
0.05170690640807152
0.05186381936073303
0.05208594724535942
0.05246678739786148
0.05282909423112869
0.053167033940553665
0.053514156490564346
0.053904712200164795
0.05433577299118042
0.05482330545783043
0.05538509041070938
0.0560641810297966
0.05686629191040993
0.057773977518081665
0.058766696602106094
0.05982799455523491
0.06094038113951683
0.06209603697061539
0.06329512596130371
0.0645635798573494
0.06588675081729889
0.06725853681564331
0.06863929331302643
0.0700232982635498
0.07140878587961197
0.004144460894167423
0.003937749192118645
0.0038834342267364264
0.003855378832668066
0.0038329267408698797
0.003810248104855418
0.06559630483388901
0.06693016737699509
0.06731274724006653
0.06838854402303696
0.06964807957410812
0.07115422189235687
0.07291579991579056
0.07493221014738083
0.07708607614040375
0.07928244024515152
0.08144064992666245
0.08341207355260849
0.08545787632465363
0.08766858279705048
0.08962453901767731
0.09134601801633835
0.0928976833820343
0.09430138766765594
0.09555193781852722
0.09665001183748245
0.09764305502176285
0.09885860234498978
0.10030066221952438
0.10214535892009735
0.10414066910743713
0.10642930865287781
0.10874202847480774
0.11101827770471573
0.11330009996891022
0.11576435714960098
0.11852411925792694
0.12154106795787811
0.12482672184705734
0.12821878492832184
0.13171273469924927
0.13490940630435944
0.13216130435466766
0.129429891705513
0.12698642909526825
0.12478264421224594
0.1228143498301506
0.12093973159790039
0.11908207088708878
0.1171443909406662
0.11540961265563965
0.11405371129512787
0.11297189444303513
0.11199349910020828
0.11106810718774796
0.13203799724578857
0.5852933526039124
0.9506612420082092
1.260142207145691
1.581765055656433
1.8907697200775146
