0.042789243161678314
0.05496124178171158
0.0613013319671154
0.06125539541244507
0.0611998625099659
0.06136220693588257
0.06148661673069
0.06167525798082352
0.062057457864284515
0.06257503479719162
0.06310448795557022
0.06355319172143936
0.06391182541847229
0.06427596509456635
0.06468897312879562
0.06519420444965363
0.06479240208864212
0.06412091851234436
0.06356383860111237
0.06307234615087509
0.06262640655040741
0.062202464789152145
0.06177335977554321
0.06131754070520401
0.06083083152770996
0.060312412679195404
0.05975861847400665
0.05916989967226982
0.05854811519384384
0.057893797755241394
0.05720780789852142
0.056490831077098846
0.004155964590609074
0.0029420910868793726
0.0028620671946555376
0.0028419666923582554
0.002839733613654971
0.002847885712981224
0.06784138828516006
0.06326314806938171
0.060222916305065155
0.05682304874062538
0.054768674075603485
0.053111519664525986
0.051724858582019806
0.05043672025203705
0.04917876422405243
0.04795781150460243
0.04675288498401642
0.04550753906369209
0.044209353625774384
0.04286991059780121
0.04150151461362839
0.040182121098041534
0.03903757408261299
0.037922486662864685
0.0368264839053154
0.0357552245259285
0.03467128053307533
0.03357387334108353
0.032474543899297714
0.031380780041217804
0.030302248895168304
0.029257670044898987
0.02825736626982689
0.027302904054522514
0.026385946199297905
0.025533417239785194
0.02474352717399597
0.02400386333465576
0.023307647556066513
0.022649986669421196
0.022028276696801186
0.021437451243400574
0.020870959386229515
0.02032356709241867
0.019789330661296844
0.0192674919962883
0.018760357052087784
0.018268870189785957
0.01779388263821602
0.01733766309916973
0.01689869724214077
0.016475729644298553
0.01606736332178116
0.015673425048589706
0.015296945348381996
0.014933962374925613
0.014582298696041107
0.014240683056414127
0.013907096348702908
0.01357863936573267
0.01325543038547039
