1500.0
1500.0
1500.0
1500.0
1500.0
1500.0
1500.0
1500.0
1500.0
1500.0
1500.0
1500.0
1500.0
1500.0
1500.0
1500.0
1500.0
1500.0
1500.0
1500.0
1500.0
1500.0
1500.0
1500.0
1500.0
1500.0
1500.0
1500.0
1500.0
1500.0
1500.0
1500.0
100.0
100.0
100.0
100.0
100.0
100.0
1500.0
1500.0
1500.0
1500.0
1500.0
1500.0
1500.0
1500.0
1500.0
1500.0
1500.0
1445.814453125
1359.7833251953125
1282.663330078125
1211.200927734375
1143.2410888671875
1079.605224609375
1019.5235595703125
962.0831909179688
907.2473754882812
856.8806762695312
811.070068359375
769.1386108398438
730.4170532226562
694.5148315429688
661.1597900390625
629.8837280273438
600.3557739257812
572.6928100585938
546.9102172851562
522.552734375
499.217041015625
476.7145080566406
454.8193359375
433.9081726074219
414.58599853515625
396.9678649902344
380.5455017089844
364.7397155761719
349.41259765625
334.1516418457031
318.66839599609375
305.3074951171875
293.4144287109375
282.27056884765625
272.0206604003906
262.6957092285156
254.03306579589844
245.81248474121094
237.84384155273438
230.35317993164062
223.59230041503906
217.36068725585938
211.68792724609375
