0.04153060540556908
0.04521970823407173
0.051935452967882156
0.055293019860982895
0.05608247220516205
0.056360457092523575
0.056679364293813705
0.05706987902522087
0.05748134106397629
0.0577562153339386
0.05796053633093834
0.05812610313296318
0.05828347057104111
0.058443255722522736
0.0586361289024353
0.058799516409635544
0.058933135122060776
0.05906073376536369
0.059221379458904266
0.059423673897981644
0.05966251716017723
0.05995364114642143
0.06031985208392143
0.06078140437602997
0.06132371351122856
0.06190548464655876
0.06253258883953094
0.06322513520717621
0.06399104744195938
0.06485451757907867
0.06580950319766998
0.06684160977602005
0.003325599478557706
0.0031057524029165506
0.0030386033467948437
0.002995302900671959
0.0029589056503027678
0.0029250159859657288
0.059696849435567856
0.0638868659734726
0.06609189510345459
0.0679098442196846
0.06959746778011322
0.07120875269174576
0.07277092337608337
0.07430747151374817
0.07585781067609787
0.07743994891643524
0.0790497362613678
0.08071058243513107
0.08244109153747559
0.08428987115621567
0.08618541061878204
0.08810113370418549
0.0900144949555397
0.09189261496067047
0.09339720010757446
0.094648577272892
0.09586095809936523
0.09708381444215775
0.09821483492851257
0.09926638007164001
0.10030373185873032
0.10127998888492584
0.10228130966424942
0.10399282723665237
0.10569243878126144
0.10724140703678131
0.10920682549476624
0.1118374615907669
0.11412953585386276
0.11592106521129608
0.11706652492284775
0.11876602470874786
0.11371038109064102
0.10731115192174911
0.1014319583773613
0.09702073037624359
0.09314033389091492
0.08969759941101074
0.08622820675373077
0.08271607011556625
0.079084113240242
0.07532577961683273
0.07139571756124496
0.06742092967033386
0.06319120526313782
0.05885077267885208
0.056298788636922836
0.05713297054171562
0.06032349541783333
0.07451518625020981
0.10950346291065216
