1500.0
1500.0
1500.0
1499.999755859375
1500.0001220703125
1500.0
1500.0
1500.0
1499.9998779296875
1499.999755859375
1499.9993896484375
1500.0
1499.999755859375
1500.0
1500.0
1499.99951171875
1499.9996337890625
1500.0
1500.0
1499.9993896484375
1499.9989013671875
1499.9993896484375
1500.0
1499.9991455078125
1500.0
1500.0
1499.9959716796875
1499.9954833984375
1500.0
1499.999267578125
1500.0
1500.0
99.8373794555664
100.0
100.0
100.0
100.0
100.0
1500.0
1500.0
1500.0
1500.0
1500.0
1500.0
1500.0
1500.0
1500.0
1500.0
1500.0
1500.0
1500.0
1500.0
1489.681884765625
1447.6146240234375
1410.5098876953125
1374.248046875
1337.922119140625
1301.7918701171875
1265.2608642578125
1228.9239501953125
1193.4603271484375
1158.5767822265625
1123.9605712890625
1089.558349609375
1055.64892578125
1022.7245483398438
991.343994140625
961.0891723632812
932.0808715820312
904.2955322265625
877.5150756835938
851.8155517578125
826.7652587890625
802.3717041015625
778.681640625
755.7728271484375
733.7042236328125
712.5223999023438
692.2154541015625
672.7750244140625
654.1341552734375
636.4378662109375
619.5403442382812
603.4345092773438
588.021728515625
573.2315673828125
558.9854125976562
545.279296875
532.0651245117188
519.4110717773438
507.29241943359375
495.6732482910156
