1500.0
1451.318603515625
1055.022216796875
965.5170288085938
926.8479614257812
895.2064819335938
867.9239501953125
841.7454223632812
816.0345458984375
797.1033325195312
780.9127197265625
765.048828125
748.880126953125
732.4866333007812
717.578369140625
703.9545288085938
689.8583984375
674.4137573242188
657.78076171875
641.2610473632812
624.8055419921875
608.1089477539062
590.683349609375
573.1575317382812
555.5061645507812
538.287353515625
521.5996704101562
505.39642333984375
489.0881042480469
472.3378601074219
455.20770263671875
441.4678039550781
100.0
100.0
100.0
100.0
100.0
100.0
698.0474243164062
507.2626953125
441.2042236328125
400.66571044921875
384.0611267089844
372.6126708984375
363.4039306640625
355.1148681640625
347.526123046875
340.372314453125
333.3714599609375
326.3189697265625
319.1747131347656
311.8552551269531
304.607666015625
297.69781494140625
290.8374328613281
284.02215576171875
277.2970275878906
270.6229553222656
264.0379943847656
257.4821472167969
250.91676330566406
244.38778686523438
237.95518493652344
231.65597534179688
225.50184631347656
219.43984985351562
213.46160888671875
207.58331298828125
202.05844116210938
196.604736328125
191.26258850097656
186.08230590820312
181.07122802734375
176.21673583984375
171.55072021484375
167.07081604003906
162.74070739746094
158.5543975830078
154.5133819580078
150.62384033203125
146.88739013671875
143.30824279785156
139.88104248046875
136.59957885742188
133.45928955078125
130.4364776611328
127.52204132080078
124.71288299560547
122.01487731933594
119.43677520751953
116.98213195800781
114.61058807373047
