0.03703383356332779
0.03825413063168526
0.04157561436295509
0.044707395136356354
0.04725535586476326
0.049597546458244324
0.050969913601875305
0.0513187013566494
0.05156196281313896
0.05171939730644226
0.051825545728206635
0.051909297704696655
0.05201015993952751
0.052197180688381195
0.05250006914138794
0.05278416723012924
0.053038984537124634
0.053268447518348694
0.05347173288464546
0.053660646080970764
0.05385517701506615
0.054058291018009186
0.054287493228912354
0.054553937166929245
0.05487724393606186
0.05526543781161308
0.05569363012909889
0.05614462494850159
0.05663927271962166
0.057188067585229874
0.05778525769710541
0.058426808565855026
0.003571392735466361
0.00326846563257277
0.003176915692165494
0.0031272803898900747
0.0030909753404557705
0.0030605418141931295
0.05463259294629097
0.0571078360080719
0.058255016803741455
0.059214331209659576
0.06017860397696495
0.06117468327283859
0.06220541149377823
0.06329025328159332
0.06442515552043915
0.06562362611293793
0.06684741377830505
0.06810358166694641
0.06939291208982468
0.07070883363485336
0.07205092906951904
0.07345976680517197
0.07494807243347168
0.076465904712677
0.07801070809364319
0.07961376756429672
0.0809585377573967
0.08227208256721497
0.08363990485668182
0.08507329970598221
0.08658318221569061
0.08810808509588242
0.08953269571065903
0.09077461808919907
0.09197663515806198
0.09314426779747009
0.09429367631673813
0.09539321064949036
0.09667908400297165
0.09804745018482208
0.0993402823805809
0.10052014142274857
0.10161096602678299
0.10276263952255249
0.10395365953445435
0.10503660142421722
0.10599245876073837
0.10681028664112091
0.10747373849153519
0.1080433651804924
0.10852370411157608
0.10897281020879745
0.10947443544864655
0.10998890548944473
0.11051220446825027
0.11106310784816742
0.11162015050649643
0.1121702566742897
0.11268489062786102
0.11312954872846603
