2080.68359375
2054.84765625
2029.46142578125
2010.70947265625
2017.208740234375
2037.3458251953125
2027.8629150390625
2028.68359375
2026.835205078125
2034.3316650390625
2038.337158203125
2049.474609375
2086.45751953125
2122.945068359375
2148.06298828125
2171.056396484375
2197.197509765625
2228.314208984375
2265.407958984375
2318.056640625
2387.23388671875
2478.595947265625
2594.234619140625
2730.574462890625
2883.568115234375
3049.84765625
3227.412841796875
3413.6708984375
3605.988037109375
3805.974853515625
4013.854248046875
4230.265625
175.3626251220703
178.08303833007812
187.82781982421875
196.5668487548828
203.50636291503906
209.0667724609375
4538.86767578125
4848.39892578125
4961.748046875
5035.8330078125
5136.77197265625
5282.4541015625
5469.890625
5693.08984375
5943.607421875
6214.8359375
6504.8828125
6818.6533203125
7157.830078125
7542.24853515625
7955.2275390625
8356.9833984375
8785.478515625
9203.4208984375
9605.8720703125
10003.6162109375
10394.68359375
10779.708984375
11159.935546875
11531.7197265625
11888.7548828125
12232.890625
12564.021484375
12880.396484375
13178.8193359375
13458.8818359375
13720.2099609375
13962.341796875
14184.38671875
14384.5390625
14561.513671875
14714.638671875
14845.1923828125
14954.3779296875
15042.021484375
15109.279296875
15160.6171875
15187.7978515625
15195.6640625
15201.4150390625
15195.951171875
15172.673828125
15123.4990234375
14568.23828125
14080.0400390625
13626.5849609375
13196.9814453125
12786.6142578125
12392.724609375
12013.4951171875
11647.69140625
