2049.562255859375
2011.4969482421875
2077.4267578125
2066.79052734375
2097.383544921875
2129.00537109375
2150.63623046875
2151.4892578125
2169.361083984375
2172.0830078125
2164.91650390625
2169.9453125
2182.667236328125
2193.046142578125
2206.577392578125
2224.730224609375
2247.47705078125
2267.69384765625
2283.92578125
2300.50732421875
2318.550048828125
2335.774169921875
2354.71142578125
2374.773193359375
2394.601806640625
2415.780517578125
2445.602783203125
2481.268798828125
2526.486572265625
2587.52490234375
2661.761962890625
2743.66259765625
118.9580078125
118.103515625
117.94763946533203
117.92398834228516
118.15641784667969
118.72966003417969
1722.8875732421875
2002.0172119140625
2378.077392578125
2756.09228515625
3046.358642578125
3270.282470703125
3453.93017578125
3616.501708984375
3766.727783203125
3916.16650390625
4068.0234375
4226.83935546875
4394.59326171875
4575.73681640625
4760.595703125
4949.2216796875
5152.89111328125
5359.8046875
5579.30419921875
5793.5693359375
6012.29345703125
6166.5986328125
6324.57373046875
6500.3310546875
6663.376953125
6288.193359375
5994.97607421875
5738.92431640625
5500.31396484375
5273.232421875
5085.83154296875
4902.8681640625
4728.53515625
4573.1279296875
4425.470703125
4278.072265625
4128.95556640625
3973.2001953125
3812.743896484375
3651.876708984375
3497.852783203125
3348.418701171875
3209.792724609375
3087.017333984375
2960.286865234375
2825.595458984375
2699.06494140625
2569.89453125
2429.927734375
2278.0390625
2149.425048828125
2062.18359375
1996.4765625
1930.5709228515625
