2080.5458984375
2053.713134765625
2027.3409423828125
2007.8140869140625
1998.6280517578125
2045.4483642578125
2043.0234375
2032.485595703125
2029.5196533203125
2047.0753173828125
2069.675048828125
2105.619140625
2147.04345703125
2181.092529296875
2207.405029296875
2234.28515625
2270.620361328125
2334.651611328125
2427.783447265625
2542.8837890625
2675.491455078125
2820.293701171875
2973.91455078125
3135.283447265625
3303.41259765625
3478.773681640625
3660.230712890625
3849.603515625
4046.593994140625
4252.02099609375
4466.568359375
4691.62451171875
194.77633666992188
189.0957794189453
195.88442993164062
203.4939727783203
210.0104522705078
215.3485870361328
4905.89306640625
5232.83203125
5429.00927734375
5633.12548828125
5793.283203125
5970.4130859375
6185.1025390625
6457.484375
6768.57421875
7108.85009765625
7512.205078125
7969.48291015625
8434.7255859375
8912.9130859375
9412.3173828125
9938.0
10497.9599609375
11048.982421875
11589.248046875
12117.43359375
12629.7421875
13122.802734375
13591.34375
14032.048828125
14445.7236328125
14832.6796875
15193.02734375
15526.6787109375
15834.373046875
16117.0888671875
16369.7314453125
16593.568359375
16785.6171875
16944.546875
17072.619140625
17166.232421875
16892.583984375
16259.3271484375
15689.9326171875
15152.2607421875
14638.078125
14144.734375
13671.15234375
13216.5185546875
12779.74609375
12359.2275390625
11953.568359375
11561.537109375
11182.451171875
10816.087890625
10461.6962890625
10118.3984375
9785.2763671875
9461.59375
9146.861328125
