2085.0
2066.181884765625
2032.2222900390625
2005.36572265625
2019.147705078125
2101.755859375
2088.525634765625
2078.09228515625
2072.2783203125
2069.669921875
2071.0341796875
2072.19189453125
2079.875
2098.993896484375
2084.66845703125
2021.715576171875
1965.8966064453125
1927.142333984375
1906.328857421875
1887.753662109375
1868.710693359375
1846.3389892578125
1822.4171142578125
1798.3980712890625
1778.0911865234375
1764.3463134765625
1753.6826171875
1745.556640625
1739.07177734375
1734.0330810546875
1725.3515625
1714.763671875
116.90008544921875
117.24945831298828
117.76832580566406
118.23031616210938
118.48408508300781
118.72370147705078
1710.0902099609375
1646.757080078125
1733.987548828125
1746.472412109375
1734.2508544921875
1723.9154052734375
1728.6097412109375
1737.6109619140625
1749.4893798828125
1761.8367919921875
1814.281494140625
1859.6142578125
1904.51416015625
1954.8154296875
2005.0640869140625
2050.908935546875
2091.89990234375
2127.359375
2157.788818359375
2185.20263671875
2211.547607421875
2237.228759765625
2261.5068359375
2283.20556640625
2301.802490234375
2317.87451171875
2330.501708984375
2339.368408203125
2344.47021484375
2346.04736328125
2344.937255859375
2342.24853515625
2338.479248046875
2333.690185546875
2327.631591796875
2320.03955078125
2310.452880859375
2298.985595703125
2285.7861328125
2271.259765625
2255.642822265625
2239.81103515625
2223.41015625
2206.580810546875
2189.88623046875
2173.40625
2156.759765625
2139.554931640625
2121.5380859375
2102.586181640625
2082.80712890625
2062.119140625
2040.485595703125
2018.086181640625
