2085.0
2069.685546875
2041.568359375
2018.2344970703125
2002.0380859375
1989.234375
2016.078857421875
2051.7353515625
2060.910888671875
2058.2109375
2067.783447265625
2098.94775390625
2120.143798828125
2143.42919921875
2174.0966796875
2211.096435546875
2246.704345703125
2284.105224609375
2320.024658203125
2354.429931640625
2388.53369140625
2423.70361328125
2464.50048828125
2510.936279296875
2567.54345703125
2635.103759765625
2711.09619140625
2793.792236328125
2881.888916015625
2973.865966796875
3067.906494140625
3161.637451171875
121.26956176757812
122.42328643798828
123.29069519042969
123.92330169677734
124.40483856201172
124.78667449951172
2151.60302734375
2613.86572265625
2881.046875
3074.81689453125
3234.30859375
3375.040283203125
3506.188232421875
3629.4736328125
3748.541015625
3865.60400390625
3982.451416015625
4098.6669921875
4213.91748046875
4328.5966796875
4440.8115234375
4551.69677734375
4663.72900390625
4775.53857421875
4888.74853515625
5006.953125
5127.638671875
5255.4794921875
5383.99365234375
5535.50390625
5687.74755859375
5840.91162109375
6001.166015625
6179.537109375
6306.92041015625
6396.97802734375
6479.83251953125
6582.55712890625
6663.20263671875
6724.6103515625
6780.03125
6849.41455078125
6928.712890625
7001.32080078125
7094.97998046875
7211.37353515625
7332.4716796875
7413.6708984375
7528.27001953125
7607.1875
7595.97412109375
7112.6455078125
6701.42333984375
6329.35791015625
5968.3701171875
5606.828125
5325.64697265625
5049.41015625
4772.119140625
4493.7568359375
