2069.455810546875
2047.858642578125
2027.6322021484375
2011.060546875
1998.6884765625
2031.4801025390625
2047.7705078125
2051.7919921875
2067.14501953125
2063.603271484375
2055.314697265625
2064.7001953125
2091.294189453125
2119.05810546875
2167.290771484375
2219.9443359375
2273.931396484375
2333.608154296875
2401.435791015625
2481.349365234375
2574.7900390625
2683.33447265625
2804.78076171875
2938.56689453125
3082.899658203125
3235.901123046875
3396.032470703125
3562.76708984375
3735.516845703125
3913.853759765625
4097.591796875
4287.15966796875
170.91551208496094
156.5972137451172
158.72531127929688
164.78604125976562
171.52322387695312
177.920654296875
4380.67431640625
4935.115234375
5250.53955078125
5488.41015625
5704.021484375
5921.83056640625
6141.140625
6363.2177734375
6590.12158203125
6827.1337890625
7072.93017578125
7327.96875
7602.73876953125
7931.88427734375
8283.4072265625
8619.2119140625
8990.9248046875
9371.0126953125
9762.5234375
10162.451171875
10564.876953125
10981.099609375
11416.5693359375
11870.2275390625
12339.361328125
12819.8759765625
13307.5068359375
13798.091796875
14287.24609375
14772.951171875
15252.5888671875
15724.6572265625
16189.83203125
16647.65234375
16574.685546875
16322.056640625
16087.705078125
15855.623046875
15621.6181640625
15384.2685546875
15143.1318359375
14898.3505859375
14650.2119140625
14399.0712890625
14144.927734375
13887.123046875
13627.9921875
13367.556640625
13105.953125
12843.685546875
12580.9091796875
12317.5849609375
12055.5927734375
11795.7255859375
