2069.095703125
2037.3218994140625
2006.534423828125
2018.0439453125
2069.90673828125
2053.414794921875
2047.388671875
2041.2078857421875
2094.369384765625
2127.658203125
2166.85107421875
2204.317626953125
2235.4931640625
2265.508544921875
2304.477294921875
2359.37109375
2429.4228515625
2521.81640625
2636.93798828125
2771.1845703125
2921.906982421875
3086.175048828125
3261.7529296875
3444.392333984375
3631.458984375
3823.77783203125
4021.70654296875
4222.72265625
4428.08349609375
4637.46240234375
4851.31884765625
5071.4306640625
185.58749389648438
173.79881286621094
180.78961181640625
190.8778839111328
200.70233154296875
209.4214324951172
5069.71435546875
5475.0146484375
5656.45458984375
5796.00732421875
5949.8984375
6158.15380859375
6402.298828125
6687.44091796875
7002.466796875
7353.36865234375
7744.22119140625
8157.53662109375
8566.5048828125
8971.8671875
9377.5673828125
9768.3134765625
9768.8369140625
9634.6796875
9506.8544921875
9374.9208984375
9238.578125
9091.2255859375
8933.2255859375
8765.326171875
8586.712890625
8399.4375
8204.9208984375
8004.34521484375
7798.79345703125
7589.71337890625
7378.48486328125
7165.341796875
6947.1962890625
6725.04052734375
6511.267578125
6304.01904296875
6102.17431640625
5905.29736328125
5713.84716796875
5528.12646484375
5348.26953125
5174.15966796875
5005.22314453125
4840.947265625
4680.935546875
4524.9794921875
4372.7666015625
4224.56787109375
4080.111083984375
3939.455810546875
3803.000732421875
3670.365966796875
3541.6728515625
3417.050048828125
