2085.0
2072.116943359375
2038.9083251953125
2011.7685546875
1995.2635498046875
2036.3416748046875
2105.8232421875
2096.792236328125
2087.5126953125
2083.10302734375
2079.145751953125
2079.3349609375
2083.29052734375
2084.55224609375
2086.6982421875
2113.09716796875
2129.36376953125
2072.1845703125
2016.7900390625
1965.2266845703125
1923.947265625
1904.00830078125
1886.933349609375
1867.1038818359375
1844.5841064453125
1825.6483154296875
1807.940185546875
1789.6424560546875
1774.91552734375
1763.1959228515625
1756.2269287109375
1747.6202392578125
118.7615737915039
118.95747375488281
119.3787841796875
119.71331024169922
119.97148132324219
120.18544006347656
1740.9959716796875
1616.1741943359375
1763.02392578125
1769.49853515625
1742.491943359375
1716.708984375
1700.173828125
1698.8572998046875
1707.34033203125
1720.556640625
1736.33837890625
1753.8466796875
1810.328857421875
1870.6519775390625
1924.808837890625
1978.25341796875
2035.8111572265625
2094.134521484375
2148.459228515625
2197.69091796875
2243.368896484375
2287.990966796875
2330.360107421875
2370.366455078125
2407.197998046875
2440.708251953125
2470.63671875
2497.034423828125
2520.033203125
2539.5322265625
2555.677978515625
2569.123046875
2580.4052734375
2589.96875
2598.464599609375
2606.056640625
2612.80224609375
2618.586181640625
2623.409423828125
2626.998779296875
2629.17333984375
2629.88916015625
2629.170654296875
2627.2314453125
2624.046875
2619.5771484375
2613.79638671875
2606.724609375
2598.44677734375
2589.998046875
2581.419677734375
2571.838623046875
2561.391357421875
2550.0263671875
