2065.498291015625
2036.14404296875
2010.131103515625
2058.729736328125
2108.662109375
2188.977294921875
2197.19384765625
2180.08642578125
2165.59228515625
2184.42626953125
2214.017578125
2243.637451171875
2259.505859375
2263.216796875
2263.907470703125
2266.52490234375
2272.255615234375
2283.425048828125
2296.625732421875
2312.738037109375
2330.019775390625
2352.194580078125
2384.04638671875
2421.864990234375
2466.741455078125
2524.66650390625
2599.73876953125
2690.75146484375
2794.20458984375
2906.79248046875
3026.51904296875
3151.23291015625
118.6590805053711
121.19172668457031
122.5617446899414
123.35388946533203
123.89303588867188
124.2753677368164
2382.87646484375
3157.9873046875
3505.429443359375
3691.104248046875
3819.61376953125
3934.926513671875
4055.48095703125
4187.29638671875
4331.00390625
4483.1796875
4642.76953125
4809.1337890625
4981.13232421875
5159.74462890625
5346.32177734375
5547.4140625
5772.00048828125
6019.3525390625
6262.9501953125
6517.3525390625
6782.94775390625
7067.3896484375
7354.6982421875
7402.44287109375
7321.15625
7261.67626953125
7209.74853515625
7160.41064453125
7104.2861328125
7041.00244140625
6973.4111328125
6897.27978515625
6810.85693359375
6716.232421875
6614.3525390625
6505.609375
6390.865234375
6271.15673828125
6147.21533203125
6019.21337890625
5888.9248046875
5757.30859375
5625.74267578125
5494.4736328125
5358.166015625
5223.1513671875
5090.32470703125
4958.8505859375
4828.92919921875
4700.89013671875
4575.1298828125
4452.2685546875
4332.7041015625
4216.7109375
