2012.5462646484375
2377.4326171875
2215.49169921875
2277.02392578125
2229.599365234375
2158.933349609375
2114.96826171875
2098.3466796875
2095.151611328125
2101.904052734375
2115.85400390625
2144.03662109375
2175.866943359375
2202.2060546875
2221.26025390625
2239.002197265625
2265.44677734375
2298.197509765625
2337.2353515625
2380.112060546875
2423.135009765625
2465.9560546875
2514.197998046875
2581.377197265625
2669.424072265625
2778.734619140625
2907.5751953125
3053.26025390625
3212.33935546875
3381.72900390625
3559.8896484375
3743.3251953125
106.84557342529297
109.16578674316406
111.36719512939453
112.92012023925781
114.40184020996094
115.77249145507812
2976.321044921875
3942.7421875
4204.216796875
4170.013671875
4140.125
4155.0859375
4192.9541015625
4247.1220703125
4308.5986328125
4375.17919921875
4444.7939453125
4502.0185546875
4552.47314453125
4595.5224609375
4632.27197265625
4671.0009765625
4713.51025390625
4752.72705078125
4784.5751953125
4803.78173828125
4809.5439453125
4802.6689453125
4785.41943359375
4760.26318359375
4726.8642578125
4684.8388671875
4639.7451171875
4586.01611328125
4520.490234375
4445.5732421875
4363.736328125
4275.74609375
4182.6279296875
4084.128662109375
3981.961181640625
3876.990966796875
3769.6201171875
3660.99267578125
3551.662353515625
3441.82568359375
3331.1787109375
3220.5810546875
3112.186279296875
3007.748779296875
2906.84130859375
2809.131103515625
2714.623779296875
2623.177490234375
2534.690185546875
2448.14111328125
2363.30908203125
2279.935546875
2198.739501953125
2120.129150390625
