1623.9599609375
1281.5806884765625
1019.808837890625
956.7984008789062
909.6648559570312
874.7062377929688
846.1527709960938
820.9310913085938
797.9833374023438
779.1027221679688
758.679443359375
737.2908935546875
715.8414306640625
694.5430297851562
673.4131469726562
652.6631469726562
636.5518798828125
622.0618896484375
606.003173828125
588.9562377929688
570.9571533203125
552.2886962890625
535.3411254882812
518.0195922851562
508.54266357421875
498.0546875
486.11865234375
473.5576171875
460.3347473144531
446.6210632324219
432.62042236328125
418.46356201171875
124.64582061767578
126.49671173095703
127.26817321777344
127.93864440917969
128.509033203125
128.9879608154297
384.1999206542969
418.7732238769531
398.9230041503906
384.2992858886719
385.9986267089844
385.68023681640625
379.7118225097656
370.73272705078125
360.3125305175781
350.541259765625
351.4150695800781
357.8233337402344
360.5314025878906
361.8283996582031
362.6807861328125
366.5238952636719
374.61322021484375
387.34063720703125
402.2152404785156
418.1025085449219
433.0091552734375
448.9577941894531
467.732666015625
490.8852233886719
514.9794921875
538.8311157226562
561.8617553710938
583.8994750976562
604.3330078125
623.3142700195312
641.16357421875
657.8367309570312
674.0475463867188
690.1275024414062
705.3899536132812
719.117919921875
731.0182495117188
740.7610473632812
748.317138671875
753.8795166015625
757.5961303710938
759.571533203125
759.9192504882812
758.9641723632812
756.5885620117188
752.9658203125
748.292236328125
742.7201538085938
736.3933715820312
729.3951416015625
721.9163818359375
714.2978515625
706.7222900390625
699.0603637695312
