2077.69677734375
2043.52685546875
2004.9093017578125
2032.883056640625
2081.562255859375
2065.0302734375
2055.742431640625
2051.22607421875
2051.121826171875
2050.902099609375
2050.02197265625
2064.115234375
2070.827880859375
2084.4287109375
2096.565185546875
2110.998046875
2121.796875
2132.39599609375
2139.14306640625
2150.369873046875
2174.951416015625
2220.75390625
2272.994140625
2327.173828125
2395.879638671875
2474.684326171875
2560.325439453125
2672.498291015625
2813.55810546875
2997.036376953125
3210.598388671875
3470.271240234375
104.15569305419922
104.96345520019531
105.67386627197266
106.35912322998047
107.04590606689453
107.64566040039062
1644.6268310546875
1934.302734375
3038.75634765625
3429.308349609375
3310.947509765625
3198.85791015625
3072.539794921875
2941.52734375
2902.488037109375
2953.19140625
2992.150634765625
3013.99609375
3029.62646484375
3038.5634765625
3037.9521484375
3024.419189453125
2996.585693359375
2958.3896484375
2911.468505859375
2858.46875
2800.51806640625
2739.983642578125
2679.140380859375
2619.70458984375
2563.425537109375
2511.2587890625
2461.954345703125
2415.9765625
2371.0888671875
2326.2021484375
2282.115234375
2239.077392578125
2196.962890625
2155.772705078125
2115.703125
2075.98291015625
2036.1756591796875
1996.454345703125
1956.9200439453125
1917.6416015625
1878.445556640625
1839.1380615234375
1800.3355712890625
1762.23095703125
1724.3712158203125
1686.6602783203125
1648.8887939453125
1611.172119140625
1573.677734375
1536.5699462890625
1499.74267578125
1462.90087890625
1426.4814453125
1390.911865234375
1356.29541015625
