2156.85302734375
2140.508056640625
2153.92626953125
2212.802001953125
2147.20751953125
2099.932861328125
2085.93359375
2100.619384765625
2138.725341796875
2168.63916015625
2195.361572265625
2230.883544921875
2290.562255859375
2361.96533203125
2433.861083984375
2514.31103515625
2618.212890625
2746.799072265625
2898.066162109375
3072.79541015625
3269.0234375
3484.50927734375
3715.436279296875
3961.212646484375
4049.664794921875
4136.4365234375
4225.56298828125
4311.439453125
4397.47607421875
4492.7783203125
4580.6943359375
4664.64892578125
339.8328857421875
382.8535461425781
388.2046203613281
392.9286193847656
399.12957763671875
405.94219970703125
5245.71142578125
5140.240234375
5053.32080078125
4976.43603515625
4935.599609375
4928.9365234375
4947.638671875
4972.318359375
4985.2255859375
4975.34521484375
4950.8671875
4906.8623046875
4840.27978515625
4748.6748046875
4635.79443359375
4502.69384765625
4355.76611328125
4203.32421875
4046.96923828125
3888.56884765625
3725.0390625
3569.528076171875
3423.496337890625
3285.3388671875
3151.5400390625
3022.420654296875
2897.811767578125
2777.164306640625
2660.65673828125
2548.2294921875
2440.608642578125
2337.625244140625
2240.15673828125
2147.18603515625
2055.326171875
1966.1826171875
1881.1827392578125
1800.364990234375
1723.5928955078125
1651.4239501953125
1582.936279296875
1517.6805419921875
1455.4705810546875
1396.1627197265625
1339.8165283203125
1286.4364013671875
1235.8431396484375
1187.734375
1141.5262451171875
1096.534912109375
1052.9893798828125
1011.362060546875
971.6400146484375
933.764892578125
897.7175903320312
