2074.370849609375
2045.6158447265625
2018.8634033203125
1996.417724609375
2032.6361083984375
2035.39599609375
2038.01123046875
2065.13671875
2101.344482421875
2163.666748046875
2228.175537109375
2291.39501953125
2357.847412109375
2435.156982421875
2526.223388671875
2637.0888671875
2768.220703125
2914.532470703125
3073.956298828125
3246.366943359375
3430.42236328125
3624.30712890625
3826.888916015625
4039.113037109375
4261.96923828125
4494.06494140625
4735.10693359375
4986.6630859375
5250.3505859375
5527.6650390625
5821.51123046875
6134.64208984375
266.2204895019531
255.7483367919922
258.4869384765625
262.55194091796875
265.5713806152344
267.1148986816406
5840.21630859375
6531.767578125
7060.419921875
7607.97705078125
8129.697265625
8597.396484375
9076.13671875
9346.837890625
9546.615234375
9990.7099609375
10413.8056640625
10820.904296875
11207.8291015625
11581.919921875
11942.6767578125
12289.353515625
12625.1484375
12948.1865234375
13256.443359375
13547.7333984375
13818.9677734375
14070.419921875
14303.1416015625
14520.4521484375
14633.166015625
13986.91796875
13448.2646484375
12957.3525390625
12496.91015625
12061.169921875
11646.44140625
11249.6474609375
10869.14453125
10507.568359375
10165.671875
9840.8271484375
9531.78125
9235.2216796875
8949.6669921875
8674.2451171875
8407.802734375
8150.38916015625
7900.7509765625
7658.25244140625
7422.87255859375
7194.50244140625
6972.96435546875
6758.17822265625
6549.77392578125
6347.46533203125
6150.9833984375
5960.46484375
5775.64990234375
5596.30908203125
5421.7578125
