2068.797119140625
2036.9844970703125
1997.733154296875
2075.2890625
2157.46533203125
2244.4345703125
2265.7919921875
2262.857666015625
2288.97119140625
2329.31591796875
2372.546142578125
2399.130615234375
2421.2724609375
2447.60595703125
2475.175537109375
2508.6904296875
2554.447265625
2615.295654296875
2699.218994140625
2811.4541015625
2950.8369140625
3111.218017578125
3287.59375
3473.418212890625
3663.952880859375
3859.50341796875
4060.036865234375
4266.076171875
4477.7373046875
4696.7451171875
4922.322265625
5153.8359375
197.4234161376953
174.46160888671875
174.14324951171875
179.4750213623047
185.80706787109375
192.0533447265625
4905.25048828125
5723.06201171875
6167.4404296875
6492.392578125
6715.47509765625
6936.0654296875
7193.58447265625
7495.51220703125
7845.423828125
8226.2978515625
8272.5869140625
8237.41796875
8228.046875
8233.7373046875
8238.4990234375
8230.3876953125
8209.8828125
8176.33447265625
8128.25537109375
8064.06005859375
7979.43603515625
7866.6064453125
7739.3271484375
7597.203125
7443.5771484375
7267.501953125
7088.69921875
6908.16552734375
6817.91015625
6727.39501953125
6550.19140625
6377.27099609375
6207.32568359375
6040.36328125
5876.73876953125
5716.0546875
5558.53759765625
5404.33056640625
5253.53564453125
5106.26513671875
4962.63525390625
4822.75732421875
4686.78955078125
4554.75732421875
4426.62158203125
4302.38916015625
4182.00830078125
4065.3271484375
3952.234619140625
3842.93994140625
3737.321533203125
3635.228271484375
3536.700927734375
3441.436767578125
3349.185791015625
