2055.508056640625
2011.2158203125
2039.825439453125
2103.703369140625
2122.07275390625
2215.326416015625
2258.767822265625
2285.655029296875
2291.67041015625
2290.78857421875
2299.493408203125
2316.773193359375
2329.80615234375
2340.17724609375
2358.653076171875
2388.12060546875
2421.532958984375
2462.199462890625
2516.7197265625
2588.464111328125
2673.740234375
2773.475830078125
2888.62109375
3015.572021484375
3150.775634765625
3290.28662109375
3431.773681640625
3575.3125
3722.8115234375
3874.549072265625
4029.90087890625
4190.5556640625
110.1046371459961
113.13359069824219
114.94618225097656
116.38733673095703
117.69065856933594
119.90553283691406
3243.85400390625
3642.533447265625
3992.302490234375
4254.7958984375
4469.3603515625
4683.49169921875
4900.50634765625
5009.9931640625
5124.84423828125
5374.298828125
5621.64794921875
5891.408203125
6117.4453125
6313.31591796875
6506.40576171875
6681.95654296875
6848.9228515625
7005.07421875
7146.48046875
7278.3779296875
7366.07275390625
7083.6435546875
6733.85888671875
6429.6015625
6150.06005859375
5886.85205078125
5638.37890625
5403.4267578125
5178.28271484375
4960.548828125
4743.623046875
4531.34716796875
4335.8828125
4157.89013671875
3986.140869140625
3815.394775390625
3646.1025390625
3480.9130859375
3329.36376953125
3195.565673828125
3073.75341796875
2959.689453125
2850.94140625
2747.182861328125
2650.233154296875
2567.18896484375
2490.2890625
2413.305419921875
2334.462646484375
2248.28857421875
2159.068359375
2068.134765625
1975.1895751953125
1879.765869140625
1784.553466796875
