2085.0
2056.03564453125
2016.3065185546875
2003.0035400390625
2104.918212890625
2084.238525390625
2075.753173828125
2076.458740234375
2074.521240234375
2079.367919921875
2086.7900390625
2012.748291015625
1940.567626953125
1900.684814453125
1864.5784912109375
1823.4189453125
1784.924072265625
1763.5362548828125
1752.0528564453125
1748.24365234375
1739.955810546875
1734.307373046875
1725.8858642578125
1723.7401123046875
1730.2572021484375
1740.7147216796875
1752.6605224609375
1779.611328125
1796.0948486328125
1805.6370849609375
1835.659423828125
1910.1072998046875
112.3311767578125
115.11138916015625
116.17241668701172
117.12824249267578
118.07633209228516
118.89582061767578
1632.4954833984375
2169.435302734375
2104.798583984375
2007.08349609375
2011.1141357421875
2065.1484375
2136.92431640625
2209.40673828125
2276.01953125
2332.10400390625
2376.97021484375
2409.347900390625
2429.5556640625
2439.580322265625
2441.378662109375
2436.505126953125
2427.400146484375
2413.676513671875
2395.37255859375
2373.24365234375
2346.528076171875
2316.20654296875
2283.929931640625
2251.444580078125
2218.317626953125
2184.487548828125
2149.828369140625
2114.429443359375
2078.5390625
2042.2518310546875
2005.6351318359375
1968.7357177734375
1931.6983642578125
1894.6492919921875
1857.63330078125
1820.8487548828125
1784.3326416015625
1748.1695556640625
1712.5032958984375
1677.4732666015625
1643.16943359375
1609.671875
1577.0677490234375
1545.255859375
1514.187744140625
1483.9320068359375
1454.6256103515625
1426.1429443359375
1398.55224609375
1371.7647705078125
1345.700439453125
1320.4327392578125
1295.898193359375
1272.0679931640625
1248.9437255859375
