2067.06103515625
2044.8511962890625
2024.8128662109375
2008.8699951171875
1997.03564453125
2046.2926025390625
2041.8656005859375
2054.85791015625
2059.11767578125
2053.057861328125
2044.9337158203125
2069.1279296875
2093.27001953125
2131.09814453125
2184.292236328125
2241.715087890625
2306.333740234375
2381.7431640625
2473.293701171875
2584.942138671875
2718.025634765625
2871.130859375
3042.55029296875
3228.693359375
3426.766357421875
3636.02685546875
3857.0078125
4090.1806640625
4335.89599609375
4594.31787109375
4866.8876953125
5146.89599609375
214.12664794921875
206.02755737304688
215.025146484375
226.7522735595703
238.02989196777344
248.0863800048828
5645.01171875
6257.95361328125
6660.24267578125
7013.25
7355.404296875
7727.236328125
8235.95703125
8745.751953125
9245.15234375
9782.2412109375
10324.9873046875
10868.806640625
11424.19921875
11992.771484375
12569.18359375
13150.6455078125
13735.26953125
14318.7021484375
14897.27734375
15468.2861328125
15162.6650390625
14798.6572265625
14446.37109375
14093.0849609375
13736.21875
13376.6064453125
13013.443359375
12650.7919921875
12290.90234375
11935.0517578125
11583.8037109375
11237.6337890625
10897.8662109375
10565.0673828125
10239.6142578125
9921.6162109375
9611.603515625
9458.419921875
9307.3369140625
9014.40625
8730.5322265625
8455.6884765625
8189.822265625
7932.8125
7684.470703125
7444.591796875
7212.96728515625
6989.30419921875
6773.34326171875
6564.7998046875
6363.53125
6169.25537109375
5981.8046875
5801.328125
5627.056640625
