2083.52001953125
2051.001708984375
2016.98486328125
1996.074462890625
2030.8702392578125
2043.023193359375
2035.493896484375
2062.320556640625
2091.09814453125
2129.83251953125
2154.52734375
2187.586669921875
2219.768310546875
2257.45654296875
2297.26025390625
2344.046630859375
2407.380859375
2493.192626953125
2597.71044921875
2720.261962890625
2858.77392578125
3013.45751953125
3182.155029296875
3362.3046875
3551.891845703125
3748.990234375
3952.38671875
4162.416015625
4379.8046875
4604.16943359375
4836.93603515625
5078.24658203125
217.24156188964844
190.87315368652344
189.25990295410156
193.56983947753906
197.92127990722656
201.08607482910156
4724.021484375
4909.2548828125
4994.458984375
5081.078125
5202.5546875
5395.11083984375
5510.21630859375
5643.984375
5966.6943359375
6343.99462890625
6795.8447265625
7296.7509765625
7810.146484375
8251.2724609375
8625.7578125
8927.5693359375
9185.1005859375
9292.9599609375
9385.6220703125
9514.5283203125
9591.6123046875
9637.392578125
9649.6298828125
9156.2734375
8725.1591796875
8333.8984375
7972.68310546875
7639.125
7329.40478515625
7041.556640625
6774.89208984375
6522.2578125
6275.85009765625
6029.4736328125
5783.5595703125
5539.642578125
5301.9638671875
5070.107421875
4845.45654296875
4634.93505859375
4437.388671875
4246.73828125
4065.333251953125
3893.487548828125
3729.381591796875
3571.52783203125
3417.3798828125
3261.52392578125
3113.444580078125
2975.73681640625
2849.140380859375
2732.838134765625
2624.6220703125
2522.8759765625
2426.3134765625
2336.30322265625
2251.06494140625
