2073.849365234375
2034.1138916015625
1993.5560302734375
2060.849609375
2072.49072265625
2057.826416015625
2054.652587890625
2053.21533203125
2051.0068359375
2070.087646484375
2086.882568359375
2110.25732421875
2126.79052734375
2136.64990234375
2150.821044921875
2173.634765625
2215.93505859375
2284.629638671875
2362.112548828125
2448.91015625
2541.36865234375
2669.055419921875
2844.291259765625
3081.725341796875
3379.529052734375
3440.177490234375
3389.71923828125
3343.9345703125
3292.169921875
3230.190185546875
3150.834228515625
3024.32275390625
106.04104614257812
106.9291763305664
107.70057678222656
108.34908294677734
108.91928100585938
109.43038177490234
2351.0625
2583.822265625
2579.979736328125
2560.701171875
2617.31591796875
2710.5205078125
2760.216796875
2801.867431640625
2860.36572265625
2884.26953125
2871.06201171875
2829.323486328125
2769.7890625
2699.74169921875
2625.87548828125
2552.814453125
2485.27001953125
2451.734130859375
2418.700439453125
2354.066650390625
2288.9365234375
2224.666748046875
2161.918701171875
2101.0205078125
2041.602294921875
1984.0870361328125
1929.2147216796875
1876.4637451171875
1825.13525390625
1775.300048828125
1727.512451171875
1681.0186767578125
1635.0811767578125
1589.7288818359375
1545.177978515625
1501.4365234375
1458.03515625
1415.312255859375
1373.6309814453125
1333.0810546875
1293.6795654296875
1255.4554443359375
1218.4100341796875
1182.5869140625
1147.9228515625
1114.40234375
1081.9649658203125
1050.6444091796875
1020.550537109375
991.7357177734375
964.173828125
937.7803344726562
912.4970703125
888.3938598632812
865.5518188476562
844.0078735351562
823.6023559570312
