2051.730712890625
2013.5594482421875
2002.88671875
2097.25341796875
2077.12890625
2092.895751953125
2157.65576171875
2172.232421875
2194.107177734375
2199.127685546875
2201.878173828125
2204.603271484375
2215.82861328125
2230.651123046875
2246.60107421875
2262.232666015625
2274.635498046875
2296.179931640625
2320.748779296875
2352.81591796875
2402.576904296875
2466.74658203125
2543.875244140625
2637.95556640625
2750.229736328125
2879.01171875
3019.919921875
3169.5537109375
3326.3466796875
3488.677734375
3653.740966796875
3817.87841796875
3981.2158203125
130.17169189453125
142.7899169921875
151.09759521484375
154.78158569335938
155.56057739257812
154.93614196777344
3353.82177734375
3459.216064453125
3575.556884765625
3766.8466796875
3945.604248046875
4133.494140625
4336.00634765625
4550.9482421875
4777.072265625
5026.712890625
5267.57568359375
5510.69189453125
5744.28662109375
5966.42724609375
6144.525390625
6302.3916015625
6447.22705078125
6580.56005859375
6702.0400390625
6806.646484375
6884.81494140625
6959.28271484375
7000.6826171875
7030.6240234375
7098.24365234375
7136.2421875
7158.7841796875
6944.8349609375
6638.353515625
6364.228515625
6112.88134765625
5870.814453125
5632.4599609375
5393.18310546875
5167.794921875
4953.70703125
4751.0302734375
4557.90283203125
4363.51708984375
4178.5830078125
3997.37109375
3828.9013671875
3660.748046875
3490.29638671875
3323.31982421875
3160.611328125
3003.97314453125
2885.0615234375
2771.3037109375
2655.288818359375
2542.58740234375
2430.19482421875
2316.74365234375
2201.41748046875
2084.0693359375
1970.1007080078125
