2085.04638671875
2061.6845703125
2030.1024169921875
2003.472412109375
1983.725830078125
2033.899169921875
2075.937744140625
2091.242431640625
2141.611083984375
2191.2890625
2266.275146484375
2343.349853515625
2416.8115234375
2487.34814453125
2561.126708984375
2647.482177734375
2752.300048828125
2872.616943359375
3004.9677734375
3148.561767578125
3301.624267578125
3464.990234375
3640.9638671875
3834.783447265625
4048.0830078125
4274.71875
4512.21435546875
4756.8818359375
5005.03271484375
5255.10205078125
5510.40625
5782.27197265625
281.1016540527344
259.4678955078125
248.94635009765625
242.03936767578125
236.5992431640625
231.71832275390625
4974.71142578125
5450.36181640625
5799.19091796875
6124.64794921875
6448.69873046875
6788.92333984375
7134.9892578125
7522.66650390625
7959.91650390625
8405.6494140625
8855.8359375
9322.4013671875
9792.98046875
10243.3681640625
10697.53125
11151.517578125
11622.140625
12101.9189453125
12549.2724609375
12886.7578125
12273.8291015625
11762.251953125
11303.083984375
10877.3701171875
10475.6796875
10092.314453125
9723.8564453125
9368.826171875
9026.712890625
8697.134765625
8379.7705078125
8074.4072265625
7780.74658203125
7498.43603515625
7226.8798828125
6965.34521484375
6713.2529296875
6470.2373046875
6237.78515625
6124.4267578125
6014.16162109375
5804.2890625
5604.22998046875
5413.3251953125
5230.70556640625
5055.548828125
4887.37646484375
4725.8974609375
4570.82958984375
4421.9609375
4279.1015625
4141.9228515625
4010.094482421875
3883.3115234375
3761.325927734375
