2074.2646484375
2035.229248046875
1994.7567138671875
2058.6259765625
2073.0126953125
2058.5732421875
2054.49072265625
2053.545166015625
2051.26220703125
2066.312744140625
2079.4580078125
2100.97607421875
2119.41455078125
2129.05859375
2141.496337890625
2155.219482421875
2184.24560546875
2244.6845703125
2311.17431640625
2389.3134765625
2477.411865234375
2578.36474609375
2709.718017578125
2897.22802734375
3141.88330078125
3449.453125
3406.0419921875
3358.84765625
3313.717041015625
3261.91064453125
3198.843994140625
3103.500732421875
104.61603546142578
105.5949478149414
106.27144622802734
106.88323211669922
107.4328842163086
107.92835998535156
2445.793701171875
2622.185302734375
2520.079833984375
2546.129150390625
2607.10107421875
2698.7060546875
2794.396484375
2829.53515625
2867.59423828125
2906.501220703125
2912.239013671875
2886.408447265625
2835.652099609375
2769.567626953125
2696.092041015625
2619.7705078125
2545.1552734375
2475.800048828125
2410.84912109375
2348.296142578125
2286.896484375
2225.857666015625
2164.860595703125
2105.304931640625
2047.348876953125
1990.971435546875
1936.9141845703125
1885.481689453125
1836.09765625
1788.3626708984375
1742.9150390625
1698.7076416015625
1654.7269287109375
1611.31591796875
1568.3900146484375
1526.0125732421875
1483.8173828125
1442.2135009765625
1401.4383544921875
1361.60302734375
1322.7781982421875
1285.0380859375
1248.37939453125
1212.7811279296875
1178.240234375
1144.67333984375
1112.06494140625
1080.3951416015625
1049.7724609375
1020.336181640625
992.169189453125
965.22265625
939.4363403320312
914.8121948242188
891.2828369140625
868.8592529296875
