2057.98681640625
2025.379638671875
1998.838623046875
2056.5166015625
2076.46142578125
2062.23828125
2052.462646484375
2044.923095703125
2038.0150146484375
2037.635498046875
2037.1878662109375
2039.5123291015625
2069.546630859375
2096.297607421875
2110.334716796875
2114.77880859375
2132.526611328125
2170.62548828125
2219.0400390625
2276.321044921875
2356.6142578125
2461.901123046875
2592.2802734375
2744.685546875
2914.077880859375
3097.38623046875
3291.52099609375
3493.36181640625
3703.1572265625
3924.87890625
4157.4658203125
4402.5810546875
134.1776885986328
142.0213623046875
164.95501708984375
186.88958740234375
206.05360412597656
222.65447998046875
5368.67333984375
5681.70361328125
5876.5947265625
6080.94677734375
6318.36328125
6591.49072265625
6897.248046875
7239.57568359375
7660.51220703125
8110.99609375
8643.298828125
9185.4384765625
9735.7666015625
10315.4765625
10906.6201171875
11495.455078125
12077.6728515625
12067.474609375
11955.2861328125
11838.787109375
11703.7197265625
11546.716796875
11368.0498046875
11169.95703125
10955.4404296875
10727.7451171875
10490.2353515625
10245.5087890625
9994.689453125
9738.583984375
9480.5283203125
9222.005859375
8964.0439453125
8707.658203125
8453.6650390625
8202.69921875
7956.25
7834.15087890625
7713.46337890625
7479.30712890625
7252.16015625
7032.01025390625
6818.9208984375
6612.16259765625
6411.80712890625
6217.837890625
6030.2001953125
5848.63623046875
5672.98291015625
5503.02294921875
5338.60693359375
5179.779296875
5026.42236328125
4877.92724609375
4734.26513671875
