2055.48193359375
2011.215087890625
2040.306884765625
2103.951416015625
2121.102783203125
2213.74267578125
2253.595947265625
2274.048095703125
2281.340576171875
2279.721923828125
2286.02001953125
2302.506103515625
2316.2001953125
2327.769775390625
2341.92138671875
2370.562744140625
2402.142822265625
2439.590576171875
2486.242431640625
2548.77001953125
2625.5107421875
2714.798095703125
2818.546630859375
2935.93115234375
3063.565185546875
3197.797607421875
3335.4765625
3476.092529296875
3619.6298828125
3768.69921875
3921.322998046875
4078.279541015625
110.86872100830078
113.58411407470703
115.69094848632812
117.04473114013672
118.27230072021484
119.40372467041016
3108.679931640625
3562.096923828125
3926.2607421875
4195.64599609375
4407.4765625
4601.69189453125
4814.7841796875
4921.0478515625
5030.54296875
5271.3662109375
5522.3955078125
5779.78955078125
6035.275390625
6252.71728515625
6449.53271484375
6626.24609375
6789.60498046875
6940.47900390625
7072.84814453125
7187.6962890625
7290.88134765625
7391.6875
7178.634765625
6841.3525390625
6543.61083984375
6265.8076171875
6004.41552734375
5755.431640625
5519.26806640625
5295.72607421875
5080.25390625
4871.408203125
4668.04345703125
4473.67578125
4292.87255859375
4119.34423828125
3950.029052734375
3785.107421875
3625.05517578125
3472.10986328125
3327.43603515625
3189.285888671875
3056.15185546875
2935.790283203125
2830.6552734375
2737.743896484375
2652.744384765625
2573.343017578125
2498.2978515625
2423.713134765625
2349.353759765625
2276.181396484375
2201.141845703125
2121.045166015625
2039.0501708984375
