2066.83154296875
2026.3021240234375
2002.1181640625
2065.11474609375
2071.25390625
2050.78662109375
2048.361083984375
2041.757080078125
2036.7939453125
2058.902099609375
2098.43896484375
2123.494873046875
2142.5029296875
2165.992431640625
2188.80224609375
2212.627197265625
2245.27880859375
2286.227783203125
2342.607666015625
2436.668212890625
2558.18212890625
2697.52978515625
2852.808349609375
3028.2412109375
3224.819091796875
3440.29345703125
3679.93701171875
3946.5556640625
4236.9541015625
4533.52001953125
4839.611328125
5127.19140625
152.0017547607422
138.61520385742188
139.8206787109375
150.98765563964844
162.41983032226562
171.99095153808594
178.6286163330078
4217.89990234375
4257.06298828125
4273.00244140625
4340.22314453125
4453.11669921875
4827.20361328125
5264.013671875
5223.52685546875
5195.65380859375
5165.49755859375
5116.2744140625
5041.17724609375
4931.451171875
4817.4052734375
4692.662109375
4546.90283203125
4397.65966796875
4348.0419921875
4238.47509765625
4068.788330078125
3898.0859375
3729.203857421875
3564.467041015625
3405.1923828125
3249.91064453125
3098.663330078125
2948.953125
2801.694580078125
2656.442626953125
2530.08154296875
2424.05908203125
2331.2607421875
2246.202392578125
2164.270263671875
2086.97802734375
2014.1212158203125
1945.2039794921875
1879.7686767578125
1817.2589111328125
1757.7574462890625
1701.302734375
1648.509033203125
1599.7923583984375
1553.18408203125
1508.4012451171875
1465.1644287109375
1424.33154296875
1385.6732177734375
1348.4744873046875
1312.6998291015625
1278.0921630859375
1243.5389404296875
1209.4891357421875
1176.8619384765625
1145.8673095703125
1116.401611328125
1088.211181640625
1061.25634765625
