2083.992919921875
2052.71044921875
2018.8831787109375
1987.7216796875
2034.9765625
2059.862060546875
2105.32666015625
2137.758544921875
2177.51904296875
2234.509033203125
2283.39111328125
2328.5849609375
2372.937255859375
2410.6875
2441.609130859375
2473.272216796875
2510.8037109375
2567.055908203125
2639.955322265625
2728.854248046875
2834.393310546875
2955.964111328125
3093.250732421875
3246.167236328125
3408.465087890625
3575.44580078125
3747.287353515625
3924.556884765625
4108.55322265625
4300.12158203125
4500.15966796875
4708.49169921875
192.63182067871094
178.57969665527344
174.803466796875
172.80926513671875
170.09646606445312
166.29742431640625
3814.9404296875
4288.2216796875
4623.89453125
4889.009765625
5131.63623046875
5393.79541015625
5677.66943359375
5864.05078125
5980.7724609375
6287.77490234375
6615.21826171875
6953.8955078125
7337.01220703125
7702.47314453125
8050.49853515625
8378.2294921875
8686.3701171875
8960.716796875
9177.388671875
9351.146484375
9495.07421875
9604.404296875
9688.275390625
9426.193359375
8956.3671875
8528.50390625
8127.94677734375
7750.8193359375
7394.87744140625
7059.26025390625
6742.85205078125
6443.31298828125
6158.62890625
5885.52392578125
5744.68994140625
5626.4423828125
5386.4345703125
5156.68017578125
4939.30908203125
4731.10595703125
4531.408203125
4342.89794921875
4165.03515625
3998.801513671875
3843.471923828125
3697.947265625
3560.92138671875
3434.70263671875
3320.6005859375
3212.957763671875
3109.431884765625
3009.777587890625
2913.07666015625
2820.25634765625
2731.9794921875
2647.783935546875
