2066.51318359375
2025.6151123046875
2002.0238037109375
2069.65576171875
2067.987548828125
2050.383056640625
2045.5491943359375
2037.301513671875
2033.360107421875
2057.23193359375
2092.699462890625
2115.919677734375
2134.543701171875
2156.47607421875
2175.689208984375
2194.6728515625
2223.8505859375
2261.770751953125
2311.59814453125
2399.2822265625
2516.06787109375
2650.184326171875
2798.539794921875
2965.08056640625
3153.542236328125
3361.432373046875
3593.9326171875
3855.224365234375
4142.4697265625
4445.90576171875
4759.60498046875
5060.27734375
150.783203125
139.67611694335938
148.54046630859375
160.70697021484375
171.30795288085938
178.63922119140625
4162.3515625
4194.16357421875
4213.5400390625
4284.7939453125
4396.94287109375
4753.77197265625
5244.63720703125
5277.4208984375
5214.5859375
5162.8798828125
5096.13720703125
4996.74755859375
4876.5634765625
4759.296875
4618.75390625
4460.13623046875
4296.35107421875
4131.6513671875
3970.231689453125
3815.116455078125
3655.458740234375
3496.639892578125
3342.3798828125
3191.52099609375
3044.800537109375
2901.784912109375
2764.524169921875
2631.251708984375
2512.74365234375
2409.80712890625
2315.225830078125
2228.146240234375
2148.01806640625
2073.42333984375
2002.4385986328125
1935.09375
1871.4263916015625
1810.3023681640625
1751.5770263671875
1695.3671875
1641.8489990234375
1590.7947998046875
1542.2593994140625
1496.3416748046875
1453.8970947265625
1413.143798828125
1373.711669921875
1336.4122314453125
1301.2869873046875
1267.6453857421875
1235.5107421875
1204.6239013671875
1174.814453125
1145.6279296875
1115.9437255859375
1087.1925048828125
