2066.8935546875
2034.6727294921875
2008.0809326171875
1989.9617919921875
2037.289794921875
2069.797607421875
2101.330322265625
2124.716552734375
2141.00146484375
2166.401611328125
2218.11376953125
2261.08251953125
2298.921142578125
2328.8310546875
2351.088623046875
2373.72802734375
2402.486328125
2432.544677734375
2463.849853515625
2496.852294921875
2537.586669921875
2599.8701171875
2683.590087890625
2780.443115234375
2889.561767578125
3012.259765625
3148.451416015625
3295.25732421875
3448.45947265625
3611.052490234375
3784.22998046875
3965.14404296875
4148.89599609375
132.98028564453125
123.11941528320312
122.239013671875
122.68265533447266
123.00552368164062
123.13945007324219
3034.4716796875
3417.435546875
3701.552978515625
4033.402099609375
4275.408203125
4494.2099609375
4718.1064453125
4965.6337890625
5214.4521484375
5460.3779296875
5720.19677734375
6014.5947265625
6349.83642578125
6667.72998046875
6995.07763671875
7289.36767578125
7560.08642578125
7801.95458984375
8013.107421875
8166.546875
8271.58984375
8333.529296875
8352.955078125
8362.1162109375
8358.423828125
8357.201171875
8369.33984375
8403.3759765625
8466.3447265625
8545.26171875
8598.5302734375
8620.373046875
8636.017578125
8646.7998046875
8572.7294921875
8198.892578125
7897.03369140625
7613.60546875
7338.10791015625
7076.50439453125
6834.84765625
6605.31982421875
6384.03955078125
6161.5673828125
5937.63623046875
5716.17822265625
5501.3017578125
5293.87451171875
5099.2939453125
4924.1181640625
4756.50341796875
4591.48876953125
4425.46240234375
4266.76220703125
4118.84130859375
3983.334228515625
