2054.7138671875
2003.9390869140625
2065.34716796875
2085.078125
2051.807373046875
2037.3394775390625
2027.2584228515625
2055.662841796875
2085.373779296875
2097.6943359375
2126.376708984375
2172.939208984375
2212.72412109375
2247.050048828125
2283.33837890625
2323.3759765625
2375.766845703125
2437.111083984375
2503.885498046875
2580.38330078125
2665.491455078125
2760.809326171875
2867.765625
2986.12060546875
3115.90234375
3260.02490234375
3417.2119140625
3591.97509765625
3782.248779296875
3996.530029296875
4223.59765625
4478.6201171875
110.11758422851562
113.2770004272461
114.7837905883789
115.7691650390625
116.34519958496094
116.73876190185547
3249.15771484375
3714.588134765625
4053.5625
4360.88818359375
4691.33740234375
4728.953125
4631.77978515625
4587.033203125
4543.1611328125
4457.03955078125
4368.48046875
4271.8759765625
4168.3544921875
4057.740966796875
3940.147705078125
3817.996337890625
3718.22314453125
3612.727294921875
3498.7177734375
3384.000732421875
3262.9091796875
3141.620849609375
3017.51025390625
2890.625
2763.50048828125
2639.68408203125
2520.63525390625
2406.893310546875
2298.780517578125
2197.7890625
2102.011474609375
2009.373779296875
1923.16552734375
1843.4818115234375
1805.0482177734375
1768.7750244140625
1704.495849609375
1644.6754150390625
1588.8720703125
1537.061279296875
1488.8001708984375
1443.774658203125
1401.1722412109375
1360.709716796875
1322.368408203125
1285.8916015625
1250.98486328125
1217.41796875
1184.8314208984375
1153.0545654296875
1122.17431640625
1092.3448486328125
1063.3353271484375
1035.2838134765625
1007.9786987304688
981.37548828125
