2078.687255859375
2047.969482421875
2013.5272216796875
1987.341796875
2054.409423828125
2044.97412109375
2072.458984375
2100.749755859375
2111.09619140625
2136.484375
2156.119384765625
2167.408447265625
2186.528564453125
2212.67041015625
2238.395263671875
2256.789794921875
2274.970703125
2295.3427734375
2316.996337890625
2337.783203125
2358.9541015625
2384.31005859375
2421.4931640625
2475.7509765625
2545.6376953125
2625.702392578125
2711.9970703125
2806.212890625
2911.087646484375
3027.5654296875
3151.671875
3281.83203125
118.87046813964844
120.70201110839844
122.02618408203125
122.83705139160156
123.3758316040039
123.7630844116211
2308.2841796875
3010.916259765625
3338.29345703125
3537.057861328125
3709.53271484375
3892.079345703125
4095.854248046875
4319.89404296875
4559.333984375
4809.3271484375
5066.7900390625
5329.98828125
5584.67822265625
5825.13818359375
6072.27978515625
6333.6923828125
6603.61962890625
6850.634765625
7087.2666015625
7331.7861328125
7555.74853515625
7777.0732421875
7988.244140625
8180.0947265625
8336.21875
8469.998046875
8591.13671875
8714.0546875
8839.501953125
8933.955078125
9014.173828125
9089.7958984375
9157.4287109375
9214.1279296875
9256.1337890625
9280.1337890625
9288.9677734375
9288.560546875
9286.4716796875
9260.876953125
9255.341796875
9296.091796875
9389.0048828125
9397.7138671875
9257.3271484375
8873.498046875
8571.3603515625
8303.9248046875
8056.26123046875
7822.4462890625
7599.73828125
7383.70166015625
7172.3662109375
6965.2431640625
