2075.27685546875
2041.654052734375
2001.863037109375
2029.2860107421875
2097.30908203125
2088.07470703125
2078.90087890625
2069.9833984375
2068.301513671875
2071.84765625
2084.497314453125
2095.858154296875
2120.166259765625
2140.622802734375
2151.628662109375
2160.577880859375
2166.516845703125
2172.798583984375
2184.6015625
2199.12158203125
2222.810546875
2253.359130859375
2286.55615234375
2326.406494140625
2384.4140625
2464.850830078125
2557.377197265625
2657.573974609375
2766.043212890625
2887.256591796875
3027.0791015625
3182.97802734375
118.88795471191406
121.18143463134766
122.37792205810547
123.05630493164062
123.50029754638672
123.826416015625
2305.017822265625
2906.5751953125
3188.551513671875
3436.466796875
3706.665283203125
4008.619140625
4340.87744140625
4687.669921875
5034.90380859375
5371.228515625
5697.4658203125
5888.55810546875
5776.40625
5679.92236328125
5606.22119140625
5520.45458984375
5425.05029296875
5318.32666015625
5203.083984375
5083.005859375
4963.4267578125
4851.10546875
4734.21923828125
4613.634765625
4490.0166015625
4364.24072265625
4235.822265625
4107.62939453125
3982.501708984375
3861.2099609375
3743.587890625
3627.175537109375
3510.6787109375
3392.873291015625
3274.677001953125
3160.345947265625
3051.883056640625
2943.118896484375
2834.224609375
2728.667236328125
2626.408935546875
2531.007080078125
2448.05029296875
2373.144775390625
2303.029052734375
2236.123046875
2171.31005859375
2108.7587890625
2048.067138671875
1988.5467529296875
1929.1939697265625
1872.0159912109375
1817.494384765625
1764.8143310546875
