2021.7696533203125
2397.728515625
2309.939697265625
2332.776123046875
2275.015380859375
2199.544921875
2149.07861328125
2120.45947265625
2126.15625
2160.31298828125
2210.521728515625
2258.4609375
2292.320068359375
2322.359130859375
2361.945068359375
2412.416015625
2465.715087890625
2519.17626953125
2579.12841796875
2658.178955078125
2762.25732421875
2891.91015625
3044.7841796875
3215.826171875
3399.685791015625
3591.25341796875
3787.290771484375
3988.279052734375
4033.587158203125
4077.94482421875
4129.6044921875
4180.8408203125
137.22744750976562
120.7001953125
123.2945327758789
124.4285659790039
125.32100677490234
126.0922622680664
4348.66357421875
4561.81298828125
4399.494140625
4320.322265625
4269.91455078125
4242.83251953125
4232.919921875
4235.31396484375
4245.96826171875
4259.423828125
4271.79150390625
4304.81591796875
4350.01953125
4371.54931640625
4375.712890625
4365.69384765625
4339.93359375
4299.63818359375
4245.40771484375
4185.88037109375
4114.814453125
4031.929931640625
3938.814697265625
3837.43115234375
3729.208740234375
3615.443359375
3497.8046875
3378.446533203125
3258.271484375
3137.67333984375
3017.1494140625
2896.532958984375
2778.406005859375
2663.024169921875
2550.4365234375
2440.85546875
2334.68896484375
2232.330322265625
2133.6552734375
2039.2930908203125
1948.423583984375
1860.828125
1777.4000244140625
1700.22119140625
1628.9857177734375
1563.7318115234375
1504.3262939453125
1449.4305419921875
1397.505615234375
1348.2374267578125
1302.48876953125
1259.579345703125
1219.108642578125
1180.2398681640625
