0.0233589056879282
0.027128154411911964
0.028653331100940704
0.030028093606233597
0.030915353447198868
0.031153535470366478
0.031141143292188644
0.03111926093697548
0.031161466613411903
0.031290821731090546
0.03148673102259636
0.03176445513963699
0.03210202604532242
0.032428987324237823
0.03273448348045349
0.03304130956530571
0.03336965665221214
0.03371644392609596
0.03407427296042442
0.03445272520184517
0.03487693518400192
0.03535338118672371
0.03588658198714256
0.03647930175065994
0.03713599964976311
0.03785302862524986
0.03861701115965843
0.0394212044775486
0.04026893898844719
0.041162166744470596
0.04119248315691948
0.040682900696992874
0.0017824266105890274
0.001550195156596601
0.0016323430463671684
0.0017147724283859134
0.0017687566578388214
0.001797326491214335
0.03580367937684059
0.0402693897485733
0.041665591299533844
0.04024868831038475
0.03930189833045006
0.03859196603298187
0.0379786416888237
0.03739573433995247
0.03672422841191292
0.036037445068359375
0.03533139079809189
0.03459855914115906
0.033843863755464554
0.03308136388659477
0.03232808783650398
0.031565215438604355
0.030794493854045868
0.03001929633319378
0.02924448624253273
0.028462795540690422
0.027674056589603424
0.026883888989686966
0.026103878393769264
0.025329455733299255
0.024557169526815414
0.023792879655957222
0.02304241620004177
0.022302422672510147
0.021571436896920204
0.020848501473665237
0.020135030150413513
0.01943342573940754
0.01874871924519539
0.01808089204132557
0.017432330176234245
0.016816534101963043
0.01623072288930416
0.015670455992221832
0.015137014910578728
0.014633547514677048
0.014160232618451118
0.013708505779504776
0.013278687372803688
0.012867518700659275
0.012462420389056206
0.012065807357430458
0.011680014431476593
0.011334222741425037
0.011042209342122078
0.010783785954117775
0.010546674020588398
0.01032422948628664
0.010113402269780636
0.00991564430296421
