0.09125116467475891
0.10480084270238876
0.12138063460588455
0.13336198031902313
0.1387186348438263
0.14169204235076904
0.14333146810531616
0.1442340463399887
0.14492018520832062
0.14553657174110413
0.14608080685138702
0.14655835926532745
0.14701852202415466
0.14764706790447235
0.1483033150434494
0.14891792833805084
0.14950621128082275
0.1501184105873108
0.15079659223556519
0.1514986753463745
0.15238100290298462
0.15342693030834198
0.15465347468852997
0.15609683096408844
0.15855565667152405
0.16144785284996033
0.16458433866500854
0.167872354388237
0.17123627662658691
0.1747952103614807
0.1785506308078766
0.18248708546161652
0.025098005309700966
0.014088801108300686
0.010820716619491577
0.00902767013758421
0.008425084874033928
0.008425003848969936
0.1344699263572693
0.15402978658676147
0.1694653034210205
0.18207669258117676
0.19297780096530914
0.2034718543291092
0.21414877474308014
0.22580979764461517
0.2401093989610672
0.2595852315425873
0.2783125936985016
0.29976511001586914
0.32491007447242737
0.3601091206073761
0.38024455308914185
0.38579514622688293
0.39763790369033813
0.4138193130493164
0.42794403433799744
0.4415208399295807
0.4562523365020752
3.640031099319458
5.381384372711182
6.276830196380615
7.185057163238525
8.025616645812988
8.762384414672852
9.383234977722168
9.89500904083252
10.36320686340332
10.80340576171875
11.315816879272461
11.818650245666504
12.266242980957031
12.66067123413086
13.008535385131836
13.313508987426758
13.587189674377441
13.852616310119629
14.11281967163086
14.36110782623291
14.591025352478027
14.795746803283691
14.998177528381348
19.44890785217285
35.23356628417969
44.24285125732422
49.938941955566406
53.16752243041992
55.11801528930664
56.3612174987793
57.20054626464844
57.90283203125
58.545196533203125
