0.03790732100605965
0.04081035405397415
0.046579401940107346
0.05067489668726921
0.052130840718746185
0.05245720222592354
0.05270795151591301
0.05291961878538132
0.05311872065067291
0.053262971341609955
0.05341329053044319
0.05363301560282707
0.053787216544151306
0.053969286382198334
0.0541861467063427
0.05441652238368988
0.054629694670438766
0.054833848029375076
0.05502805486321449
0.05521020293235779
0.05539087951183319
0.05555656924843788
0.055738501250743866
0.055962543934583664
0.05623501166701317
0.05659164860844612
0.057055845856666565
0.05755660682916641
0.058078132569789886
0.05863332748413086
0.05922682583332062
0.05986567959189415
0.003720716340467334
0.003481882158666849
0.0033688282128423452
0.0033010337501764297
0.0032549623865634203
0.0032137243542820215
0.055328961461782455
0.05793888494372368
0.059532757848501205
0.06074938550591469
0.06182931363582611
0.06287147849798203
0.06393876671791077
0.06503042578697205
0.0661466047167778
0.06729435175657272
0.06847887486219406
0.06970939040184021
0.07099385559558868
0.07232970744371414
0.07371865212917328
0.07518799602985382
0.07672625035047531
0.07819513231515884
0.07953114062547684
0.08093518763780594
0.08244495093822479
0.08408492058515549
0.0858236774802208
0.08764763176441193
0.08949104696512222
0.0913688987493515
0.09283407032489777
0.09477704018354416
0.09677611291408539
0.09875211119651794
0.10070431977510452
0.10263016074895859
0.10455216467380524
0.10710432380437851
0.10957778990268707
0.11199860274791718
0.11436907947063446
0.11665339022874832
0.1187904104590416
0.12074649333953857
0.12261538207530975
0.12449223548173904
0.1263013333082199
0.12456391751766205
0.12128312140703201
0.11820317804813385
0.11525489389896393
0.11240588873624802
0.1096411719918251
0.10695187747478485
0.10433187335729599
0.10177621245384216
0.09928850084543228
0.09686402976512909
