9.268719673156738
13.172380447387695
10.43959903717041
8.622960090637207
7.940127372741699
7.7158074378967285
7.669280529022217
7.649170398712158
7.594258785247803
7.506481170654297
7.422732353210449
7.350627899169922
7.29496955871582
7.255266189575195
7.228357315063477
7.172529220581055
7.121553897857666
7.077146053314209
7.048992156982422
7.037654876708984
7.043298244476318
7.056518077850342
7.0627970695495605
7.08502197265625
7.131740570068359
7.20357084274292
7.290915489196777
7.3943562507629395
7.515239715576172
7.656477928161621
7.8158416748046875
7.99807596206665
0.5083437561988831
0.4502537250518799
0.4353926181793213
0.4355604350566864
0.4452275037765503
0.45567619800567627
9.415724754333496
9.984892845153809
10.279126167297363
10.685077667236328
11.178505897521973
11.76812744140625
12.446255683898926
13.164665222167969
13.883482933044434
14.711967468261719
15.633407592773438
16.61916732788086
17.647119522094727
18.686439514160156
19.732580184936523
20.79400634765625
21.883804321289062
23.002927780151367
24.1566104888916
25.287668228149414
26.480398178100586
27.565500259399414
28.55747413635254
29.472679138183594
30.325401306152344
31.1260986328125
31.888675689697266
32.666141510009766
33.40390396118164
34.06570816040039
34.6512565612793
35.15713119506836
35.59265899658203
35.973297119140625
36.3123779296875
36.619136810302734
36.9054069519043
37.186153411865234
37.46456527709961
37.72455978393555
37.95199966430664
38.1392707824707
38.28889465332031
38.422550201416016
38.57773971557617
38.69866180419922
38.801116943359375
38.892574310302734
38.97607421875
39.05447006225586
39.130523681640625
39.204978942871094
39.27560043334961
39.34592819213867
