0.16233192384243011
0.18161867558956146
0.20404678583145142
0.2074093222618103
0.20841167867183685
0.2092645913362503
0.2099982053041458
0.21064792573451996
0.21122536063194275
0.21194526553153992
0.21235652267932892
0.21287105977535248
0.2132478654384613
0.21358045935630798
0.2141093760728836
0.21450473368167877
0.2150023877620697
0.21580509841442108
0.21654285490512848
0.21717356145381927
0.21772314608097076
0.21830683946609497
0.2188194841146469
0.21926459670066833
0.21979914605617523
0.22039853036403656
0.22103139758110046
0.22170381247997284
0.22247052192687988
0.2234014868736267
0.22442744672298431
0.22552429139614105
0.010789268650114536
0.010708315297961235
0.01068967953324318
0.010672560892999172
0.010637519881129265
0.010610920377075672
0.21235133707523346
0.21612747013568878
0.2174399346113205
0.2230074107646942
0.22711697220802307
0.23069684207439423
0.23393560945987701
0.2370731681585312
0.24015867710113525
0.24336746335029602
0.24683929979801178
0.2506306767463684
0.25469574332237244
0.2588844895362854
0.2631641924381256
0.26761314272880554
0.2722661793231964
0.2771681547164917
0.2863924205303192
0.29679641127586365
0.3071939945220947
0.31831085681915283
0.3295227885246277
0.3413958251476288
0.35384923219680786
0.36749136447906494
0.3726925551891327
0.36758050322532654
0.36239680647850037
0.35730159282684326
0.3522093892097473
0.34708738327026367
0.3419238030910492
0.3366941809654236
0.33139607310295105
0.3260379433631897
0.32061442732810974
0.3151053488254547
0.30952683091163635
0.3039250373840332
0.29836633801460266
0.2921546697616577
0.2860020697116852
0.27996474504470825
0.2740175724029541
0.2681737244129181
0.2624247074127197
0.25679275393486023
0.2512817978858948
0.2459016591310501
0.24073448777198792
0.23567208647727966
0.23069018125534058
0.225798100233078
0.22098948061466217
