0.042748138308525085
0.053473055362701416
0.060863710939884186
0.06099914386868477
0.060359515249729156
0.06019621342420578
0.06022080406546593
0.060312215238809586
0.060444425791502
0.06065456569194794
0.06092628091573715
0.061232201755046844
0.06154639273881912
0.06185932457447052
0.06216410547494888
0.06247114762663841
0.0627768337726593
0.0630827471613884
0.06337284296751022
0.0636371299624443
0.06391020864248276
0.0642162412405014
0.06454400718212128
0.06449833512306213
0.06398601084947586
0.06357273459434509
0.063193179666996
0.06283193826675415
0.06251467764377594
0.06220989674329758
0.06189529597759247
0.06157233938574791
0.002913424279540777
0.0026229247450828552
0.002606362337246537
0.002587837865576148
0.002580743283033371
0.0025762636214494705
0.05298357456922531
0.06430591642856598
0.06509411334991455
0.0625411793589592
0.06126982718706131
0.06036163866519928
0.05959115922451019
0.058907389640808105
0.058274514973163605
0.05766293779015541
0.05705543980002403
0.05644022673368454
0.05580972880125046
0.05516037344932556
0.05429593473672867
0.0534294992685318
0.052556272596120834
0.05166981741786003
0.05077248811721802
0.04985136538743973
0.048908255994319916
0.04795867204666138
0.046979643404483795
0.04597727209329605
0.044934581965208054
0.04388521984219551
0.04281022772192955
0.041735872626304626
0.0407230518758297
0.03980628773570061
0.038896989077329636
0.03799987956881523
0.03711440786719322
0.036227997392416
0.03534899279475212
0.03448852524161339
0.03365407884120941
0.032840289175510406
0.03203863278031349
0.031248578801751137
0.0304696224629879
0.029700180515646935
0.02893782965838909
0.028179939836263657
0.0274369940161705
0.026719553396105766
0.026030169799923897
0.02536565624177456
0.02473261021077633
0.024132225662469864
0.023556144908070564
0.023010149598121643
0.022461378946900368
0.021919742226600647
