0.008172722533345222
0.008681559935212135
0.00822520162910223
0.007918374612927437
0.007754997815936804
0.007649678271263838
0.007576949894428253
0.007521122694015503
0.007468591909855604
0.007418312598019838
0.0073700775392353535
0.007322125136852264
0.0072749606333673
0.00722923781722784
0.007185361348092556
0.007143115624785423
0.007103247102349997
0.0070639499463140965
0.0070253824815154076
0.006988111883401871
0.006954289507120848
0.006922935135662556
0.006892587058246136
0.006864133290946484
0.006837315857410431
0.0068113310262560844
0.006785538978874683
0.006759174168109894
0.006731668021529913
0.006702641025185585
0.006671952549368143
0.006638112477958202
0.0006732826586812735
0.0005977841792628169
0.0005811105947941542
0.0005839248187839985
0.0005964604788459837
0.0006149252294562757
0.006853769067674875
0.006749771535396576
0.006591394077986479
0.00650296825915575
0.006445546634495258
0.006399974226951599
0.006357656326144934
0.0063149030320346355
0.006270514335483313
0.006224198266863823
0.006175924092531204
0.006125929299741983
0.006073987577110529
0.0060175564140081406
0.005956700537353754
0.005890548229217529
0.005811679642647505
0.005733938422054052
0.00565827963873744
0.005582172889262438
0.005505538545548916
0.005426456686109304
0.005344770848751068
0.00526090245693922
0.005175077822059393
0.005087337922304869
0.004997780080884695
0.004907000344246626
0.004815519321709871
0.004723682068288326
0.004631983116269112
0.004541180562227964
0.004451821092516184
0.004363579675555229
0.004275976680219173
0.00418891990557313
0.004102419130504131
0.004016434773802757
0.00393133657053113
0.0038472197484225035
0.003764031222090125
0.0036818962544202805
0.0036009850446134806
0.0035213755909353495
0.0034432485699653625
0.0033666412346065044
0.003291700268164277
0.003218467114493251
0.003146737813949585
0.0030764041002839804
0.0030074757523834705
0.002939860336482525
0.0028735967352986336
0.002808698220178485
