0.02466215193271637
0.027203992009162903
0.03104197233915329
0.033340923488140106
0.03371332585811615
0.03395145386457443
0.034220028668642044
0.03437649458646774
0.034513793885707855
0.034605104476213455
0.03471032902598381
0.0348333939909935
0.034984126687049866
0.03512238711118698
0.0352594293653965
0.03539550304412842
0.03554300591349602
0.03571087121963501
0.035881418734788895
0.03603938966989517
0.03618825972080231
0.036332447081804276
0.036487456411123276
0.03665360063314438
0.036829277873039246
0.03702506795525551
0.037242449820041656
0.037486299872398376
0.03776273503899574
0.038075804710388184
0.038423988968133926
0.03880193457007408
0.0018614998552948236
0.001688670483417809
0.001675889827311039
0.001670787576586008
0.0016666792798787355
0.0016626243013888597
0.03449167311191559
0.03628290444612503
0.03708944097161293
0.038372814655303955
0.03939207270741463
0.040197379887104034
0.04088616371154785
0.04151885583996773
0.04214170202612877
0.042779821902513504
0.04344361647963524
0.044132035225629807
0.044849809259176254
0.04560230299830437
0.04639322683215141
0.04722348228096962
0.04809342324733734
0.04899616539478302
0.049926016479730606
0.050883177667856216
0.05189768970012665
0.05297386273741722
0.05407235026359558
0.055192846804857254
0.05629763752222061
0.05720455199480057
0.05809921398758888
0.058970097452402115
0.05981069058179855
0.06062541902065277
0.06144306808710098
0.06226538121700287
0.06306576728820801
0.06386633962392807
0.06464767456054688
0.06541827321052551
0.06617721915245056
0.06692934781312943
0.0676809698343277
0.06842998415231705
0.06917939335107803
0.06992324441671371
0.0706574097275734
0.0714007094502449
0.07216349989175797
0.07279161363840103
0.07087024301290512
0.06909587979316711
0.06740231812000275
0.06574942171573639
0.06413291394710541
0.06254173070192337
0.060974545776844025
0.05942567065358162
0.05789227783679962
