0.11212681978940964
0.12206640094518661
0.13675858080387115
0.14832141995429993
0.1505316197872162
0.1510593146085739
0.1514020562171936
0.1518619954586029
0.15237107872962952
0.15283268690109253
0.1533662974834442
0.15385064482688904
0.154606893658638
0.1552930325269699
0.15599706768989563
0.1566040962934494
0.15717798471450806
0.15775229036808014
0.15836752951145172
0.15895594656467438
0.15948393940925598
0.1599830985069275
0.16053353250026703
0.16126300394535065
0.16216398775577545
0.16314326226711273
0.16416625678539276
0.16531802713871002
0.1666654795408249
0.16825415194034576
0.17013902962207794
0.17234882712364197
0.008984140120446682
0.007949680089950562
0.007841480895876884
0.007786157540977001
0.007757987827062607
0.007738606538623571
0.1529296487569809
0.1659075766801834
0.17247037589550018
0.17729485034942627
0.18148115277290344
0.18578675389289856
0.19040831923484802
0.1953761875629425
0.2006947249174118
0.20723357796669006
0.21660153567790985
0.22606217861175537
0.23568633198738098
0.2460564374923706
0.2564948797225952
0.2684767544269562
0.27608320116996765
0.27151066064834595
0.26683273911476135
0.2621256709098816
0.2573806941509247
0.25263604521751404
0.2478732168674469
0.24307182431221008
0.2382296472787857
0.23340658843517303
0.2285737246274948
0.22374463081359863
0.21868740022182465
0.213642418384552
0.20867665112018585
0.2037891298532486
0.1989891678094864
0.19427847862243652
0.18961000442504883
0.18499961495399475
0.1805211454629898
0.1761903464794159
0.17200113832950592
0.16793182492256165
0.16397958993911743
0.16012531518936157
0.15634028613567352
0.15261203050613403
0.14893022179603577
0.14533154666423798
0.14179079234600067
0.1382688283920288
0.13473136723041534
0.13117893040180206
0.12770526111125946
0.12430578470230103
0.12097164988517761
0.11798397451639175
