19.014137268066406
18.211355209350586
15.909101486206055
13.48037338256836
12.090984344482422
11.356393814086914
10.990949630737305
10.878340721130371
10.953187942504883
11.15029239654541
11.476170539855957
11.894919395446777
12.319903373718262
12.756587982177734
13.203252792358398
13.672208786010742
14.174639701843262
14.719184875488281
15.320012092590332
15.97592544555664
16.68808937072754
17.46505355834961
18.32662582397461
19.275070190429688
20.30968475341797
21.43858528137207
22.61148452758789
23.851093292236328
25.12675666809082
26.371274948120117
27.63336181640625
28.914648056030273
7.3052778244018555
6.389260292053223
6.154601097106934
6.360959529876709
6.634424209594727
6.931414604187012
42.338993072509766
40.7033805847168
39.592308044433594
40.31987380981445
41.279945373535156
42.37200927734375
43.50553512573242
44.660423278808594
45.83734893798828
47.05915069580078
48.320255279541016
49.5799446105957
50.894081115722656
52.149436950683594
53.362762451171875
54.56211853027344
55.735530853271484
56.83578872680664
57.783973693847656
58.54673767089844
59.186439514160156
59.7475471496582
60.24734878540039
60.67374801635742
60.96274948120117
61.120121002197266
61.1477165222168
61.05942916870117
60.88899612426758
60.67087936401367
60.414031982421875
60.12168884277344
59.79887008666992
59.451934814453125
59.0870361328125
58.69108200073242
58.26158905029297
57.81358337402344
57.351261138916016
56.89427185058594
56.494468688964844
56.11372756958008
55.749664306640625
55.405399322509766
55.080535888671875
54.77802658081055
54.498531341552734
54.24300003051758
54.01158142089844
53.80768966674805
53.627769470214844
53.463783264160156
53.311336517333984
53.16623306274414
