19.033740997314453
18.447851181030273
16.046894073486328
13.594849586486816
12.017661094665527
11.060165405273438
10.458026885986328
10.066534042358398
9.808963775634766
9.641639709472656
9.522970199584961
9.442818641662598
9.41390609741211
9.43486499786377
9.497373580932617
9.599203109741211
9.735525131225586
9.903419494628906
10.103890419006348
10.337959289550781
10.604022979736328
10.908854484558105
11.249201774597168
11.659567832946777
12.164899826049805
12.799365997314453
13.529437065124512
14.33497428894043
15.215258598327637
16.165992736816406
17.180662155151367
18.263797760009766
3.421961545944214
2.8298585414886475
2.760781764984131
2.8520727157592773
2.9760680198669434
3.116896152496338
26.075986862182617
26.46436309814453
26.73490333557129
27.655595779418945
28.669469833374023
29.747661590576172
30.86440086364746
32.0024299621582
33.15900421142578
34.32148361206055
35.46531295776367
36.57576370239258
37.64532470703125
38.66592788696289
39.636470794677734
40.59353256225586
41.55852508544922
42.4963493347168
43.43060302734375
44.37948989868164
45.32663345336914
46.28778839111328
47.266136169433594
48.190521240234375
49.00689697265625
49.7246208190918
50.349998474121094
50.884517669677734
51.31569290161133
51.621826171875
51.848976135253906
51.989837646484375
52.034515380859375
51.9914665222168
51.87443542480469
51.70663070678711
51.51411056518555
51.30853271484375
51.08711242675781
50.848731994628906
50.592613220214844
50.31739044189453
50.02201461791992
49.705562591552734
49.373477935791016
49.035621643066406
48.70109939575195
48.378074645996094
48.06956100463867
47.78200912475586
47.50992202758789
47.25490188598633
47.008277893066406
46.75522232055664
