0.04098157212138176
0.04457447677850723
0.0503510981798172
0.05474304407835007
0.055378202348947525
0.05574094504117966
0.056077517569065094
0.05629356950521469
0.056444913148880005
0.056567300111055374
0.05672352388501167
0.056886229664087296
0.057044170796871185
0.05725201219320297
0.05742623656988144
0.05758441612124443
0.05774443596601486
0.057891324162483215
0.05804814398288727
0.05819496884942055
0.05834740027785301
0.05849814787507057
0.05865190550684929
0.05881033465266228
0.05898206681013107
0.05916476994752884
0.059368960559368134
0.0596124641597271
0.059923212975263596
0.06029491126537323
0.06070433184504509
0.06113917753100395
0.0030577159486711025
0.00282709370367229
0.002812643302604556
0.0027904007583856583
0.002779607428237796
0.0027725696563720703
0.05333034321665764
0.05750839412212372
0.05973001942038536
0.06142657622694969
0.06271550059318542
0.06378443539142609
0.0647718608379364
0.0656830444931984
0.06654851138591766
0.0673934668302536
0.06824783235788345
0.06914174556732178
0.07009498029947281
0.07110536098480225
0.07216086983680725
0.07325049489736557
0.07437819242477417
0.07554682344198227
0.07676128298044205
0.07802049070596695
0.07933925837278366
0.08071859925985336
0.08212319016456604
0.08359391242265701
0.08511300384998322
0.08664365857839584
0.08813294023275375
0.08963150531053543
0.09116140007972717
0.09247749298810959
0.09353233873844147
0.09458260238170624
0.09562380611896515
0.09670226275920868
0.09774163365364075
0.09878280758857727
0.099884994328022
0.10096018761396408
0.10276319086551666
0.10452907532453537
0.10625018924474716
0.10790383070707321
0.10948496311903
0.11101536452770233
0.11242746561765671
0.11379382014274597
0.11512491106987
0.11649884283542633
0.11791497468948364
0.11933529376983643
0.12074077874422073
0.12214939296245575
0.12351103872060776
0.1248597577214241
