0.040669333189725876
0.043632928282022476
0.04898960888385773
0.05446626991033554
0.0553671270608902
0.05562525615096092
0.055898457765579224
0.05619820952415466
0.056462690234184265
0.0566764697432518
0.05683063343167305
0.05695602297782898
0.057087384164333344
0.05727807432413101
0.05755409598350525
0.05783015489578247
0.05806043744087219
0.058267854154109955
0.05848075821995735
0.0586906336247921
0.058882638812065125
0.05906813591718674
0.05925852060317993
0.05948065593838692
0.059766557067632675
0.06014453247189522
0.06062157452106476
0.061175387352705
0.06177620217204094
0.062410302460193634
0.06309013813734055
0.06384381651878357
0.0032362500205636024
0.002905862173065543
0.0028016928117722273
0.0027895469684153795
0.0027815429493784904
0.002776408102363348
0.05651642009615898
0.06145329773426056
0.06391690671443939
0.06550279259681702
0.0667867586016655
0.06805946677923203
0.0694226548075676
0.07088456302881241
0.07242707908153534
0.0740283951163292
0.07566250115633011
0.07731525599956512
0.07898898422718048
0.08068898320198059
0.08243072032928467
0.08415341377258301
0.08581998944282532
0.08745469152927399
0.08912181109189987
0.09087083488702774
0.09238031506538391
0.09362561255693436
0.09489756077528
0.09620197862386703
0.09749536216259003
0.09882151335477829
0.10008984059095383
0.10180433094501495
0.10396029055118561
0.10595463961362839
0.10791545361280441
0.10991005599498749
0.1119656190276146
0.11408562958240509
0.11633922904729843
0.1185854896903038
0.12052297592163086
0.12224491685628891
0.1238352581858635
0.12537431716918945
0.12679749727249146
0.12820956110954285
0.12967951595783234
0.13126547634601593
0.13306671380996704
0.1340172439813614
0.1349978744983673
0.13717368245124817
0.13965104520320892
0.1424628347158432
0.14530204236507416
0.1474308967590332
0.14929112792015076
0.15085582435131073
0.14544130861759186
