0.021898459643125534
0.02430441416800022
0.028625210747122765
0.03028290905058384
0.030679183080792427
0.031091896817088127
0.031318821012973785
0.03140547499060631
0.031445421278476715
0.03151194006204605
0.03160625696182251
0.03169909119606018
0.03181421756744385
0.03189701959490776
0.03198303282260895
0.03205830231308937
0.03213375061750412
0.03220190480351448
0.03227151185274124
0.03235757350921631
0.032447412610054016
0.032534159719944
0.03261597827076912
0.03269336372613907
0.03276978060603142
0.03284856304526329
0.03297515586018562
0.03312317654490471
0.03329094499349594
0.0334952250123024
0.0337376706302166
0.034017764031887054
0.0022294980008155107
0.0018298154463991523
0.001703369664028287
0.001618682756088674
0.001569023821502924
0.0015444267774000764
0.02989204414188862
0.032364893704652786
0.03372577205300331
0.034808702766895294
0.0356343649327755
0.036295440047979355
0.03687561675906181
0.037424396723508835
0.037964798510074615
0.03852247819304466
0.039100129157304764
0.03970002010464668
0.04032275453209877
0.040969204157590866
0.04164232313632965
0.042341284453868866
0.04306907579302788
0.04382266849279404
0.04460153356194496
0.04541671648621559
0.04627803713083267
0.047157760709524155
0.04792395606637001
0.0486496277153492
0.0493883341550827
0.05012040212750435
0.050867654383182526
0.05164502561092377
0.05245528370141983
0.05327741056680679
0.054118961095809937
0.05496464669704437
0.055817343294620514
0.05669962987303734
0.05741601437330246
0.05634593963623047
0.05533771589398384
0.05436323955655098
0.053407490253448486
0.05245591700077057
0.051496781408786774
0.05053579807281494
0.049578018486499786
0.048624295741319656
0.04768522083759308
0.04676214978098869
0.04585179686546326
0.04494360461831093
0.04404021054506302
0.04314892366528511
0.04227270558476448
0.04140593856573105
0.04057327285408974
0.039757099002599716
