0.4872550070285797
0.5209683179855347
0.7445443272590637
0.9968719482421875
1.0196970701217651
1.0241109132766724
1.0306930541992188
1.0380101203918457
1.0467618703842163
1.058030605316162
1.07156240940094
1.0884325504302979
1.104720950126648
1.1164636611938477
1.1304725408554077
1.1450016498565674
1.1585297584533691
1.1684867143630981
1.1776357889175415
1.1909089088439941
1.2062578201293945
1.2223379611968994
1.2428581714630127
1.2654651403427124
1.2902921438217163
1.316886067390442
1.3429769277572632
1.3722654581069946
1.404221534729004
1.4398924112319946
1.4852150678634644
1.5428541898727417
0.032889071851968765
0.03277160972356796
0.03297140449285507
0.03445153683423996
0.03434167429804802
0.034243158996105194
0.5520491003990173
1.1388676166534424
1.407349705696106
1.7851388454437256
2.0778064727783203
2.0720412731170654
2.0675570964813232
2.101543426513672
2.1700093746185303
2.2692787647247314
9.205927848815918
15.849809646606445
20.220739364624023
23.928165435791016
27.755369186401367
33.9431037902832
40.90384292602539
47.975975036621094
54.97648620605469
61.93546676635742
70.6356201171875
79.38529205322266
87.92533111572266
96.17860412597656
104.01207733154297
111.52095031738281
118.8351821899414
126.26841735839844
132.9517059326172
139.18215942382812
144.9073944091797
150.03489685058594
154.58348083496094
158.58563232421875
162.11337280273438
165.1412811279297
168.1165771484375
170.47499084472656
172.49888610839844
174.29917907714844
175.97581481933594
177.39991760253906
178.54714965820312
179.3794403076172
179.60015869140625
179.6067352294922
179.53778076171875
179.24356079101562
178.84580993652344
178.39442443847656
177.90956115722656
177.38406372070312
176.8292999267578
176.26773071289062
175.7002716064453
