0.037036433815956116
0.038457922637462616
0.04213298484683037
0.045782145112752914
0.04884827509522438
0.0508233942091465
0.05115508288145065
0.051382001489400864
0.05152692273259163
0.051614146679639816
0.05168581381440163
0.05175948143005371
0.05188271403312683
0.05203912779688835
0.05228176712989807
0.05246804654598236
0.05262811481952667
0.052764058113098145
0.05290564149618149
0.053052064031362534
0.05319344997406006
0.05334167927503586
0.053508590906858444
0.05367691442370415
0.05384057015180588
0.05401131138205528
0.054209429770708084
0.05443871393799782
0.05472157895565033
0.05507124960422516
0.05547948554158211
0.05592944473028183
0.0031735326629132032
0.0029098193626850843
0.0028267328161746264
0.002779747126623988
0.0027476553805172443
0.0027227012906223536
0.052129846066236496
0.05464986711740494
0.055793069303035736
0.05662724748253822
0.057399701327085495
0.05819007381796837
0.059017013758420944
0.05987443029880524
0.060761213302612305
0.06168408691883087
0.06264951080083847
0.06367369741201401
0.06472891569137573
0.0658298134803772
0.06696359813213348
0.06812981516122818
0.06932397186756134
0.070541150867939
0.0717729777097702
0.07302479445934296
0.07431969046592712
0.07572007924318314
0.07705305516719818
0.07830169051885605
0.07934445887804031
0.08034303039312363
0.08132395893335342
0.0823102742433548
0.08329895883798599
0.08429160714149475
0.08530586957931519
0.08635817468166351
0.08746027201414108
0.08860310167074203
0.08968693017959595
0.0906471535563469
0.09163373708724976
0.09263905137777328
0.0936458632349968
0.09464779496192932
0.09563099592924118
0.09672337025403976
0.09794062376022339
0.09904251247644424
0.10005339980125427
0.10117361694574356
0.10221842676401138
0.10318833589553833
0.10411550849676132
0.10502512753009796
0.10593724250793457
0.106850765645504
0.10775447636842728
0.10865406692028046
