0.09607496112585068
0.10748441517353058
0.1207086518406868
0.1285453885793686
0.13477808237075806
0.13957929611206055
0.14178484678268433
0.1429249495267868
0.14383535087108612
0.14493663609027863
0.14588893949985504
0.14657874405384064
0.1470944583415985
0.14762195944786072
0.1481887251138687
0.14868825674057007
0.1491582840681076
0.14966492354869843
0.15023018419742584
0.15074297785758972
0.15125994384288788
0.15183214843273163
0.15244172513484955
0.15309388935565948
0.1537395864725113
0.15438365936279297
0.155047208070755
0.1557629406452179
0.15655942261219025
0.15749448537826538
0.15856198966503143
0.15977446734905243
0.018287215381860733
0.011112858541309834
0.009378697723150253
0.008235422894358635
0.007874170318245888
0.007782842498272657
0.13058143854141235
0.14283590018749237
0.1515692174434662
0.16005179286003113
0.16750609874725342
0.17366591095924377
0.17916297912597656
0.18437817692756653
0.18962274491786957
0.19521266222000122
0.20083127915859222
0.20649127662181854
0.2122683823108673
0.218325674533844
0.22484226524829865
0.23195330798625946
0.23945313692092896
0.2498798370361328
0.2616463899612427
0.273225873708725
0.2849721312522888
0.29973021149635315
0.31664976477622986
0.33547887206077576
0.3560396730899811
0.3781794309616089
0.38102564215660095
0.37562867999076843
0.37201493978500366
0.3694957494735718
0.3676944971084595
0.3668648600578308
0.3667576313018799
0.36712437868118286
0.36748892068862915
0.3681541085243225
0.3692513704299927
0.370769739151001
0.3728954792022705
0.3758317232131958
0.37935104966163635
2.5207467079162598
5.265829086303711
7.417726993560791
9.123866081237793
10.677111625671387
11.909268379211426
12.8970947265625
13.717040061950684
14.398842811584473
14.965141296386719
15.433439254760742
15.856100082397461
16.239831924438477
