0.11237960308790207
0.12262928485870361
0.1378711462020874
0.14859358966350555
0.150590717792511
0.15148413181304932
0.15205663442611694
0.15268710255622864
0.15342913568019867
0.15408582985401154
0.15476614236831665
0.15581850707530975
0.15684086084365845
0.15770824253559113
0.15859650075435638
0.15947909653186798
0.16040237247943878
0.16131100058555603
0.16234654188156128
0.16361500322818756
0.165033221244812
0.1665591150522232
0.16836857795715332
0.170584037899971
0.17324067652225494
0.1761781871318817
0.17927245795726776
0.18253184854984283
0.18597210943698883
0.18962980806827545
0.19351470470428467
0.19761565327644348
0.010561754927039146
0.009754566475749016
0.009520293213427067
0.0094100097194314
0.009344182908535004
0.00929176714271307
0.17506523430347443
0.18704096972942352
0.1931728571653366
0.19859610497951508
0.20454134047031403
0.21450459957122803
0.22758957743644714
0.24238774180412292
0.25824451446533203
0.2678779661655426
0.2616161108016968
0.2553938627243042
0.24907325208187103
0.24261939525604248
0.23611107468605042
0.2296438068151474
0.22309201955795288
0.21622012555599213
0.20929284393787384
0.20251083374023438
0.19580015540122986
0.1891350895166397
0.18260248005390167
0.17640666663646698
0.17046897113323212
0.16469642519950867
0.1591537892818451
0.15380357205867767
0.14863812923431396
0.14374148845672607
0.1391495168209076
0.13521592319011688
0.13177186250686646
0.1286790668964386
0.1260741651058197
0.12405174225568771
0.12258463352918625
0.1228320375084877
0.1248985305428505
0.12852658331394196
0.13339447975158691
0.1392291933298111
0.14589644968509674
0.15317046642303467
0.16090314090251923
0.1689944714307785
0.17736835777759552
0.18607105314731598
0.1947333812713623
0.20312346518039703
0.2111220508813858
0.21879979968070984
0.22628521919250488
0.23363129794597626
