0.112276591360569
0.12247452884912491
0.1375700682401657
0.14858804643154144
0.15069234371185303
0.1515236645936966
0.15207383036613464
0.15270361304283142
0.15343345701694489
0.1540852040052414
0.15478147566318512
0.15579256415367126
0.15679730474948883
0.1576649248600006
0.15853655338287354
0.15941044688224792
0.16031400859355927
0.16119104623794556
0.1621730476617813
0.1633957177400589
0.16477887332439423
0.16626262664794922
0.16801026463508606
0.17014697194099426
0.1727047711610794
0.1755729764699936
0.17859233915805817
0.18175195157527924
0.18510004878044128
0.18865510821342468
0.1924479603767395
0.1964588463306427
0.01047589536756277
0.009583187289536
0.009319006465375423
0.009188225492835045
0.009107225574553013
0.009041967801749706
0.1735161542892456
0.18617889285087585
0.19243678450584412
0.19786787033081055
0.2037326693534851
0.21280156075954437
0.22550782561302185
0.23969678580760956
0.2550252079963684
0.268778920173645
0.2625918686389923
0.2564002275466919
0.25021079182624817
0.24388104677200317
0.23743627965450287
0.2309790402650833
0.22457019984722137
0.21806834638118744
0.21124327182769775
0.20447471737861633
0.19786643981933594
0.19138389825820923
0.1849491447210312
0.17851555347442627
0.17244763672351837
0.16669133305549622
0.1611325442790985
0.15587039291858673
0.1508459746837616
0.14595149457454681
0.14113613963127136
0.136638343334198
0.1327972263097763
0.1294376254081726
0.12639424204826355
0.12376543134450912
0.12191451340913773
0.12054126709699631
0.11999321728944778
0.12118174880743027
0.12377114593982697
0.12751002609729767
0.13212227821350098
0.13749784231185913
0.14347372949123383
0.14988656342029572
0.15663142502307892
0.16367346048355103
0.1710154265165329
0.17855480313301086
0.18622395396232605
0.19341564178466797
0.20045426487922668
0.20711949467658997
