0.04581020399928093
0.05621283873915672
0.05992944911122322
0.060448531061410904
0.060818638652563095
0.060965437442064285
0.06100312992930412
0.061134837567806244
0.061334025114774704
0.061592694371938705
0.06188102439045906
0.062168512493371964
0.06244993582367897
0.06266474723815918
0.06284485757350922
0.06300867348909378
0.06316913664340973
0.06334199011325836
0.06354323774576187
0.06379448622465134
0.06406795978546143
0.06402416527271271
0.0635659322142601
0.06317455321550369
0.06282376497983932
0.062486711889505386
0.06216012313961983
0.06183958426117897
0.061511825770139694
0.06117326393723488
0.06083123758435249
0.060483891516923904
0.0030166071373969316
0.0026411176659166813
0.002600292908027768
0.0025857628788799047
0.0025703213177621365
0.002564024180173874
0.057343244552612305
0.06409008055925369
0.06326863914728165
0.06145723536610603
0.06021254137158394
0.059248313307762146
0.058443550020456314
0.0577305443584919
0.057070568203926086
0.056436020880937576
0.055808283388614655
0.055175360292196274
0.0545310415327549
0.05387108027935028
0.05319220945239067
0.0524798184633255
0.05157884955406189
0.05068221688270569
0.049763135612010956
0.04882360249757767
0.047869205474853516
0.04689423367381096
0.04589789733290672
0.044876839965581894
0.04382763430476189
0.04274643585085869
0.041681624948978424
0.040643464773893356
0.0396350622177124
0.03865085542201996
0.03767074644565582
0.03670058399438858
0.03575233742594719
0.03489019349217415
0.034043021500110626
0.033206548541784286
0.03238276392221451
0.03157166764140129
0.030780084431171417
0.030003461986780167
0.029240554198622704
0.02848580852150917
0.02775256708264351
0.02704196237027645
0.02634328231215477
0.025657285004854202
0.024983664974570274
0.024322649464011192
0.023687694221735
0.023080768063664436
0.022500572726130486
0.02194121479988098
0.021402524784207344
0.020883290097117424
