0.09745121747255325
0.11294138431549072
0.12649162113666534
0.1367294192314148
0.14175857603549957
0.14368881285190582
0.14503933489322662
0.1461237072944641
0.14694653451442719
0.14755773544311523
0.14817863702774048
0.1488565057516098
0.14957159757614136
0.1503438949584961
0.1510392725467682
0.15166564285755157
0.15234731137752533
0.15305180847644806
0.1537379026412964
0.15438729524612427
0.15504904091358185
0.15569160878658295
0.15632160007953644
0.15721775591373444
0.15823149681091309
0.15946200489997864
0.16099826991558075
0.16295884549617767
0.16581009328365326
0.1689198911190033
0.17237600684165955
0.17617899179458618
0.01928788796067238
0.011575653217732906
0.009687233716249466
0.0093527901917696
0.009312420152127743
0.009271061047911644
0.1405259221792221
0.1589573174715042
0.17320594191551208
0.18370090425014496
0.19274240732192993
0.2011987417936325
0.2098117172718048
0.21857140958309174
0.22792991995811462
0.23771920800209045
0.2495524287223816
0.26396840810775757
0.2766115069389343
0.2887119948863983
0.30506694316864014
0.33219242095947266
0.37238430976867676
0.41520532965660095
0.4397980570793152
0.46646931767463684
0.4917456805706024
5.049556255340576
9.836864471435547
12.724459648132324
14.743967056274414
16.151790618896484
17.183536529541016
17.984046936035156
18.68090057373047
19.2607479095459
19.720781326293945
20.06884765625
20.32326316833496
20.59056282043457
20.89948272705078
21.229047775268555
21.487335205078125
21.682373046875
21.83266258239746
21.952192306518555
22.044963836669922
22.124794006347656
22.198253631591797
22.272361755371094
22.353261947631836
22.45451545715332
22.572917938232422
22.720548629760742
22.86483383178711
23.009361267089844
28.854103088378906
40.6517333984375
47.29339599609375
51.205631256103516
