0.02469903603196144
0.02723103016614914
0.031099960207939148
0.033355917781591415
0.033723149448633194
0.0339633971452713
0.03423256427049637
0.03438129648566246
0.034519702196121216
0.03460969030857086
0.034715015441179276
0.03484291583299637
0.034989871084690094
0.035124167799949646
0.03525913879275322
0.03539596125483513
0.03554553538560867
0.035717375576496124
0.03588864579796791
0.0360461063683033
0.036194294691085815
0.036338694393634796
0.03649425134062767
0.03666310012340546
0.03684350848197937
0.03704436495900154
0.03726804628968239
0.03752009943127632
0.03780583292245865
0.03812919557094574
0.03848809748888016
0.038877423852682114
0.0018654176965355873
0.0016918722540140152
0.001679332577623427
0.00167469575535506
0.001671286765486002
0.001667481497861445
0.03457251936197281
0.03697275370359421
0.038426753133535385
0.03949795290827751
0.040324050933122635
0.04102036729454994
0.041659530252218246
0.04229102283716202
0.0429404079914093
0.043615881353616714
0.044318072497844696
0.04505165293812752
0.045821819454431534
0.04663074389100075
0.047479644417762756
0.048367444425821304
0.04928745701909065
0.05023456737399101
0.05121874436736107
0.05226283147931099
0.05335886776447296
0.05447756499052048
0.055609773844480515
0.056640684604644775
0.05754445865750313
0.05843950808048248
0.05929074436426163
0.06012215092778206
0.0609414167702198
0.06177306920289993
0.06259309500455856
0.0633961632847786
0.06419264525175095
0.06497228145599365
0.06573765724897385
0.06649112701416016
0.06724084913730621
0.06799072027206421
0.0687432736158371
0.06949016451835632
0.0702267661690712
0.07095181941986084
0.07171072065830231
0.07247225195169449
0.07185161113739014
0.06998933106660843
0.06824252754449844
0.06656014919281006
0.0649154782295227
0.06329607963562012
0.06169956177473068
0.060126859694719315
0.05857400596141815
0.0570419542491436
