0.09454868733882904
0.1071491613984108
0.12534719705581665
0.13390995562076569
0.13903582096099854
0.14165225625038147
0.14301885664463043
0.14381463825702667
0.14438018202781677
0.14477021992206573
0.14511899650096893
0.14549309015274048
0.1459227055311203
0.14638037979602814
0.14681589603424072
0.14735731482505798
0.14793379604816437
0.14844581484794617
0.14896641671657562
0.14949116110801697
0.15003544092178345
0.15056315064430237
0.15105900168418884
0.15151312947273254
0.15209269523620605
0.1527121514081955
0.1534343659877777
0.15431396663188934
0.15546341240406036
0.15723438560962677
0.1590992659330368
0.16104218363761902
0.022129198536276817
0.012994459830224514
0.008965512737631798
0.008189596235752106
0.008131121285259724
0.008110981434583664
0.1323491781949997
0.14117605984210968
0.1483868807554245
0.15698479115962982
0.16576500236988068
0.17292413115501404
0.17893646657466888
0.18421733379364014
0.18901461362838745
0.19355612993240356
0.19807972013950348
0.20288415253162384
0.20806124806404114
0.2136080265045166
0.2195618897676468
0.22614264488220215
0.233160600066185
0.2410961389541626
0.2518365681171417
0.2634158432483673
0.27440428733825684
0.2846301198005676
0.296292245388031
0.3091202974319458
0.32281240820884705
0.33736029267311096
0.3530113101005554
0.34611836075782776
0.3366621136665344
0.3278549909591675
0.31917354464530945
0.3106270432472229
0.3022726774215698
0.29397064447402954
0.2858876883983612
0.2781674861907959
0.27052685618400574
0.2716974914073944
0.2835747301578522
0.30450502038002014
0.3280552625656128
0.3562030494213104
3.048224925994873
4.760547161102295
5.733380317687988
6.448134899139404
7.048513412475586
7.572715759277344
8.05047607421875
8.486851692199707
8.887967109680176
9.325825691223145
9.754023551940918
10.149456024169922
