0.007898302748799324
0.008699833415448666
0.009622284211218357
0.010525315068662167
0.011346101760864258
0.011583894491195679
0.011682121083140373
0.011753463186323643
0.011813119985163212
0.011901576071977615
0.012000903487205505
0.012129074893891811
0.012261759489774704
0.012383715249598026
0.012497629038989544
0.01261366717517376
0.012755134142935276
0.012940858490765095
0.013174518942832947
0.01345380675047636
0.01376903336495161
0.014107988215982914
0.01446253526955843
0.014806700870394707
0.015111873857676983
0.015434129163622856
0.015767505392432213
0.016112320125102997
0.016468534246087074
0.016850028187036514
0.017245376482605934
0.017655132338404655
0.0009869517525658011
0.0009638800984248519
0.0009674118482507765
0.0009749332093633711
0.0009818433318287134
0.0009865723550319672
0.01745581068098545
0.018210718408226967
0.018654335290193558
0.019020680338144302
0.01939142495393753
0.019799230620265007
0.02025158517062664
0.02075946144759655
0.021331103518605232
0.021843567490577698
0.02231648750603199
0.022807225584983826
0.02332884632050991
0.023863105103373528
0.02440771833062172
0.024958645924925804
0.025512447580695152
0.026059987023472786
0.02660004422068596
0.027143828570842743
0.02769191935658455
0.02824218198657036
0.028797157108783722
0.029357438907027245
0.029925774782896042
0.030506202951073647
0.03111315332353115
0.03177495673298836
0.032464995980262756
0.033183056861162186
0.03392734378576279
0.03469664603471756
0.03548607602715492
0.03609650582075119
0.03475922346115112
0.03358149155974388
0.032468281686306
0.03140125423669815
0.030367033556103706
0.029365431517362595
0.02839796617627144
0.027476642280817032
0.026601778343319893
0.025768877938389778
0.02497023716568947
0.02420210838317871
0.02347109653055668
0.022770659998059273
0.022098757326602936
0.021455081179738045
0.020838716998696327
0.02024705708026886
0.01967826671898365
0.019133899360895157
