0.18165498971939087
0.18688224256038666
0.19209598004817963
0.21073487401008606
0.22708484530448914
0.2426469773054123
0.25174957513809204
0.2548423707485199
0.25758662819862366
0.2598694860935211
0.26168006658554077
0.26342037320137024
0.2650357782840729
0.26648277044296265
0.2677519917488098
0.2688906192779541
0.2700330317020416
0.2711476683616638
0.2721368372440338
0.2729496657848358
0.27450093626976013
0.2758469581604004
0.2770984172821045
0.27847278118133545
0.28015026450157166
0.2821405231952667
0.28431183099746704
0.28665441274642944
0.28937047719955444
0.2961965799331665
0.30533429980278015
0.31487786769866943
0.025070857256650925
0.024910883978009224
0.024815132841467857
0.0246899351477623
0.02454559877514839
0.02439866028726101
0.2696209251880646
0.29540255665779114
0.31295570731163025
0.3296339213848114
0.3462328016757965
0.3629995584487915
0.3795369267463684
0.3958234488964081
0.4118518829345703
0.4260580539703369
0.4595448672771454
0.5841739773750305
0.838810920715332
1.3642381429672241
23.997543334960938
50.27243423461914
66.43208312988281
79.87891387939453
92.54393768310547
105.57955932617188
118.51405334472656
134.03189086914062
151.0964813232422
168.3893280029297
185.22012329101562
201.53338623046875
217.25860595703125
232.68531799316406
247.5533447265625
262.457763671875
277.2746887207031
292.7144470214844
308.4306335449219
324.612060546875
336.7225036621094
339.47845458984375
340.23614501953125
340.21282958984375
340.4027099609375
340.55633544921875
340.5777587890625
340.6861267089844
340.6426696777344
340.40283203125
340.0450744628906
339.4134826660156
338.693603515625
338.115966796875
337.5335388183594
336.8857421875
336.1088562011719
335.2355651855469
334.3384704589844
333.4665832519531
