4.0085320472717285
4.669789791107178
6.242305278778076
7.271703720092773
6.719755172729492
6.421756744384766
6.440129280090332
6.674631595611572
7.029231071472168
7.4537672996521
7.956804275512695
8.50407886505127
8.724390983581543
8.654227256774902
8.67406177520752
8.781837463378906
8.922504425048828
9.08498764038086
9.274588584899902
9.488259315490723
9.702669143676758
9.885526657104492
10.032097816467285
10.180069923400879
10.352896690368652
10.559606552124023
10.77839183807373
11.001230239868164
11.232181549072266
11.480427742004395
11.747396469116211
12.020627975463867
0.2371211051940918
0.20903629064559937
0.21395985782146454
0.2233288437128067
0.23482538759708405
0.24639058113098145
13.097687721252441
14.015189170837402
14.09079647064209
14.132223129272461
14.222643852233887
14.378660202026367
14.593754768371582
14.849310874938965
15.139548301696777
15.465842247009277
15.82633113861084
16.21695327758789
16.625408172607422
17.107906341552734
17.68556022644043
18.20616340637207
18.711090087890625
19.229248046875
19.768482208251953
20.333654403686523
20.926095962524414
21.543428421020508
22.183563232421875
22.855297088623047
23.551748275756836
24.265365600585938
24.993337631225586
25.7359676361084
26.499561309814453
27.30357551574707
28.140361785888672
29.002561569213867
29.91458511352539
30.878658294677734
31.877696990966797
32.88652801513672
33.883270263671875
34.9274787902832
35.91144943237305
36.825321197509766
37.68877029418945
38.509681701660156
39.29438018798828
40.06051254272461
40.83009338378906
41.58479690551758
42.32033157348633
43.03302001953125
43.71052551269531
44.33989334106445
44.91244888305664
45.42741775512695
45.884429931640625
46.29261779785156
