0.02204413153231144
0.024504469707608223
0.029413588345050812
0.03042411431670189
0.030978089198470116
0.03133274242281914
0.03145834803581238
0.03152262791991234
0.03162993863224983
0.03175658732652664
0.031876470893621445
0.03197349235415459
0.03206086531281471
0.03215036541223526
0.03222548961639404
0.0323103629052639
0.03240982070565224
0.03251034393906593
0.032607436180114746
0.0326986089348793
0.03278862684965134
0.03289928659796715
0.03305298462510109
0.03321978822350502
0.03341830521821976
0.033653922379016876
0.03393698111176491
0.03426439315080643
0.03462740033864975
0.03503238037228584
0.035486798733472824
0.03599488362669945
0.0023035556077957153
0.0018502167658880353
0.0017040619859471917
0.001636857632547617
0.0015989685198292136
0.0015848652692511678
0.032747022807598114
0.035455357283353806
0.03701193258166313
0.038053158670663834
0.0388396792113781
0.039514582604169846
0.04016300290822983
0.040829241275787354
0.041535988450050354
0.04229924827814102
0.04312003031373024
0.04399128258228302
0.04491543397307396
0.04589921608567238
0.04694944620132446
0.047957643866539
0.04885747283697128
0.049775224179029465
0.050694774836301804
0.051622651517391205
0.052589863538742065
0.05357414484024048
0.05458603799343109
0.05558542534708977
0.05662359669804573
0.056914765387773514
0.055714286863803864
0.054582685232162476
0.05349373817443848
0.05241754278540611
0.05133767053484917
0.05025439336895943
0.049174193292856216
0.04810139164328575
0.047034118324518204
0.04598148167133331
0.044944100081920624
0.043912261724472046
0.042881131172180176
0.041862476617097855
0.04085605964064598
0.039898935705423355
0.03895771875977516
0.038015466183423996
0.03709222376346588
0.03618219122290611
0.03528076410293579
0.03440028429031372
0.03355121240019798
0.03273377567529678
0.03194468468427658
0.031183293089270592
0.03044411540031433
0.02972611039876938
