0.04459824413061142
0.05344774201512337
0.05964520201086998
0.06158054247498512
0.06147244572639465
0.06124649941921234
0.06129085272550583
0.06157861277461052
0.062002357095479965
0.06246031075716019
0.06290831416845322
0.06332746893167496
0.06370898336172104
0.06403294950723648
0.06437873095273972
0.06476838141679764
0.06522051990032196
0.06505391001701355
0.06439194828271866
0.0638573095202446
0.06337634474039078
0.06294422596693039
0.0625506341457367
0.06215980276465416
0.06176939606666565
0.06136050820350647
0.06092546135187149
0.06046229600906372
0.05996686965227127
0.0594378262758255
0.05887666344642639
0.05828320235013962
0.0033105716574937105
0.00268258317373693
0.002631605602800846
0.0025981212966144085
0.002589060226455331
0.0025819784495979548
0.06258770823478699
0.06501984596252441
0.060143616050481796
0.057679809629917145
0.0562049001455307
0.054962627589702606
0.053748346865177155
0.05260307341814041
0.05148013308644295
0.05035078525543213
0.04920656234025955
0.04804639890789986
0.046862851828336716
0.04562828689813614
0.044299423694610596
0.04298357665538788
0.04178791493177414
0.04071294516324997
0.03963708505034447
0.03855555132031441
0.03749895840883255
0.03645789623260498
0.03542058914899826
0.03439715877175331
0.03338675573468208
0.03238683566451073
0.03138308972120285
0.030384911224246025
0.029391193762421608
0.02841528132557869
0.027459947392344475
0.026536747813224792
0.02564356103539467
0.024784918874502182
0.0239725224673748
0.02320917882025242
0.022491013631224632
0.021812887862324715
0.02116956189274788
0.020557887852191925
0.019973933696746826
0.019413670524954796
0.01913696713745594
0.01886701211333275
0.018344370648264885
0.01783790998160839
0.017349235713481903
0.016878299415111542
0.016424857079982758
0.015988890081644058
0.015569359995424747
0.015165881253778934
0.014777882024645805
0.014404275454580784
0.014044016599655151
