6.95134973526001
7.952976226806641
10.059951782226562
12.416749954223633
13.405478477478027
13.632615089416504
14.307804107666016
14.307600021362305
14.002222061157227
14.021651268005371
14.339921951293945
14.76092529296875
15.35871410369873
16.097381591796875
16.820003509521484
17.4149112701416
17.745344161987305
17.703174591064453
17.737871170043945
17.9399471282959
18.299768447875977
18.790443420410156
19.42310905456543
20.17986488342285
21.01235580444336
21.97788429260254
23.13217544555664
24.49667739868164
26.0416316986084
27.9589786529541
30.29555320739746
33.177406311035156
0.5339441299438477
0.38057026267051697
0.3149034380912781
0.31472262740135193
0.32136183977127075
0.3284410238265991
9.052348136901855
16.310720443725586
41.349464416503906
63.74281311035156
76.27635955810547
85.70462799072266
94.93631744384766
105.16276550292969
116.95112609863281
129.89523315429688
143.94711303710938
159.2372283935547
175.6520233154297
193.26329040527344
212.258544921875
232.54183959960938
254.45941162109375
277.10186767578125
299.50006103515625
321.9635009765625
344.7425231933594
361.1090393066406
372.9906005859375
385.1170349121094
396.364990234375
406.04595947265625
414.63818359375
422.07916259765625
428.5345764160156
434.2057800292969
439.09869384765625
443.2679138183594
446.8797912597656
450.0965270996094
453.0990295410156
455.90478515625
458.3853759765625
459.6785888671875
460.83392333984375
461.9624938964844
462.9407653808594
463.65679931640625
463.9978332519531
463.8362731933594
463.11810302734375
462.0192565917969
460.6902770996094
459.2388916015625
457.72393798828125
456.0045166015625
454.16656494140625
452.2785339355469
450.3574523925781
448.4180603027344
