18.96411895751953
18.089845657348633
15.688509941101074
13.200571060180664
11.795117378234863
11.023584365844727
10.582330703735352
10.325833320617676
10.177149772644043
10.095553398132324
10.066256523132324
10.088592529296875
10.174758911132812
10.32203197479248
10.50373363494873
10.750955581665039
11.06411075592041
11.443009376525879
11.888322830200195
12.39750862121582
12.967911720275879
13.601880073547363
14.298577308654785
15.035444259643555
15.794656753540039
16.565385818481445
17.334821701049805
18.09394073486328
18.88995361328125
19.725126266479492
20.575387954711914
21.47770118713379
4.110373020172119
3.666895627975464
3.6500604152679443
3.8696999549865723
4.091459274291992
4.3063645362854
32.076480865478516
30.170520782470703
29.338003158569336
29.85982894897461
30.732542037963867
31.75725555419922
32.8701286315918
34.04937744140625
35.21675109863281
36.36585998535156
37.49966049194336
38.62137985229492
39.7314453125
40.82655715942383
41.88063430786133
42.8513298034668
43.73615646362305
44.559356689453125
45.38351821899414
46.16153335571289
46.88511276245117
47.62574005126953
48.447750091552734
49.28555679321289
50.11164855957031
50.92042541503906
51.606964111328125
52.15253829956055
52.58830642700195
52.94916534423828
53.2501106262207
53.48870849609375
53.621986389160156
53.663352966308594
53.62981033325195
53.538082122802734
53.39833450317383
53.21287155151367
52.97904586791992
52.69913864135742
52.38457489013672
52.042686462402344
51.6781120300293
51.29818344116211
50.906986236572266
50.50837707519531
50.10388946533203
49.69272232055664
49.27704620361328
48.862220764160156
48.4524040222168
48.051597595214844
47.6656379699707
47.293243408203125
