2085.19970703125
2075.944580078125
2048.254638671875
2027.4324951171875
2012.8465576171875
2001.143310546875
1994.3316650390625
2010.629638671875
2064.650146484375
2074.352294921875
2068.155029296875
2060.2861328125
2053.046142578125
2046.689208984375
2050.80615234375
2087.395263671875
2119.166259765625
2138.946044921875
2154.618896484375
2173.80908203125
2194.968017578125
2214.380859375
2232.791259765625
2251.56494140625
2274.003173828125
2299.40234375
2329.75
2372.730224609375
2425.218994140625
2482.85400390625
2545.121337890625
2615.922119140625
125.4898910522461
126.29053497314453
126.89069366455078
127.28003692626953
127.5434799194336
127.75354766845703
1963.7110595703125
2380.684326171875
2561.5556640625
2700.36572265625
2836.4287109375
2976.43798828125
3119.302490234375
3262.488037109375
3405.061767578125
3548.15576171875
3694.23388671875
3845.085693359375
4000.6904296875
4158.20361328125
4315.96826171875
4476.90380859375
4641.07958984375
4807.154296875
4976.97509765625
5154.31689453125
5336.3408203125
5515.95556640625
5698.39208984375
5891.2607421875
6093.197265625
6285.98828125
6479.68798828125
6683.3701171875
6888.0927734375
7097.27099609375
7301.3701171875
7503.00341796875
7715.3427734375
7905.19287109375
8075.48046875
8232.9140625
8378.953125
8511.1767578125
8631.9072265625
8735.2939453125
8823.7236328125
8889.3662109375
8936.6083984375
8969.9970703125
8998.3134765625
9010.0166015625
9006.3583984375
8991.4150390625
8966.208984375
8930.869140625
8891.455078125
8846.373046875
8792.1201171875
8734.9072265625
