0.16116712987422943
0.18082185089588165
0.2041659653186798
0.20834097266197205
0.20934085547924042
0.2102290540933609
0.21107938885688782
0.21184471249580383
0.21256056427955627
0.21355371177196503
0.21432580053806305
0.21501736342906952
0.21561896800994873
0.21620215475559235
0.2172880917787552
0.21840688586235046
0.21936148405075073
0.2202669382095337
0.22114582359790802
0.22207926213741302
0.2230946123600006
0.2243622988462448
0.22604981064796448
0.22798997163772583
0.23035834729671478
0.23319371044635773
0.23641322553157806
0.24000921845436096
0.24414612352848053
0.24880748987197876
0.25399914383888245
0.2595721483230591
0.01243236567825079
0.011941665783524513
0.012007066048681736
0.012141508050262928
0.012283442541956902
0.012415873818099499
0.24288667738437653
0.25090596079826355
0.25629621744155884
0.2632162570953369
0.2714025378227234
0.2820391058921814
0.3019116520881653
0.3232346475124359
0.34646573662757874
0.3719016909599304
0.37433773279190063
0.3668680191040039
0.3594466745853424
0.352081298828125
0.3446762263774872
0.337197482585907
0.32961559295654297
0.3219397962093353
0.3143269121646881
0.30617961287498474
0.2976371943950653
0.28927135467529297
0.2810962200164795
0.27309122681617737
0.26533398032188416
0.25785955786705017
0.2505671977996826
0.24347762763500214
0.23658032715320587
0.22982363402843475
0.22321495413780212
0.2167457938194275
0.2104339450597763
0.2043047398328781
0.19846589863300323
0.19291649758815765
0.1876099854707718
0.18248263001441956
0.17750178277492523
0.17267848551273346
0.16796563565731049
0.1633901596069336
0.15896004438400269
0.1546698808670044
0.15048329532146454
0.1466323882341385
0.14305470883846283
0.13967105746269226
0.1364343911409378
0.13330940902233124
0.13027547299861908
0.12736038863658905
0.12453463673591614
0.12181577831506729
