2063.124267578125
2033.516845703125
2024.0810546875
2042.0806884765625
2135.305908203125
2198.476806640625
2187.87841796875
2163.40576171875
2159.89990234375
2174.540283203125
2205.82763671875
2234.972412109375
2261.8486328125
2277.112060546875
2288.864990234375
2299.03857421875
2311.520751953125
2328.578857421875
2349.123779296875
2372.731689453125
2400.21728515625
2428.534423828125
2456.54736328125
2496.7216796875
2564.149658203125
2660.359130859375
2780.630126953125
2920.432861328125
3075.55517578125
3242.75
3418.859619140625
3600.172607421875
131.7096405029297
136.27186584472656
140.04539489746094
142.82798767089844
144.3091278076172
144.91709899902344
3048.32861328125
3823.4912109375
4137.755859375
4279.8076171875
4385.90966796875
4506.91650390625
4657.61083984375
4838.12841796875
5044.86376953125
5273.35595703125
5520.6494140625
5798.64501953125
6123.201171875
6458.70166015625
6806.74462890625
7187.31787109375
7594.822265625
8012.97265625
8434.470703125
8713.2021484375
8677.556640625
8669.2802734375
8661.49609375
8642.619140625
8611.48828125
8566.8203125
8507.7705078125
8435.375
8351.666015625
8258.6884765625
8157.17138671875
8034.61962890625
7903.3515625
7766.66748046875
7622.353515625
7467.9150390625
7306.98486328125
7142.55078125
6974.21435546875
6805.4296875
6635.8662109375
6466.53369140625
6297.607421875
6128.9365234375
5960.21630859375
5791.0986328125
5622.1103515625
5453.6572265625
5285.9501953125
5119.1328125
4953.73974609375
4789.24658203125
4625.66357421875
4463.37841796875
