2079.799560546875
2048.751708984375
2013.8958740234375
1983.972412109375
2054.419677734375
2051.86181640625
2062.57275390625
2103.318603515625
2123.16455078125
2140.7880859375
2160.888427734375
2189.123779296875
2223.746826171875
2260.405517578125
2294.916015625
2322.96533203125
2349.2548828125
2377.5791015625
2405.376220703125
2432.591796875
2465.997802734375
2508.75927734375
2561.860107421875
2628.46337890625
2710.004150390625
2804.782958984375
2910.619140625
3026.155517578125
3148.34423828125
3274.2802734375
3402.24462890625
3530.66162109375
118.48509979248047
119.8115463256836
120.91815948486328
121.76908111572266
122.3622055053711
122.80841827392578
2204.2421875
2978.93701171875
3323.952392578125
3528.1484375
3697.699462890625
3870.746337890625
4057.39794921875
4257.2060546875
4467.5888671875
4683.41455078125
4904.52783203125
5130.0732421875
5351.21435546875
5563.26611328125
5756.7861328125
5935.7626953125
6118.92822265625
6325.84130859375
6523.45263671875
6700.9150390625
6843.2705078125
6971.89111328125
7093.43505859375
7208.30517578125
7334.4814453125
7460.34423828125
7566.01953125
7638.5771484375
7696.47705078125
7722.5439453125
7729.72607421875
7721.55712890625
7709.41943359375
7706.865234375
7720.55712890625
7758.78466796875
7823.0107421875
7879.625
7918.56005859375
7960.46923828125
8080.7255859375
8243.89453125
8349.921875
8303.3525390625
7853.4853515625
7502.7568359375
7208.75048828125
6952.5703125
6705.28662109375
6463.6875
6237.1630859375
6029.2998046875
5843.890625
5678.78857421875
