2056.961181640625
2023.851318359375
1995.77978515625
2074.1337890625
2074.317138671875
2057.4658203125
2045.81201171875
2036.5831298828125
2036.863037109375
2041.8367919921875
2054.12548828125
2090.710693359375
2103.8544921875
2104.18505859375
2112.13623046875
2144.402099609375
2182.537109375
2223.544921875
2272.571044921875
2343.922607421875
2442.1416015625
2569.689453125
2720.37890625
2889.8955078125
3074.876953125
3274.065185546875
3485.65966796875
3707.362548828125
3938.9599609375
4180.12841796875
4429.318359375
4688.9580078125
150.5301513671875
158.93362426757812
179.47885131835938
197.5613555908203
212.14952087402344
223.93984985351562
5590.7099609375
6151.2763671875
6474.6884765625
6719.97607421875
6945.861328125
7185.2890625
7452.10888671875
7771.1240234375
8133.71728515625
8499.08203125
8927.734375
9378.0498046875
9820.3623046875
10279.4814453125
10770.6748046875
11315.169921875
11895.9921875
12504.7529296875
13137.3974609375
13788.5263671875
14451.6435546875
14972.0166015625
14931.83203125
14901.7822265625
14855.869140625
14788.1123046875
14697.92578125
14587.6376953125
14457.255859375
14307.7626953125
14140.4072265625
13956.849609375
13759.1025390625
13548.73046875
13326.9716796875
13095.8330078125
12854.904296875
12606.4658203125
12351.294921875
12089.751953125
11821.841796875
11551.2041015625
11278.5986328125
11003.982421875
10730.1201171875
10458.9765625
10190.4931640625
9925.431640625
9664.8466796875
9408.484375
9150.296875
8896.466796875
8652.6591796875
8417.2353515625
