2085.100341796875
2068.209228515625
2040.6292724609375
2020.315673828125
2018.9403076171875
2017.1312255859375
2013.353271484375
2031.3846435546875
2045.7467041015625
2041.945556640625
2037.2669677734375
2042.54150390625
2053.1162109375
2079.2919921875
2113.182861328125
2141.255126953125
2174.5302734375
2210.621826171875
2244.72998046875
2276.6630859375
2312.400390625
2354.765380859375
2409.10546875
2485.38134765625
2577.862060546875
2682.872802734375
2798.5546875
2922.672119140625
3054.630615234375
3193.93115234375
3336.8115234375
3482.513427734375
147.8145751953125
132.02365112304688
128.47618103027344
127.34552764892578
126.82130432128906
126.4649887084961
3018.455322265625
3238.552001953125
3422.3095703125
3596.765380859375
3772.187744140625
3957.250244140625
4153.78369140625
4360.283203125
4572.3935546875
4790.330078125
5016.26513671875
5240.44921875
5470.77685546875
5698.0390625
5925.71435546875
6145.1904296875
6362.6328125
6581.177734375
6799.96044921875
7005.77880859375
7199.84765625
7399.9658203125
7573.7548828125
7709.1728515625
7813.8369140625
7889.95068359375
7940.9716796875
7974.26318359375
7994.0673828125
8001.09130859375
7999.75146484375
7993.82763671875
7986.40966796875
7979.85888671875
7973.85205078125
7970.14990234375
7964.99658203125
7946.39306640625
7917.96142578125
7886.73876953125
7846.8486328125
7794.8603515625
7733.43017578125
7670.42724609375
7611.82666015625
7558.5791015625
7503.56005859375
7444.47900390625
7381.45556640625
7302.15966796875
7076.97607421875
6797.26513671875
6551.46044921875
6326.0888671875
