2016.765380859375
2839.36669921875
3207.588623046875
2739.556396484375
2548.672607421875
2455.64599609375
2384.66357421875
2324.369384765625
2285.840087890625
2267.72802734375
2263.94287109375
2267.387451171875
2268.494873046875
2265.10400390625
2261.942626953125
2260.516357421875
2264.178955078125
2264.051025390625
2262.7548828125
2262.890380859375
2263.518798828125
2264.56494140625
2233.070068359375
2212.646728515625
2198.9912109375
2195.5205078125
2202.3671875
2218.04150390625
2241.475341796875
2273.08642578125
2308.877197265625
2349.866455078125
105.13274383544922
90.46654510498047
88.7031021118164
88.15116882324219
88.2816162109375
88.67916107177734
1527.7586669921875
2277.225830078125
2619.857177734375
2617.01318359375
2615.096923828125
2661.0673828125
2708.154541015625
2751.1376953125
2789.956298828125
2824.713134765625
2855.823486328125
2882.963623046875
2906.075439453125
2933.41650390625
2955.64404296875
2974.120849609375
2992.69140625
3006.020751953125
3010.235595703125
3008.268798828125
3005.50927734375
2999.53662109375
2995.41845703125
2986.033447265625
2972.76171875
2951.593017578125
2920.919921875
2879.195556640625
2831.0087890625
2780.0107421875
2726.280029296875
2668.582275390625
2609.58740234375
2548.146240234375
2482.4072265625
2410.8916015625
2334.150390625
2255.99658203125
2180.75048828125
2109.39501953125
2042.3953857421875
1979.7078857421875
1921.5035400390625
1864.128662109375
1806.654541015625
1748.5172119140625
1687.3121337890625
1626.7386474609375
1570.67333984375
1523.0509033203125
1483.6622314453125
1449.3238525390625
1406.3038330078125
1361.9793701171875
1317.7919921875
