2048.41552734375
2007.3798828125
2087.91162109375
2158.502685546875
2117.71484375
2142.45751953125
2194.94091796875
2216.408447265625
2223.29541015625
2237.66552734375
2251.125
2264.50537109375
2275.85205078125
2291.3310546875
2315.80908203125
2345.255859375
2378.87890625
2416.278076171875
2457.93212890625
2504.2919921875
2560.2578125
2630.404052734375
2716.280517578125
2817.209228515625
2932.49462890625
3060.7724609375
3199.81005859375
3347.9033203125
3503.817626953125
3667.004638671875
3836.7607421875
4012.82421875
127.26712036132812
121.8863754272461
122.51559448242188
123.36688995361328
124.03593444824219
124.61302947998047
3159.610595703125
4440.71826171875
4987.99462890625
5255.8935546875
5415.48974609375
5532.77490234375
5641.0986328125
5755.298828125
5881.8759765625
6023.63671875
6181.9248046875
6359.57421875
6551.38525390625
6778.13037109375
7024.77783203125
7293.08447265625
7548.9677734375
7806.658203125
8074.45947265625
8388.5244140625
8742.822265625
9105.6845703125
9473.7822265625
9503.7666015625
9571.7509765625
9649.4599609375
9728.541015625
9800.8349609375
9864.876953125
9919.73828125
9964.48828125
9997.20703125
10017.5146484375
10026.505859375
10024.263671875
10010.3955078125
9984.3232421875
9946.9765625
9900.779296875
9845.7685546875
9784.31640625
9717.3203125
9644.681640625
9565.86328125
9481.4384765625
9391.998046875
9297.8837890625
9199.208984375
9096.185546875
8989.2099609375
8878.8134765625
8765.314453125
8649.0732421875
8529.9033203125
