2029.69140625
2056.244140625
2160.142578125
2242.33984375
2310.07568359375
2326.8046875
2316.605712890625
2311.640625
2285.32958984375
2271.89990234375
2272.843994140625
2280.864013671875
2295.37109375
2314.2958984375
2333.3720703125
2353.66845703125
2379.948974609375
2408.980224609375
2441.382568359375
2478.464599609375
2525.69384765625
2591.813720703125
2679.454833984375
2788.4541015625
2917.57421875
3066.298583984375
3234.459716796875
3420.882568359375
3625.277587890625
3845.35107421875
4080.4853515625
4327.99169921875
148.9068145751953
134.6173553466797
131.71112060546875
130.84268188476562
138.87937927246094
150.6770782470703
3832.40087890625
5177.318359375
6027.220703125
6374.66845703125
6312.291015625
6324.78369140625
6390.505859375
6481.5078125
6587.63037109375
6712.5361328125
6841.3974609375
6986.5048828125
7131.92919921875
7290.869140625
7435.65966796875
7562.6767578125
7675.52734375
7776.900390625
7868.0029296875
7944.57958984375
8004.28125
8046.3388671875
8070.66357421875
8078.13671875
8068.7158203125
8043.0498046875
8002.5859375
7948.33251953125
7881.873046875
7804.73974609375
7717.2275390625
7619.60009765625
7511.78515625
7395.91650390625
7272.86083984375
7143.6064453125
7009.10107421875
6870.46484375
6728.5234375
6584.39453125
6438.22021484375
6290.6611328125
6142.73974609375
5995.1416015625
5848.2021484375
5702.0126953125
5557.13818359375
5413.7333984375
5272.61669921875
5133.71337890625
4996.169921875
4860.69287109375
4730.57421875
4605.01318359375
