2085.0
2066.580322265625
2030.925048828125
2002.5660400390625
2032.745849609375
2101.002685546875
2084.188232421875
2074.648193359375
2069.092041015625
2066.44873046875
2068.141357421875
2067.85498046875
2080.758544921875
2094.012451171875
2075.0224609375
2012.558349609375
1953.216064453125
1917.5767822265625
1896.9462890625
1873.3990478515625
1848.2745361328125
1822.4051513671875
1799.9244384765625
1782.0582275390625
1766.89013671875
1758.0416259765625
1754.1385498046875
1749.491943359375
1744.146484375
1737.4456787109375
1730.645751953125
1723.3321533203125
116.82205200195312
116.99158477783203
117.47122955322266
117.9447250366211
118.2424545288086
118.48816680908203
1609.380859375
1672.3189697265625
1739.8677978515625
1749.0516357421875
1738.4931640625
1737.890380859375
1747.1854248046875
1759.8759765625
1781.97412109375
1835.62060546875
1896.231689453125
1965.4434814453125
2039.82861328125
2110.185302734375
2171.96435546875
2225.42431640625
2271.171875
2311.563720703125
2348.349365234375
2383.27001953125
2416.492919921875
2447.6591796875
2475.470947265625
2498.592041015625
2516.88525390625
2530.514404296875
2540.55810546875
2548.23583984375
2554.33740234375
2559.106201171875
2562.37353515625
2563.767333984375
2562.82421875
2559.334228515625
2553.58544921875
2546.100341796875
2536.858642578125
2526.242919921875
2514.611083984375
2502.50537109375
2489.57470703125
2476.262939453125
2462.429443359375
2447.494384765625
2431.253662109375
2413.89892578125
2395.520751953125
2376.116943359375
2355.841064453125
2334.726806640625
2312.800048828125
2290.15673828125
2266.9521484375
2243.28125
