2053.118408203125
2012.94873046875
2085.6728515625
2103.013916015625
2128.46875
2173.5537109375
2175.3359375
2159.95751953125
2138.227783203125
2128.917236328125
2131.1240234375
2137.083984375
2142.201904296875
2145.239990234375
2149.306640625
2158.915771484375
2169.83251953125
2182.498046875
2193.564208984375
2204.4296875
2214.39111328125
2225.217529296875
2234.940673828125
2244.04296875
2254.062744140625
2270.1337890625
2293.341552734375
2324.136962890625
2364.081787109375
2412.785888671875
2472.966796875
2546.764404296875
121.44434356689453
119.52838134765625
118.34513092041016
118.28951263427734
118.55130004882812
118.82575988769531
1721.05029296875
2083.604248046875
2528.3984375
2859.47314453125
3099.48291015625
3289.047119140625
3462.82568359375
3636.296875
3816.873046875
4003.642822265625
4193.0791015625
4384.46142578125
4581.7919921875
4794.28271484375
5020.81884765625
5262.63525390625
5522.50341796875
5779.8349609375
6059.15869140625
6349.4775390625
6632.25146484375
6909.81201171875
7169.7275390625
7420.083984375
7402.53515625
7121.0947265625
6901.46923828125
6698.22998046875
6499.06005859375
6302.041015625
6106.9287109375
5914.67333984375
5730.39404296875
5563.744140625
5398.83837890625
5230.86865234375
5065.6396484375
4901.40966796875
4737.81689453125
4578.5859375
4433.8095703125
4298.9453125
4172.70263671875
4052.418212890625
3935.736083984375
3826.5703125
3728.072021484375
3625.970947265625
3521.952880859375
3418.051513671875
3309.385498046875
3200.452392578125
3091.2177734375
2979.6953125
