2084.9951171875
2071.2900390625
2039.0338134765625
2008.2371826171875
2041.727783203125
2086.513916015625
2073.117431640625
2066.5107421875
2065.718017578125
2067.082275390625
2084.890380859375
2107.158935546875
2110.169677734375
2119.984130859375
2135.99072265625
2130.727294921875
2124.6904296875
2124.9697265625
2135.46240234375
2148.90673828125
2159.306884765625
2177.15478515625
2199.768798828125
2209.0244140625
2214.439208984375
2230.0927734375
2261.585693359375
2302.853759765625
2360.76953125
2444.97021484375
2543.892333984375
2594.4765625
123.2217788696289
105.88391876220703
105.6753158569336
105.76697540283203
105.95103454589844
106.24864196777344
1632.2305908203125
1633.8404541015625
2441.85498046875
3375.764404296875
3367.729248046875
3214.4560546875
3109.114501953125
3056.953125
3057.51953125
3093.033935546875
3154.04248046875
3227.053955078125
3310.923828125
3429.973388671875
3556.302001953125
3718.56005859375
3901.3681640625
3910.394287109375
3833.6669921875
3808.068603515625
3810.84228515625
3818.291259765625
3822.66064453125
3830.292724609375
3850.229736328125
3887.7421875
3947.49658203125
4026.814453125
4111.68798828125
4184.64306640625
4236.42431640625
4268.39990234375
4284.09130859375
4288.697265625
4292.07666015625
4301.11865234375
4314.44873046875
4327.45361328125
4337.33837890625
4342.83935546875
4341.6953125
4330.474609375
4307.6279296875
4274.400390625
4231.7236328125
4180.70556640625
4123.12841796875
4059.3974609375
3989.591796875
3917.73388671875
3844.317138671875
3769.609619140625
3694.60888671875
3619.303955078125
