2067.348388671875
2025.088623046875
1982.4395751953125
2117.571044921875
2093.552978515625
2067.148193359375
2057.46435546875
2048.927490234375
2041.9378662109375
2035.900390625
2049.48388671875
2068.993408203125
2089.15625
2098.237548828125
2102.595703125
2118.744873046875
2146.42578125
2170.342041015625
2190.989501953125
2213.565673828125
2235.903076171875
2260.1962890625
2292.9189453125
2335.547119140625
2405.28125
2496.443603515625
2600.311279296875
2708.990478515625
2818.31982421875
2929.94384765625
3049.492919921875
3179.89453125
118.33609771728516
119.99675750732422
120.93826293945312
121.88700866699219
122.26683807373047
122.52001953125
122.71761322021484
2335.487060546875
2868.217041015625
3037.255859375
3214.51904296875
3427.96923828125
3669.58544921875
3934.708984375
4229.7255859375
4532.392578125
4844.8203125
5151.05517578125
5218.2509765625
5118.35791015625
5025.6201171875
4930.62158203125
4830.03857421875
4725.13330078125
4616.65283203125
4504.98193359375
4388.1572265625
4266.32275390625
4141.44091796875
4014.896484375
3888.402099609375
3778.15771484375
3668.255126953125
3560.130126953125
3456.199951171875
3353.499267578125
3251.160888671875
3151.14013671875
3050.173583984375
2951.0927734375
2856.106689453125
2763.401611328125
2674.827880859375
2588.5771484375
2505.24267578125
2425.45947265625
2351.126708984375
2281.392333984375
2214.033447265625
2145.495361328125
2076.419189453125
2007.9395751953125
1940.5565185546875
1873.4541015625
1806.90966796875
1745.069580078125
1686.661865234375
1630.2965087890625
1576.953369140625
1526.8055419921875
1478.9775390625
