2085.037841796875
2063.603515625
2034.0653076171875
2009.112060546875
1994.5391845703125
2013.509033203125
2047.268310546875
2050.322265625
2046.9439697265625
2061.61083984375
2084.6455078125
2104.125732421875
2129.049072265625
2154.554931640625
2176.842041015625
2207.4951171875
2240.1962890625
2270.782958984375
2301.166748046875
2331.82666015625
2361.02783203125
2394.25732421875
2435.566162109375
2490.997314453125
2559.877197265625
2639.4111328125
2727.117919921875
2821.35546875
2922.637451171875
3031.217529296875
3145.344482421875
3264.347900390625
120.48371887207031
121.97850799560547
122.94511413574219
123.5850601196289
124.05538940429688
124.40992736816406
2380.279541015625
2827.652099609375
3090.31103515625
3284.00244140625
3456.406005859375
3623.194091796875
3790.57666015625
3959.56298828125
4127.986328125
4294.97216796875
4462.10400390625
4625.6162109375
4785.42431640625
4943.7236328125
5104.22607421875
5267.91796875
5432.67724609375
5593.34912109375
5746.4619140625
5903.09814453125
6078.6884765625
6256.7158203125
6435.85302734375
6609.76123046875
6793.6845703125
6978.0595703125
7123.96728515625
7235.134765625
7322.46923828125
7396.25146484375
7443.35205078125
7473.54296875
7494.24560546875
7514.49951171875
7540.755859375
7593.46044921875
7674.28564453125
7731.6279296875
7764.3642578125
7779.5087890625
7805.9345703125
7851.091796875
7784.02880859375
7574.31396484375
7210.3115234375
6879.267578125
6574.8779296875
6293.20166015625
6042.84130859375
5800.55419921875
5568.3515625
5342.11669921875
5116.7548828125
4895.3291015625
4677.609375
