2080.652099609375
2049.561767578125
2010.3572998046875
1998.087158203125
2094.225830078125
2075.15478515625
2063.534912109375
2058.1181640625
2053.35009765625
2056.51318359375
2056.632568359375
2056.730224609375
2070.115478515625
2080.562744140625
2089.826416015625
2101.51318359375
2117.673095703125
2133.790283203125
2149.177978515625
2163.228271484375
2170.67578125
2184.946533203125
2210.086669921875
2248.671630859375
2284.249755859375
2322.0302734375
2374.801025390625
2445.010498046875
2521.32861328125
2623.574951171875
2770.686279296875
2944.45458984375
110.42530059814453
110.9682388305664
111.44551849365234
111.89091491699219
112.31390380859375
112.73439025878906
1702.352783203125
1926.866943359375
2865.86669921875
3350.75732421875
3523.813232421875
3440.423095703125
3379.790771484375
3320.531982421875
3246.59765625
3153.665771484375
3026.792724609375
2891.0478515625
2864.1669921875
2856.8125
2864.96728515625
2873.908447265625
2881.912353515625
2882.317138671875
2877.7470703125
2869.48291015625
2855.623779296875
2837.531494140625
2814.8466796875
2786.285888671875
2753.081787109375
2717.157470703125
2679.40283203125
2641.69873046875
2604.648193359375
2569.1142578125
2535.35302734375
2503.106201171875
2472.32666015625
2442.500732421875
2413.780517578125
2386.19970703125
2356.512451171875
2324.50927734375
2290.395263671875
2254.61572265625
2217.922119140625
2181.217529296875
2162.876708984375
2144.69677734375
2109.462890625
2075.52490234375
2042.8343505859375
2011.272705078125
1980.8660888671875
1951.220947265625
1921.9864501953125
1892.7203369140625
1863.3255615234375
1833.668212890625
1803.0423583984375
