2068.66357421875
2027.4541015625
1984.848876953125
2109.15771484375
2098.606689453125
2070.9208984375
2059.268310546875
2052.5966796875
2044.3629150390625
2038.933349609375
2041.630859375
2061.652587890625
2082.638916015625
2097.165771484375
2105.033935546875
2110.01611328125
2136.361572265625
2164.093505859375
2186.814697265625
2209.4384765625
2233.01416015625
2256.500732421875
2284.59423828125
2318.8232421875
2367.116943359375
2441.8369140625
2535.694091796875
2639.592529296875
2746.548583984375
2853.773681640625
2963.796875
3081.6259765625
118.77832794189453
121.14997100830078
121.84335327148438
122.11136627197266
122.32357025146484
122.48778533935547
2212.9443359375
2776.169677734375
2951.73291015625
3118.443115234375
3315.021728515625
3534.1328125
3771.568359375
4029.890625
4300.279296875
4586.7734375
4871.57177734375
5148.3447265625
5249.177734375
5144.912109375
5050.720703125
4956.83056640625
4859.09130859375
4757.7919921875
4653.97509765625
4546.6044921875
4435.68994140625
4320.09130859375
4200.82568359375
4079.33349609375
3957.079345703125
3836.283935546875
3733.858642578125
3630.240478515625
3528.23779296875
3427.825439453125
3327.158447265625
3228.46337890625
3129.72314453125
3032.489990234375
2937.9248046875
2846.833251953125
2760.9765625
2677.298583984375
2593.11328125
2513.038330078125
2438.70068359375
2369.235595703125
2301.229736328125
2231.708740234375
2161.831298828125
2092.630615234375
2024.7239990234375
1958.2611083984375
1891.0858154296875
1825.9632568359375
1765.4130859375
1707.58984375
1651.889404296875
1598.99853515625
