2235.5380859375
2242.702880859375
2828.169921875
2686.282470703125
2458.7958984375
2351.214111328125
2312.575927734375
2300.5703125
2306.044189453125
2307.09423828125
2295.974365234375
2284.082275390625
2274.897216796875
2269.47998046875
2271.45361328125
2283.68896484375
2300.291259765625
2319.17724609375
2337.405517578125
2344.85986328125
2317.66357421875
2300.317626953125
2291.82763671875
2292.367431640625
2310.03857421875
2340.62109375
2378.317626953125
2419.9541015625
2463.895751953125
2509.0263671875
2553.895263671875
2598.15625
91.94990539550781
94.19828033447266
96.53302001953125
98.88638305664062
100.37841033935547
101.7862777709961
2210.41162109375
2826.693359375
2784.115966796875
2773.655029296875
2793.505126953125
2820.697998046875
2847.940185546875
2872.808837890625
2896.812255859375
2920.230224609375
2938.3349609375
2953.671142578125
2960.528564453125
2960.513671875
2959.7333984375
2951.909423828125
2943.101806640625
2945.584716796875
2937.109130859375
2918.973876953125
2893.69140625
2852.34814453125
2802.156982421875
2742.798095703125
2675.835693359375
2603.783447265625
2528.97216796875
2453.81640625
2378.28125
2303.278564453125
2230.52978515625
2160.490234375
2093.7255859375
2030.3055419921875
1969.7711181640625
1909.692626953125
1850.27783203125
1793.031494140625
1738.465087890625
1686.150390625
1636.442138671875
1590.665283203125
1547.833251953125
1506.5478515625
1466.5380859375
1427.510498046875
1388.7332763671875
1349.3656005859375
1308.9349365234375
1269.13330078125
1231.7283935546875
1195.791748046875
1161.5455322265625
1128.5777587890625
