2070.5302734375
2039.34716796875
2008.614501953125
2002.346923828125
2079.09912109375
2066.630615234375
2056.39013671875
2046.8343505859375
2090.642578125
2137.48876953125
2177.042236328125
2211.11962890625
2246.436279296875
2282.23046875
2327.74169921875
2389.19091796875
2460.1435546875
2542.696044921875
2646.11328125
2767.403076171875
2904.736083984375
3057.224853515625
3225.814208984375
3407.9658203125
3600.0234375
3801.412841796875
4012.75634765625
4231.0634765625
4457.099609375
4690.6923828125
4931.19970703125
5177.79541015625
208.0172576904297
191.8687744140625
193.6221923828125
200.14315795898438
207.94371032714844
215.833984375
5178.515625
5609.86474609375
5799.3828125
5950.1767578125
6109.41455078125
6288.18505859375
6500.7861328125
6735.3828125
6996.5625
7302.7021484375
7670.49169921875
8074.169921875
8467.595703125
8886.18359375
9310.6455078125
9714.6513671875
9655.0341796875
9517.8720703125
9381.9326171875
9236.70703125
9080.533203125
8914.224609375
8739.255859375
8555.5302734375
8363.7685546875
8164.52001953125
7959.63427734375
7750.603515625
7538.556640625
7324.6181640625
7110.09912109375
6895.650390625
6681.25
6468.89697265625
6259.34375
6053.3291015625
5851.36865234375
5653.80126953125
5463.12890625
5280.62939453125
5105.763671875
4938.0927734375
4777.10205078125
4622.138671875
4472.67822265625
4328.3134765625
4188.21337890625
4052.239990234375
3921.344482421875
3795.49755859375
3673.720458984375
3556.051513671875
3442.520263671875
3333.034912109375
