2075.26513671875
2041.93505859375
2002.31884765625
2019.1983642578125
2085.8779296875
2079.935302734375
2070.2236328125
2057.7646484375
2057.4794921875
2061.092529296875
2060.645751953125
2065.563720703125
2092.430419921875
2123.62158203125
2143.91455078125
2157.8857421875
2174.849609375
2196.024658203125
2221.068115234375
2245.264404296875
2273.7529296875
2306.353759765625
2344.032470703125
2389.49169921875
2443.841552734375
2512.88720703125
2595.706298828125
2686.486572265625
2782.6416015625
2886.30029296875
3000.052001953125
3123.8447265625
118.94914245605469
121.10084533691406
122.1782455444336
122.87788391113281
123.37705993652344
123.77326965332031
2055.2998046875
2683.185791015625
2954.462890625
3159.09765625
3367.011474609375
3588.863037109375
3824.211181640625
4074.24462890625
4348.654296875
4637.10546875
4934.15966796875
5231.427734375
5536.86474609375
5673.4296875
5552.923828125
5438.845703125
5348.79248046875
5256.19677734375
5159.37158203125
5053.8955078125
4940.40576171875
4822.19677734375
4702.05419921875
4587.296875
4484.029296875
4372.46044921875
4254.06103515625
4131.033203125
4007.335693359375
3883.663818359375
3763.28369140625
3646.999755859375
3535.829345703125
3428.807373046875
3323.564697265625
3218.303955078125
3113.716552734375
3012.17236328125
2913.778076171875
2816.84326171875
2720.180908203125
2625.819091796875
2533.30810546875
2442.171875
2356.7255859375
2275.711669921875
2196.068115234375
2115.49072265625
2033.534912109375
1949.6148681640625
1862.781982421875
1774.06640625
1684.080078125
1593.1453857421875
