2085.0
2067.58447265625
2032.238525390625
2003.86767578125
2013.108642578125
2107.711181640625
2088.803466796875
2078.2958984375
2072.5419921875
2068.789794921875
2071.193115234375
2071.2607421875
2080.320068359375
2090.914794921875
2099.713134765625
2038.541015625
1978.9136962890625
1927.97265625
1906.50146484375
1884.0048828125
1860.6376953125
1834.44482421875
1811.23291015625
1792.6114501953125
1776.5235595703125
1764.529541015625
1758.170166015625
1754.67626953125
1750.226806640625
1745.3680419921875
1739.1451416015625
1732.1771240234375
117.07806396484375
117.22039794921875
117.66380310058594
118.1180648803711
118.42654418945312
118.65445709228516
1658.8917236328125
1675.8916015625
1743.7518310546875
1754.6107177734375
1744.3455810546875
1737.1109619140625
1746.195068359375
1759.5699462890625
1773.735107421875
1812.632568359375
1865.7481689453125
1928.858154296875
1999.7718505859375
2072.847412109375
2140.5537109375
2198.97119140625
2249.857421875
2294.086669921875
2333.710205078125
2370.436279296875
2405.181640625
2437.851806640625
2468.0830078125
2494.716064453125
2516.7587890625
2534.13916015625
2547.080810546875
2556.59326171875
2563.88818359375
2569.84765625
2574.6416015625
2578.05322265625
2579.43408203125
2578.87109375
2576.03759765625
2571.06005859375
2564.348388671875
2555.831787109375
2545.724609375
2534.34130859375
2522.319091796875
2516.342041015625
2509.84716796875
2496.28125
2482.56298828125
2468.101318359375
2452.481689453125
2435.6650390625
2417.919921875
2399.177001953125
2379.533935546875
2359.021240234375
2337.732421875
2315.822509765625
2293.374755859375
