2085.062744140625
2070.6298828125
2040.54931640625
2017.8677978515625
2003.0216064453125
2017.1700439453125
2052.255126953125
2049.848876953125
2041.912841796875
2033.9029541015625
2027.674560546875
2030.12744140625
2045.25
2067.91015625
2083.503662109375
2098.758056640625
2110.52587890625
2122.5546875
2139.10498046875
2158.11474609375
2174.795166015625
2189.537109375
2211.419921875
2243.26513671875
2289.19580078125
2348.48974609375
2414.8173828125
2492.52734375
2578.6337890625
2674.19091796875
2785.38916015625
2907.261474609375
132.92103576660156
130.86065673828125
130.71141052246094
129.93484497070312
128.94932556152344
128.05841064453125
2427.30224609375
2692.086669921875
2868.83349609375
3050.21337890625
3242.738037109375
3442.222412109375
3645.807373046875
3850.9775390625
4057.73291015625
4264.0634765625
4467.58544921875
4665.43701171875
4855.8759765625
5044.5341796875
5226.6123046875
5402.0283203125
5574.4765625
5748.10107421875
5926.20654296875
6112.05517578125
6303.63037109375
6492.220703125
6685.65478515625
6877.93896484375
7070.49951171875
7267.10009765625
7453.599609375
7633.45556640625
7798.99169921875
7951.16455078125
8085.32177734375
8203.474609375
8302.873046875
8384.818359375
8460.4599609375
8525.611328125
8579.3466796875
8626.3359375
8670.9267578125
8711.125
8744.0390625
8768.3095703125
8779.0166015625
8781.466796875
8781.451171875
8781.1630859375
8776.181640625
8768.1044921875
8760.650390625
8757.77734375
8747.865234375
8739.783203125
8721.82421875
8689.3466796875
