2074.038818359375
2042.03369140625
2008.291015625
2085.170166015625
2062.96435546875
2052.53662109375
2044.873779296875
2039.1422119140625
2035.2135009765625
2037.7647705078125
2043.068115234375
2048.83154296875
2056.07958984375
2052.316650390625
2056.986328125
2063.865234375
2069.142333984375
2076.9267578125
2084.997314453125
2095.632568359375
2105.859130859375
2114.04248046875
2122.791748046875
2142.0625
2164.412841796875
2186.005126953125
2209.729248046875
2239.787353515625
2275.4970703125
2320.27490234375
2378.405517578125
2453.8232421875
114.42969512939453
115.68035888671875
116.77847290039062
117.76091766357422
118.6150894165039
119.39093017578125
1807.7899169921875
2063.776611328125
2504.669921875
2885.158447265625
3213.92236328125
3278.33740234375
3203.370849609375
3135.970703125
3038.1025390625
2902.817626953125
2745.2783203125
2726.16064453125
2773.5458984375
2802.869140625
2816.345703125
2835.38916015625
2862.837158203125
2893.171875
2919.01806640625
2933.984130859375
2934.785400390625
2924.3125
2905.7275390625
2878.636962890625
2842.47802734375
2798.212158203125
2748.5322265625
2695.16943359375
2640.626708984375
2589.182861328125
2544.41015625
2505.68115234375
2471.070068359375
2437.51708984375
2402.280517578125
2363.890869140625
2321.2041015625
2275.028076171875
2230.2724609375
2186.4013671875
2144.52978515625
2104.640380859375
2066.459228515625
2029.917724609375
1994.689208984375
1959.8018798828125
1924.8197021484375
1889.222412109375
1852.5986328125
1814.7281494140625
1775.739501953125
1735.7523193359375
1694.901123046875
1653.3165283203125
