2026.35595703125
1612.6395263671875
1400.9661865234375
1261.901611328125
1174.519775390625
1134.0989990234375
1092.923828125
1060.163818359375
1043.4510498046875
1023.4862670898438
1001.340576171875
979.5908203125
962.06005859375
943.6954956054688
923.7189331054688
904.521728515625
886.1047973632812
867.318603515625
851.8490600585938
839.6524047851562
832.3174438476562
828.8072509765625
823.1019287109375
814.9902954101562
805.6043090820312
797.8905029296875
793.8328247070312
791.0883178710938
786.2098999023438
779.7586669921875
773.0924072265625
767.0125732421875
115.85560607910156
116.96174621582031
117.98067474365234
118.87036895751953
119.69464111328125
120.42804718017578
677.1638793945312
727.4353637695312
774.77001953125
832.5932006835938
862.2584838867188
878.4371337890625
885.6964721679688
888.6209106445312
891.3895874023438
896.3121337890625
903.5900268554688
914.6492309570312
928.1096801757812
942.9110717773438
960.4470825195312
969.3255615234375
977.3396606445312
992.1126098632812
1006.9251098632812
1021.4016723632812
1034.9415283203125
1047.2740478515625
1058.5677490234375
1068.57470703125
1077.1337890625
1084.007080078125
1088.791259765625
1091.6500244140625
1093.2078857421875
1093.956298828125
1094.458251953125
1094.0418701171875
1093.5458984375
1092.51953125
1088.9599609375
1084.185546875
1078.3875732421875
1071.8946533203125
1064.81494140625
1057.5435791015625
1050.1270751953125
1042.68359375
1034.8388671875
1026.616943359375
1017.994873046875
1008.8939819335938
999.2779541015625
989.2233276367188
978.773193359375
967.932373046875
956.7460327148438
945.1846923828125
933.3346557617188
921.4005126953125
909.6444091796875
897.8265991210938
