2041.068359375
1998.7183837890625
2087.948486328125
2046.198974609375
2025.1248779296875
2021.9207763671875
2032.3980712890625
2036.93603515625
2041.1072998046875
2039.133544921875
2052.539306640625
2076.304931640625
2097.9091796875
2109.92724609375
2116.502685546875
2127.7177734375
2145.799072265625
2167.735107421875
2192.015380859375
2228.611572265625
2280.33056640625
2350.850341796875
2437.02294921875
2533.296142578125
2635.169677734375
2746.8701171875
2879.07861328125
3034.811767578125
3211.7138671875
3406.985595703125
3620.910888671875
3857.0029296875
129.69204711914062
156.00387573242188
164.5015411376953
164.7630157470703
162.03501892089844
158.43887329101562
3245.35009765625
3357.610595703125
3421.96484375
3661.17822265625
3976.001220703125
4365.05224609375
4813.20361328125
5138.61279296875
5085.0400390625
5023.76171875
4953.328125
4869.91845703125
4771.59619140625
4659.06494140625
4534.51416015625
4419.4052734375
4306.89306640625
4188.21337890625
4063.70458984375
3935.058349609375
3806.291748046875
3675.2666015625
3538.93896484375
3400.214111328125
3264.027587890625
3132.022216796875
3006.221923828125
2886.324462890625
2771.154052734375
2661.2373046875
2556.114013671875
2454.570556640625
2353.226806640625
2252.97509765625
2157.58837890625
2071.554931640625
1993.504150390625
1921.536865234375
1853.7567138671875
1789.018798828125
1727.6729736328125
1669.9566650390625
1615.89794921875
1564.8536376953125
1516.3428955078125
1467.9534912109375
1419.7196044921875
1370.872802734375
1322.294189453125
1274.6707763671875
1230.01953125
1186.990478515625
1142.3223876953125
1096.93798828125
1053.1356201171875
