2030.6494140625
1676.744140625
1452.668212890625
1336.703125
1259.2581787109375
1205.988525390625
1165.1610107421875
1131.63623046875
1114.846435546875
1102.350830078125
1084.728759765625
1065.3787841796875
1046.3951416015625
1027.5096435546875
1008.3626708984375
988.9273071289062
970.0009765625
952.8375854492188
940.0770263671875
927.6185913085938
914.3941650390625
899.7220458984375
888.138427734375
880.9934692382812
871.6904907226562
861.9169921875
851.9990234375
843.3181762695312
836.0722045898438
830.491943359375
824.7481079101562
819.6072998046875
121.1481704711914
122.82218170166016
123.97310638427734
124.94993591308594
125.74290466308594
126.30875396728516
841.5428466796875
812.990966796875
786.335693359375
810.6940307617188
815.4085083007812
810.0176391601562
801.3910522460938
791.6683959960938
782.6589965820312
774.75537109375
768.0214233398438
761.4755249023438
755.034912109375
749.1002807617188
746.0549926757812
758.0520629882812
771.7197265625
787.16943359375
803.3207397460938
821.6559448242188
845.0572509765625
870.7352905273438
896.4818115234375
918.9012451171875
938.5328979492188
956.0455932617188
970.6893310546875
982.9303588867188
994.5327758789062
1007.2992553710938
1021.5506591796875
1036.5587158203125
1051.4708251953125
1065.4630126953125
1077.57568359375
1087.328125
1094.242431640625
1098.5472412109375
1101.100830078125
1102.38916015625
1102.86083984375
1103.1605224609375
1103.7442626953125
1104.6695556640625
1105.3253173828125
1105.08447265625
1103.5811767578125
1100.6605224609375
1096.3792724609375
1091.3331298828125
1084.926513671875
1077.5147705078125
1069.728759765625
1061.638916015625
