2073.1787109375
2037.6925048828125
1998.1376953125
2023.37646484375
2074.482666015625
2137.19287109375
2183.350341796875
2208.790771484375
2242.391357421875
2291.1533203125
2347.38037109375
2396.946044921875
2446.197265625
2489.52001953125
2528.650634765625
2572.468994140625
2628.463134765625
2700.5419921875
2795.111572265625
2916.25634765625
3058.358642578125
3219.641845703125
3397.075927734375
3586.378662109375
3786.316162109375
3996.91748046875
4217.03369140625
4446.20556640625
4680.1591796875
4920.8115234375
5158.60107421875
5387.779296875
188.88571166992188
150.9864044189453
145.16749572753906
146.14312744140625
148.8521728515625
151.6044158935547
4206.59619140625
4837.845703125
5174.8505859375
5383.51025390625
5547.41845703125
5724.16845703125
5823.1533203125
5957.25732421875
6254.9755859375
6607.48876953125
7016.24169921875
7486.0615234375
7991.43505859375
8507.333984375
8930.1875
9233.236328125
9446.9541015625
9594.6572265625
9665.4267578125
9672.52734375
9645.248046875
9605.93359375
9588.755859375
9577.3642578125
9568.94140625
9178.9404296875
8723.5107421875
8338.783203125
7987.38818359375
7667.5888671875
7378.60205078125
7102.763671875
6849.599609375
6618.77783203125
6399.57470703125
6184.7412109375
5970.923828125
5758.5458984375
5556.18896484375
5370.5400390625
5191.6806640625
5014.78173828125
4848.96484375
4691.6572265625
4542.17333984375
4403.404296875
4276.3466796875
4159.1865234375
4049.288330078125
3941.718994140625
3838.14892578125
3738.1015625
3636.2861328125
3540.541748046875
3446.203857421875
3356.449462890625
