2056.634765625
2020.071533203125
2022.050537109375
2114.294921875
2184.88427734375
2163.06005859375
2144.477783203125
2157.634765625
2195.66796875
2236.620361328125
2262.817626953125
2290.2216796875
2320.498046875
2359.595703125
2409.890869140625
2470.7939453125
2535.46435546875
2611.2021484375
2704.259765625
2820.55126953125
2958.34326171875
3114.069091796875
3283.0712890625
3458.262451171875
3634.34130859375
3811.480712890625
3992.37353515625
4179.8642578125
4375.39111328125
4580.240234375
4795.0
5020.87109375
232.7925262451172
224.3619842529297
218.68936157226562
217.97503662109375
215.1465606689453
211.83633422851562
4819.92578125
5535.78466796875
5729.30712890625
5797.8759765625
5870.21337890625
5989.79345703125
6068.07373046875
6163.81201171875
6407.1748046875
6690.2626953125
6638.181640625
6583.86083984375
6550.6494140625
6510.29052734375
6456.3359375
6392.35546875
6324.18310546875
6246.814453125
6158.2822265625
6057.1611328125
5945.572265625
5824.4443359375
5761.27734375
5695.30419921875
5557.0078125
5403.35791015625
5249.14208984375
5091.91552734375
4932.58984375
4772.48974609375
4612.80712890625
4454.41162109375
4297.9365234375
4143.97509765625
3994.779541015625
3850.145751953125
3709.867431640625
3574.17138671875
3443.896240234375
3317.952880859375
3193.588134765625
3072.147705078125
2955.707763671875
2844.72119140625
2739.561767578125
2640.954833984375
2548.94140625
2462.769775390625
2381.90283203125
2305.8173828125
2233.450439453125
2164.230224609375
2098.338623046875
2035.315185546875
1974.12109375
1914.21142578125
