1634.217041015625
1274.6734619140625
995.5531616210938
933.2901000976562
885.0601196289062
849.404296875
821.5623168945312
796.6873779296875
772.4637451171875
748.9600830078125
731.195556640625
711.8494262695312
691.0361938476562
669.760986328125
650.257568359375
634.5183715820312
616.5343627929688
596.510009765625
575.170654296875
552.559326171875
529.2117919921875
506.0472412109375
485.5465393066406
466.10791015625
447.6709899902344
429.89495849609375
420.3822326660156
410.76641845703125
410.8455810546875
409.55364990234375
407.745361328125
407.2843933105469
125.81722259521484
128.1081085205078
129.0001678466797
129.52249145507812
129.95298767089844
130.301025390625
372.4161376953125
452.7190246582031
430.5155334472656
424.4018249511719
428.6960144042969
420.414794921875
407.5785827636719
392.2728271484375
375.72802734375
360.50445556640625
354.2535095214844
357.8948974609375
360.8780822753906
362.4051818847656
364.1979675292969
367.6635437011719
375.3912658691406
381.9540710449219
389.5987548828125
405.0870361328125
420.2731628417969
434.6156005859375
450.9122314453125
468.9206848144531
487.98907470703125
510.73858642578125
535.8370971679688
560.12646484375
582.6202392578125
603.427001953125
622.6361083984375
640.6981201171875
657.7285766601562
673.8226928710938
689.552978515625
704.5975341796875
718.6793212890625
731.3225708007812
742.1648559570312
751.0260620117188
758.0084838867188
763.2234497070312
766.8224487304688
768.9429321289062
769.7230224609375
769.2642822265625
767.6848754882812
765.02392578125
761.5022583007812
757.2905883789062
752.3923950195312
746.9232788085938
740.9627685546875
734.6143798828125
727.9364624023438
720.9410400390625
