2078.75390625
2047.29443359375
2008.8333740234375
2039.2088623046875
2090.691162109375
2078.546875
2080.149169921875
2101.357177734375
2040.51171875
1987.3428955078125
1936.7806396484375
1888.8671875
1863.3994140625
1837.26220703125
1811.3974609375
1785.871337890625
1760.146728515625
1738.0858154296875
1719.2926025390625
1702.915771484375
1688.728271484375
1674.1475830078125
1659.0379638671875
1646.783203125
1635.9656982421875
1626.708251953125
1621.433349609375
1619.6927490234375
1619.6026611328125
1623.406494140625
1628.3182373046875
1646.386962890625
113.23888397216797
113.99895477294922
114.76094055175781
115.35944366455078
115.91219329833984
116.42228698730469
1431.9110107421875
1534.8394775390625
1645.095703125
1727.7139892578125
1804.8682861328125
1845.325439453125
1880.2705078125
1912.4686279296875
1934.263427734375
1945.482421875
1977.2869873046875
2005.0877685546875
2025.5274658203125
2036.985107421875
2043.305908203125
2047.823486328125
2054.02783203125
2063.366943359375
2074.672607421875
2085.657958984375
2093.618408203125
2096.711669921875
2094.679443359375
2088.42724609375
2079.12353515625
2068.979248046875
2058.48681640625
2047.9163818359375
2037.03271484375
2024.793701171875
2010.5152587890625
1993.93798828125
1974.8145751953125
1953.333251953125
1930.1776123046875
1906.2847900390625
1883.0169677734375
1861.2982177734375
1840.8477783203125
1821.3184814453125
1802.410888671875
1783.70654296875
1764.9183349609375
1745.9189453125
1726.516357421875
1706.5888671875
1686.0517578125
1664.9444580078125
1643.36279296875
1621.3701171875
1599.0367431640625
1576.4388427734375
1553.662353515625
1530.7666015625
1507.9166259765625
1485.109375
