2025.0914306640625
2054.821044921875
2087.12939453125
2249.784912109375
2338.5517578125
2378.869873046875
2396.15087890625
2369.419921875
2344.316162109375
2317.906494140625
2298.126220703125
2282.35546875
2274.188720703125
2271.92431640625
2273.977783203125
2281.943359375
2290.037841796875
2302.012451171875
2319.1962890625
2339.801513671875
2365.474365234375
2397.4365234375
2444.82763671875
2512.144287109375
2598.015869140625
2699.527099609375
2814.88525390625
2943.44482421875
3085.531982421875
3240.0615234375
3407.04345703125
3585.906005859375
137.98202514648438
130.65098571777344
136.2665557861328
144.12091064453125
146.30372619628906
148.0916290283203
3169.842529296875
3970.480224609375
4762.587890625
5209.1513671875
5465.1259765625
5643.65283203125
5807.25
5836.2041015625
5858.236328125
5911.12548828125
5998.85009765625
6106.1826171875
6238.6171875
6366.31689453125
6493.64990234375
6646.228515625
6795.6640625
6944.71875
7097.85498046875
7246.99658203125
7385.62646484375
7516.76416015625
7640.6279296875
7757.30322265625
7862.38232421875
7952.7568359375
8027.6259765625
8087.02880859375
8130.68505859375
8159.103515625
8173.337890625
8173.873046875
8160.78857421875
8134.60107421875
8095.62109375
8045.0537109375
7984.22265625
7914.91357421875
7836.98046875
7750.0947265625
7654.18603515625
7551.06103515625
7441.2138671875
7325.50048828125
7204.7470703125
7079.5654296875
6950.5458984375
6818.7021484375
6684.65478515625
6549.16357421875
6413.09326171875
6277.17822265625
6142.03857421875
6074.169921875
6006.38037109375
