1869.547119140625
1574.2301025390625
1476.6832275390625
1393.2457275390625
1259.16552734375
1192.0970458984375
1150.2545166015625
1112.9188232421875
1078.31005859375
1049.4193115234375
1027.0809326171875
1009.0736083984375
988.64501953125
966.2894287109375
943.4666137695312
920.6513061523438
897.4293212890625
873.5375366210938
851.467041015625
831.0654907226562
820.5485229492188
811.2775268554688
803.3027954101562
791.8016967773438
777.194091796875
765.9852905273438
752.8026123046875
739.860107421875
725.778564453125
713.6622314453125
704.9373779296875
700.5214233398438
706.805908203125
117.63513946533203
119.41075134277344
120.43170166015625
121.62852478027344
127.0487060546875
129.8840789794922
130.38931274414062
636.9004516601562
779.2095947265625
809.41748046875
812.089599609375
831.616455078125
851.0978393554688
862.0010986328125
868.3540649414062
874.1796264648438
887.8287963867188
902.4382934570312
931.5470581054688
962.7771606445312
995.4805908203125
1026.8536376953125
1054.8944091796875
1079.378662109375
1100.3424072265625
1118.0609130859375
1131.8289794921875
1141.6915283203125
1147.621826171875
1149.970458984375
1149.539306640625
1147.9892578125
1146.0037841796875
1142.406982421875
1137.124267578125
1130.50634765625
1123.1004638671875
1114.7000732421875
1105.4716796875
1095.8135986328125
1085.9842529296875
1076.296142578125
1066.303955078125
1056.010498046875
1045.421875
1034.4158935546875
1022.9144287109375
1010.9185791015625
998.3720703125
985.3123168945312
971.7700805664062
957.8944091796875
944.35107421875
930.7002563476562
916.9255981445312
903.0037231445312
888.9600219726562
874.7984619140625
860.565673828125
846.31103515625
832.0628662109375
817.8285522460938
803.6680908203125
789.62890625
775.8087158203125
