2051.78369140625
2008.423828125
2048.6923828125
2087.283447265625
2102.385009765625
2173.429931640625
2207.83447265625
2227.22265625
2247.495361328125
2254.095703125
2252.10107421875
2250.2216796875
2251.854736328125
2259.641357421875
2272.116943359375
2283.638671875
2289.65625
2297.37109375
2306.869140625
2315.80908203125
2325.16796875
2335.94140625
2349.800537109375
2375.120849609375
2414.713623046875
2464.095947265625
2518.647216796875
2578.145751953125
2644.550048828125
2719.6689453125
2801.901611328125
2891.564453125
116.16133117675781
117.2964859008789
118.10406494140625
118.71076965332031
119.1398696899414
119.46713256835938
1946.3328857421875
2444.0986328125
2670.791259765625
2939.8095703125
3200.796875
3430.191650390625
3634.23876953125
3824.524658203125
4007.443603515625
4185.748046875
4362.91748046875
4540.505859375
4719.10107421875
4899.650390625
5087.92236328125
5287.0146484375
5492.1181640625
5706.0048828125
5928.32861328125
6164.5234375
6389.779296875
6624.49658203125
6863.677734375
7100.37646484375
7345.95263671875
7583.37255859375
7781.6767578125
7954.54931640625
8099.59912109375
8238.6279296875
8389.791015625
8541.2802734375
8692.2978515625
8840.75
8786.3291015625
8507.546875
8267.4658203125
8033.42333984375
7795.31005859375
7568.67431640625
7349.32373046875
7134.30908203125
6920.466796875
6709.37255859375
6502.06201171875
6302.5107421875
6108.919921875
5922.6103515625
5738.79052734375
5557.9169921875
5384.96826171875
5221.490234375
5066.734375
4919.11376953125
