2082.505615234375
2056.781982421875
2031.401123046875
2013.2127685546875
2000.6319580078125
2028.39794921875
2042.902587890625
2042.124755859375
2036.1595458984375
2037.92333984375
2047.6123046875
2069.132080078125
2102.185302734375
2154.673828125
2198.103515625
2232.164306640625
2270.3388671875
2315.8798828125
2379.249755859375
2470.690185546875
2586.697265625
2726.677978515625
2886.991455078125
3061.0634765625
3244.360107421875
3433.306640625
3622.82666015625
3817.262939453125
4015.387451171875
4217.595703125
4424.12841796875
4634.796875
192.23410034179688
187.55445861816406
194.82896423339844
202.93698120117188
209.84738159179688
215.19662475585938
4724.16455078125
5086.27490234375
5271.2705078125
5392.45751953125
5507.0634765625
5644.78662109375
5808.4521484375
5997.3828125
6207.4609375
6435.9091796875
6686.08203125
6958.140625
7267.02783203125
7636.83544921875
7981.4482421875
8332.125
8679.603515625
9013.1982421875
9334.2470703125
9642.5400390625
9936.4814453125
10217.4287109375
10485.6533203125
10742.4033203125
10988.302734375
11222.7919921875
11446.6748046875
11661.697265625
11869.517578125
12071.671875
12271.5498046875
12471.4609375
12675.9306640625
12888.8759765625
13107.783203125
13329.1279296875
13550.6484375
13773.671875
13997.478515625
14108.4228515625
14218.2421875
14316.7314453125
13847.046875
13444.8671875
13068.6962890625
12710.615234375
12362.53515625
12022.5390625
11689.3955078125
11362.03125
11042.099609375
10732.62890625
10433.205078125
10143.265625
9862.4541015625
