2035.858642578125
2032.2891845703125
2055.343017578125
2059.354736328125
2140.468505859375
2194.2060546875
2232.302978515625
2219.955322265625
2218.135986328125
2220.123291015625
2224.99072265625
2233.988037109375
2250.64990234375
2269.038818359375
2283.099853515625
2298.22412109375
2315.506591796875
2331.27197265625
2346.2119140625
2360.031494140625
2371.481201171875
2380.772216796875
2389.5732421875
2400.31591796875
2415.906494140625
2436.05126953125
2463.947509765625
2502.56982421875
2544.2861328125
2588.68212890625
2636.090087890625
2687.2177734375
114.8314437866211
115.88929748535156
116.31489562988281
116.60330963134766
116.9917984008789
117.38565826416016
1754.260009765625
1832.08544921875
2117.563720703125
2515.996826171875
2880.40771484375
3158.6474609375
3369.50537109375
3536.727783203125
3678.3134765625
3808.607421875
3936.787841796875
4068.70166015625
4208.22607421875
4358.23046875
4521.1708984375
4697.220703125
4881.34716796875
5081.0927734375
5276.8544921875
5473.14306640625
5673.41064453125
5884.91162109375
6097.43798828125
6313.22802734375
6443.4658203125
6139.91552734375
5905.7646484375
5709.14208984375
5535.560546875
5372.4677734375
5214.7333984375
5057.90478515625
4894.333984375
4729.15478515625
4575.4677734375
4429.548828125
4286.28662109375
4146.56005859375
4005.944091796875
3866.924072265625
3729.344482421875
3594.69140625
3466.864501953125
3350.243408203125
3245.104248046875
3146.822998046875
3049.7041015625
2953.0703125
2858.75048828125
2767.583251953125
2678.661376953125
2592.19384765625
2509.898193359375
2432.76611328125
