2074.355712890625
2041.5462646484375
2005.4949951171875
2062.82958984375
2072.71435546875
2063.27197265625
2056.711669921875
2054.897216796875
2050.412353515625
2056.578125
2059.815185546875
2062.3154296875
2068.372802734375
2078.22119140625
2084.113525390625
2083.91796875
2086.134033203125
2092.67529296875
2098.538330078125
2106.479736328125
2117.291748046875
2128.88720703125
2146.07177734375
2169.1171875
2198.05029296875
2224.701416015625
2251.330810546875
2274.512451171875
2307.041748046875
2354.64501953125
2405.584228515625
2462.457275390625
109.86615753173828
111.07596588134766
111.99652099609375
112.88555908203125
113.6201400756836
114.30767822265625
1717.95703125
1931.79052734375
2352.5234375
2693.827392578125
2818.149658203125
2743.568603515625
2665.998291015625
2586.2373046875
2508.551513671875
2485.79248046875
2470.281982421875
2499.76171875
2513.282470703125
2518.955810546875
2527.477294921875
2557.420654296875
2597.7734375
2630.868896484375
2652.7529296875
2667.3505859375
2674.7021484375
2674.384521484375
2668.426025390625
2658.650390625
2645.920166015625
2629.7548828125
2610.051025390625
2586.979248046875
2560.236572265625
2528.481201171875
2492.12060546875
2451.076171875
2404.807373046875
2355.254638671875
2303.457763671875
2252.31982421875
2204.32421875
2161.524658203125
2124.05029296875
2092.1220703125
2063.52685546875
2035.016357421875
2005.1622314453125
1973.345947265625
1938.6019287109375
1903.4256591796875
1868.152099609375
1833.7406005859375
1801.5966796875
1772.486572265625
1746.2724609375
1723.0771484375
1701.3934326171875
1680.3797607421875
