2136.305908203125
2078.886962890625
2099.537353515625
2251.890380859375
2216.544189453125
2158.370849609375
2145.65966796875
2177.73779296875
2229.159912109375
2279.82666015625
2338.421142578125
2423.5224609375
2508.99609375
2588.020751953125
2661.76171875
2744.40869140625
2842.4482421875
2957.80859375
3092.364990234375
3247.1005859375
3422.390625
3616.27734375
3788.31689453125
3844.05810546875
3904.15380859375
3967.117919921875
4028.0341796875
4083.6494140625
4135.16796875
4196.69775390625
4255.697265625
4304.74072265625
378.5139465332031
401.2216491699219
397.6254577636719
366.80780029296875
345.6298522949219
331.0105285644531
319.5069885253906
4427.5166015625
4483.4814453125
4454.12890625
4446.87744140625
4448.02978515625
4449.9609375
4450.6015625
4452.91064453125
4463.474609375
4459.35400390625
4448.12939453125
4420.91552734375
4372.46142578125
4307.888671875
4226.27099609375
4125.27734375
4010.1669921875
3884.83447265625
3749.78564453125
3607.55712890625
3455.11767578125
3305.94091796875
3163.608154296875
3026.81689453125
2894.532958984375
2766.5302734375
2641.10546875
2519.645263671875
2402.9287109375
2291.991455078125
2189.8603515625
2095.576171875
2007.7181396484375
1924.8897705078125
1846.229736328125
1771.6728515625
1701.0306396484375
1634.1993408203125
1570.911865234375
1510.4051513671875
1453.09228515625
1398.8319091796875
1347.3743896484375
1298.2584228515625
1251.088134765625
1205.6845703125
1162.06201171875
1120.0748291015625
1079.2947998046875
1039.511962890625
1001.3831176757812
965.1132202148438
931.1784057617188
899.6822509765625
870.8736572265625
843.5805053710938
