2064.99072265625
2030.3935546875
2001.0777587890625
2046.8653564453125
2076.861328125
2061.40087890625
2106.65234375
2176.634521484375
2235.121826171875
2291.431396484375
2365.25634765625
2464.18701171875
2578.637939453125
2704.75537109375
2843.142822265625
2997.584228515625
3172.099609375
3367.81396484375
3582.7314453125
3815.979248046875
4062.5439453125
4321.97509765625
4594.79443359375
4881.0126953125
5179.03857421875
5487.806640625
5806.60791015625
6136.12646484375
6480.51611328125
6848.224609375
7297.880859375
7819.0869140625
331.1667175292969
313.3124084472656
320.3324279785156
334.8349914550781
350.51885986328125
365.0093078613281
7675.8408203125
8320.2490234375
8593.333984375
8718.609375
9045.5458984375
9338.2587890625
9269.9384765625
9183.8798828125
9114.9921875
8987.9169921875
8874.7451171875
8678.720703125
8497.0615234375
8320.6865234375
8141.19775390625
7955.08056640625
7759.93505859375
7556.96142578125
7346.12158203125
7127.86962890625
6903.47900390625
6673.0244140625
6440.21435546875
6207.4658203125
6093.05224609375
5980.150390625
5764.2021484375
5556.46533203125
5356.5595703125
5163.95068359375
4978.47314453125
4799.86181640625
4627.794921875
4461.70361328125
4301.7314453125
4145.8876953125
3995.015869140625
3850.3935546875
3711.623046875
3578.26318359375
3450.033447265625
3326.89111328125
3208.73291015625
3095.153076171875
2985.83935546875
2880.61181640625
2779.301025390625
2681.899658203125
2588.119140625
2497.78173828125
2410.857177734375
2327.345458984375
2247.20166015625
2170.366455078125
2096.606201171875
2025.751220703125
1957.6922607421875
1892.30029296875
1829.3343505859375
