2070.10546875
2033.472900390625
1992.983154296875
2065.734619140625
2132.141845703125
2158.920166015625
2183.84619140625
2210.362548828125
2238.56591796875
2271.54150390625
2330.196044921875
2411.21142578125
2500.279296875
2589.40966796875
2673.450927734375
2759.72412109375
2859.81982421875
2977.017333984375
3112.535888671875
3265.3408203125
3433.76123046875
3615.476806640625
3809.1572265625
4011.46533203125
4220.64892578125
4435.68017578125
4656.423828125
4881.55908203125
5114.2451171875
5352.42236328125
5592.95166015625
5848.53662109375
238.75436401367188
208.11549377441406
194.70266723632812
187.66275024414062
187.3700714111328
189.357177734375
191.85354614257812
4956.67626953125
5647.81103515625
5905.87548828125
6032.46337890625
6263.4560546875
6459.25634765625
6641.8095703125
6745.70849609375
6861.6552734375
7115.673828125
7389.52685546875
7684.48974609375
8004.6328125
8327.2490234375
8637.0029296875
8745.8291015625
8309.56640625
7924.00390625
7556.55322265625
7194.22802734375
6835.3154296875
6480.67578125
6131.8583984375
5792.8193359375
5466.2734375
5166.2216796875
4904.30712890625
4666.0634765625
4445.9765625
4241.8076171875
4054.0556640625
3881.59912109375
3722.0302734375
3573.087890625
3433.118896484375
3301.08544921875
3175.76123046875
3056.358642578125
2942.504150390625
2833.871337890625
2730.135498046875
2630.53564453125
2536.424072265625
2448.171875
2365.02587890625
2286.264404296875
2211.692626953125
2140.769287109375
2072.460205078125
2005.454833984375
1938.2994384765625
1871.960693359375
1807.5880126953125
1745.8619384765625
1686.998779296875
1631.0152587890625
