2082.19677734375
2061.075439453125
2035.193603515625
2015.67333984375
2011.0367431640625
2011.9730224609375
2020.1446533203125
2024.0687255859375
2031.3321533203125
2041.3157958984375
2058.854736328125
2058.88623046875
2069.41064453125
2079.990966796875
2093.62353515625
2108.97607421875
2119.61181640625
2129.7373046875
2142.599609375
2159.532470703125
2179.96435546875
2201.74365234375
2225.76806640625
2251.81689453125
2285.302734375
2325.103271484375
2376.179443359375
2437.30126953125
2508.25537109375
2589.46533203125
2680.601318359375
2781.920166015625
125.94253540039062
127.0412826538086
127.45875549316406
127.6578598022461
127.77091979980469
127.8422622680664
2620.491943359375
3009.830810546875
3151.980712890625
3265.765869140625
3388.234619140625
3524.046142578125
3669.905029296875
3824.906982421875
3988.84033203125
4160.97216796875
4345.28857421875
4539.74169921875
4744.33935546875
4958.8505859375
5183.6787109375
5418.13818359375
5664.50537109375
5927.4677734375
6209.43359375
6502.9736328125
6815.44970703125
7138.453125
7480.39794921875
7842.61181640625
8246.69921875
8675.9658203125
9085.0859375
9484.3115234375
9891.80078125
10323.802734375
10758.2470703125
11190.955078125
11622.0859375
12055.1611328125
12490.564453125
12938.9111328125
13394.2646484375
13844.2939453125
14286.6416015625
14724.705078125
15163.2998046875
15604.607421875
16043.5732421875
16474.439453125
16895.056640625
17307.654296875
17708.595703125
18097.361328125
18472.74609375
18834.55078125
19182.7421875
19514.830078125
19837.365234375
20136.6953125
