2007.5164794921875
2318.79443359375
2129.39208984375
2263.942138671875
2310.884521484375
2243.087158203125
2172.121826171875
2135.814453125
2118.17529296875
2124.333984375
2138.9814453125
2170.704833984375
2220.483642578125
2262.349365234375
2291.669921875
2318.71533203125
2351.805908203125
2393.368896484375
2439.217041015625
2485.90185546875
2532.8671875
2584.229248046875
2646.9052734375
2723.14501953125
2813.089111328125
2916.58056640625
3033.2265625
3161.77099609375
3300.10986328125
3446.850830078125
3599.550537109375
3757.079345703125
110.20575714111328
113.4041748046875
116.18370819091797
117.7914810180664
119.00684356689453
119.98124694824219
2549.18212890625
3606.725830078125
4111.3603515625
4209.017578125
4147.37255859375
4124.2734375
4127.9013671875
4147.99462890625
4179.23876953125
4215.50244140625
4252.49560546875
4300.46435546875
4343.42236328125
4386.47314453125
4423.72607421875
4455.01806640625
4487.73779296875
4545.29443359375
4593.94873046875
4631.5751953125
4656.95458984375
4670.14697265625
4671.91650390625
4661.0986328125
4639.13671875
4612.5322265625
4571.49658203125
4518.0087890625
4453.35498046875
4378.3564453125
4294.57373046875
4204.31396484375
4109.8125
4011.932861328125
3911.437744140625
3809.124755859375
3706.020263671875
3602.137451171875
3497.68310546875
3393.029296875
3288.341796875
3182.149169921875
3075.004638671875
2968.83251953125
2865.751708984375
2764.8896484375
2666.182373046875
2569.6298828125
2474.801025390625
2381.4580078125
2290.35595703125
2201.650146484375
2115.2216796875
2032.04931640625
