2085.0
2068.10693359375
2033.103759765625
2004.69580078125
2009.7205810546875
2108.189453125
2089.0517578125
2078.38916015625
2072.559326171875
2068.05908203125
2070.465087890625
2070.569580078125
2078.628173828125
2083.766845703125
2099.4521484375
2057.647216796875
1998.6796875
1943.3514404296875
1915.4962158203125
1894.9444580078125
1872.23291015625
1847.3243408203125
1822.6375732421875
1800.4581298828125
1783.444091796875
1769.3822021484375
1758.829833984375
1754.9989013671875
1752.1796875
1747.090576171875
1741.07861328125
1735.02978515625
117.55855560302734
117.6994400024414
118.15431213378906
118.58989715576172
118.90444946289062
119.13016510009766
1702.0155029296875
1683.0313720703125
1743.607666015625
1751.6644287109375
1741.1983642578125
1729.6920166015625
1726.057373046875
1739.5108642578125
1754.664794921875
1769.2138671875
1788.9608154296875
1839.632080078125
1896.9583740234375
1960.8963623046875
2029.66845703125
2094.8828125
2152.623291015625
2202.880126953125
2246.12109375
2284.697021484375
2320.45458984375
2354.614501953125
2387.253662109375
2417.9609375
2445.900390625
2469.855712890625
2489.4375
2504.80615234375
2516.5712890625
2525.640869140625
2533.071533203125
2539.471435546875
2544.670166015625
2548.492431640625
2550.404296875
2549.94580078125
2546.9580078125
2541.607421875
2534.469482421875
2525.51806640625
2515.074462890625
2503.47021484375
2491.22900390625
2478.326904296875
2464.959716796875
2451.243408203125
2436.838623046875
2421.25634765625
2404.536865234375
2386.909912109375
2368.37890625
2349.09228515625
2329.043701171875
2308.228271484375
