2066.97802734375
2026.2540283203125
1981.732666015625
2127.853515625
2108.171142578125
2102.83642578125
2104.98974609375
2128.13232421875
2143.921142578125
2152.1767578125
2154.03857421875
2154.693359375
2164.568115234375
2174.46875
2183.031982421875
2190.68896484375
2199.836181640625
2214.86328125
2231.954833984375
2250.381591796875
2273.370361328125
2305.183349609375
2352.570556640625
2424.218017578125
2511.577392578125
2608.83544921875
2712.692626953125
2821.9912109375
2936.238525390625
3053.52587890625
3171.532470703125
3290.229736328125
125.18270111083984
124.8695297241211
126.03074645996094
127.14434814453125
128.00213623046875
128.4690399169922
2499.773193359375
3009.337890625
3197.47216796875
3369.36669921875
3547.16455078125
3726.323974609375
3905.773193359375
4085.426025390625
4259.126953125
4425.98876953125
4587.12890625
4748.73046875
4909.654296875
5072.56640625
5238.8583984375
5405.26611328125
5565.623046875
5719.73876953125
5876.17529296875
6012.46630859375
6131.16162109375
6226.04541015625
6302.59130859375
6361.544921875
6404.33349609375
6428.40185546875
6447.4755859375
6471.90771484375
6488.6640625
6502.5458984375
6499.919921875
6471.173828125
6434.326171875
6273.91845703125
5975.12353515625
5706.431640625
5476.18505859375
5253.34716796875
5035.927734375
4815.06787109375
4584.38818359375
4379.66943359375
4165.76611328125
3936.539794921875
3690.433349609375
3433.203369140625
3276.723388671875
3136.034423828125
2989.770751953125
2838.2197265625
2688.46630859375
2545.209716796875
2408.515625
2276.92333984375
