2231.084228515625
2240.1259765625
2810.8173828125
2696.584228515625
2471.642822265625
2364.513916015625
2322.88818359375
2308.820068359375
2309.193359375
2314.281982421875
2311.24560546875
2300.15087890625
2289.393798828125
2281.5537109375
2280.97265625
2290.635498046875
2305.49658203125
2324.09033203125
2343.0947265625
2360.367919921875
2331.27001953125
2310.80615234375
2300.625732421875
2296.583984375
2308.473388671875
2335.1279296875
2369.63916015625
2409.245849609375
2451.75537109375
2495.965576171875
2540.362548828125
2584.20654296875
91.96157836914062
94.00868225097656
96.17876434326172
98.56155395507812
100.0321044921875
101.3578872680664
2090.05126953125
2802.0166015625
2781.164306640625
2757.359375
2760.288818359375
2789.1396484375
2819.77978515625
2847.9384765625
2873.54736328125
2895.784912109375
2919.7978515625
2939.420166015625
2955.341552734375
2967.104736328125
2970.62255859375
2969.50537109375
2965.6650390625
2956.41845703125
2953.617919921875
2951.446044921875
2942.536376953125
2922.8232421875
2893.726318359375
2851.03369140625
2799.7666015625
2740.165283203125
2673.642822265625
2601.634033203125
2527.91748046875
2454.0654296875
2380.30908203125
2306.932373046875
2235.01318359375
2165.447509765625
2098.847412109375
2035.6263427734375
1975.6048583984375
1917.4532470703125
1859.6717529296875
1803.0970458984375
1748.8524169921875
1696.89013671875
1647.16845703125
1601.0772705078125
1558.10302734375
1517.072509765625
1477.16259765625
1438.4786376953125
1400.9739990234375
1363.39599609375
1324.8199462890625
1285.520751953125
1247.441650390625
1211.5723876953125
1177.3660888671875
