18.928850173950195
17.98461151123047
15.399402618408203
12.7490816116333
11.261982917785645
10.402046203613281
9.870123863220215
9.535198211669922
9.331371307373047
9.20624828338623
9.173547744750977
9.229365348815918
9.381049156188965
9.621167182922363
9.949212074279785
10.431656837463379
11.05004596710205
11.776982307434082
12.607415199279785
13.553911209106445
14.62353801727295
15.782512664794922
17.100234985351562
18.511579513549805
19.95172691345215
21.44139862060547
23.00060272216797
24.663251876831055
26.438840866088867
28.166282653808594
29.92737579345703
31.642114639282227
7.829582214355469
6.748467922210693
6.805341720581055
7.167361259460449
7.555535316467285
7.949488639831543
45.440513610839844
43.80342483520508
43.13496017456055
43.80805587768555
44.78942108154297
45.941043853759766
47.220062255859375
48.57295608520508
50.04488754272461
51.49152374267578
52.84585189819336
54.117740631103516
55.291751861572266
56.41679763793945
57.47855758666992
58.46052551269531
59.32063674926758
60.06382751464844
60.70491027832031
61.189002990722656
61.46475601196289
61.61036682128906
61.720481872558594
61.708526611328125
61.620365142822266
61.48140335083008
61.292518615722656
61.06867218017578
60.81922912597656
60.56205368041992
60.2982292175293
60.02583694458008
59.75298309326172
59.65306091308594
59.54172897338867
59.27349090576172
59.017295837402344
58.7670783996582
58.520172119140625
58.28007125854492
58.0485725402832
57.832950592041016
57.632598876953125
57.44720458984375
57.273170471191406
57.10643768310547
56.94609832763672
56.79436492919922
56.64510726928711
56.484737396240234
56.312496185302734
56.08164978027344
55.861106872558594
55.644405364990234
55.43440628051758
