1500.0
1500.0
1500.0
1499.7510986328125
1500.0
1500.0
1500.0
1500.0
1500.0
1500.0
1500.0
1500.0
1500.0
1500.0
1500.0
1500.0
1500.0
1500.0
1500.0
1500.0
1500.0
1500.0
1500.0
1500.0
1500.0
1500.0
1500.0
1500.0
1500.0
1500.0
1500.0
1500.0
100.0
100.0
100.0
100.0
100.0
100.0
1499.9996337890625
1500.0
1500.0
1500.0
1500.0
1500.0
1500.0
1500.0
1500.0
1500.0
1500.0
1500.0
1500.0
1500.0
1500.0
1500.0
1500.0
1500.0
1500.0
1500.0
1461.42529296875
1402.4273681640625
1345.1275634765625
1292.7222900390625
1231.0023193359375
1164.9677734375
1107.0311279296875
1052.058837890625
995.6246337890625
937.415771484375
887.4171752929688
841.9382934570312
798.8552856445312
756.6990356445312
716.185302734375
677.5258178710938
639.694580078125
607.4825439453125
581.079833984375
553.3161010742188
523.9581298828125
494.0138854980469
464.9708251953125
437.8715515136719
412.63092041015625
388.6949768066406
365.56024169921875
342.9718933105469
321.47906494140625
301.7846984863281
283.3880310058594
266.1183166503906
249.4142303466797
233.3846893310547
