1499.9989013671875
1500.0
1500.0
1499.9998779296875
1500.0
1500.000244140625
1500.0074462890625
1500.0
1500.0
1500.0
1499.9998779296875
1499.99951171875
1499.999755859375
1500.0
1471.92333984375
1437.033203125
1399.434814453125
1365.4217529296875
1333.3001708984375
1304.048095703125
1280.2440185546875
1259.390380859375
1238.6610107421875
1214.510009765625
1187.296630859375
1157.5787353515625
1125.8663330078125
1094.329345703125
1063.1173095703125
1032.6376953125
1002.5828857421875
972.300048828125
100.0
100.0
100.0
100.0
100.0
100.0
1500.0
1038.715087890625
877.2105102539062
812.4142456054688
778.3333740234375
753.466796875
733.6099853515625
715.4739990234375
696.9688720703125
680.4308471679688
664.0394287109375
647.0155639648438
630.0258178710938
613.157470703125
596.5654907226562
580.385498046875
564.6331176757812
549.1981811523438
533.9542846679688
518.8549194335938
503.9768981933594
489.3518981933594
475.0247802734375
461.05267333984375
447.5254211425781
434.4515380859375
421.8143310546875
409.57843017578125
397.66021728515625
386.0097351074219
374.6363525390625
363.582763671875
352.8897399902344
342.55810546875
332.5995178222656
323.25567626953125
314.2868957519531
305.5263977050781
297.0300598144531
288.85064697265625
280.89520263671875
273.13140869140625
265.5773620605469
258.2550048828125
251.17457580566406
244.35638427734375
237.82785034179688
231.5908660888672
225.6263885498047
219.9346923828125
214.49307250976562
209.2989501953125
204.33921813964844
199.60879516601562
