2035.595703125
2005.5267333984375
2065.682861328125
2042.34521484375
2026.2431640625
2014.1622314453125
2031.55322265625
2040.5870361328125
2042.04638671875
2048.662353515625
2058.8896484375
2068.54638671875
2089.405029296875
2120.939208984375
2153.969970703125
2197.4296875
2259.573974609375
2350.236083984375
2471.126220703125
2623.001708984375
2804.08203125
3010.591064453125
3239.253662109375
3485.996826171875
3747.862060546875
4026.3447265625
4321.81689453125
4635.80126953125
4970.5712890625
5323.5498046875
5692.58349609375
6065.7158203125
265.6000061035156
286.5758361816406
294.6562805175781
301.296630859375
309.3095397949219
318.3773498535156
7874.15966796875
8834.4912109375
9043.1181640625
9112.318359375
9225.3603515625
9434.59375
9720.728515625
10067.3896484375
10474.431640625
10938.375
11458.341796875
12032.61328125
12643.0712890625
13280.7509765625
13947.1533203125
14649.09765625
15113.490234375
15147.8916015625
15180.255859375
15196.73828125
15194.9765625
15174.55859375
15136.673828125
15079.990234375
15002.068359375
14902.2744140625
14780.0166015625
14637.0166015625
14481.19921875
14307.2177734375
14120.6376953125
13915.220703125
13689.8837890625
13450.57421875
13172.2373046875
12900.2666015625
12622.27734375
12338.513671875
12051.2099609375
11763.0634765625
11475.1318359375
11188.087890625
10904.2080078125
10624.203125
10348.9248046875
10076.6787109375
9809.38671875
9546.6494140625
9289.1767578125
9038.669921875
8800.564453125
8568.9873046875
8345.7265625
8131.79833984375
