18.503437042236328
16.900896072387695
13.841805458068848
11.678790092468262
10.879501342773438
10.559514999389648
10.427785873413086
10.36455249786377
10.3272123336792
10.302228927612305
10.285857200622559
10.282027244567871
10.296210289001465
10.332687377929688
10.411675453186035
10.531274795532227
10.69295883178711
10.905952453613281
11.174253463745117
11.459356307983398
11.807256698608398
12.232483863830566
12.704146385192871
13.215272903442383
13.757463455200195
14.314943313598633
14.881284713745117
15.452235221862793
16.049606323242188
16.686973571777344
17.354022979736328
18.037403106689453
3.1364307403564453
2.9620633125305176
2.9931328296661377
3.1210055351257324
3.257364511489868
3.392695665359497
24.394895553588867
23.69516372680664
23.84138298034668
24.560758590698242
25.544193267822266
26.694042205810547
27.967470169067383
29.2814884185791
30.65531349182129
31.983259201049805
33.25163269042969
34.46345138549805
35.65542984008789
36.82115173339844
37.966068267822266
39.07263946533203
40.22630310058594
41.422245025634766
42.618770599365234
43.78933334350586
44.90852737426758
45.97431564331055
46.99641036987305
47.983863830566406
48.944332122802734
49.92097473144531
50.84929656982422
51.74433135986328
52.61579513549805
53.44242477416992
54.224891662597656
55.00127410888672
55.72462844848633
56.39910888671875
57.04786682128906
57.66746520996094
58.23957061767578
58.79050064086914
59.32439041137695
59.82499694824219
60.31477737426758
60.774200439453125
61.18227767944336
61.53269577026367
61.85114288330078
62.14508819580078
62.379066467285156
62.54051208496094
62.62466812133789
62.6258659362793
62.554542541503906
62.43062210083008
62.265296936035156
62.03565979003906
