2050.178466796875
2003.146484375
1415.906494140625
1312.9439697265625
1253.3831787109375
1199.4046630859375
1157.022216796875
1128.02001953125
1106.153076171875
1077.9053955078125
1048.26953125
1020.8219604492188
996.3619995117188
978.635498046875
967.2278442382812
954.580078125
940.594482421875
926.048828125
911.32421875
896.5015869140625
885.7501220703125
876.3402709960938
866.7339477539062
859.2157592773438
852.0738525390625
843.933349609375
835.8029174804688
828.5419311523438
821.9535522460938
815.7987670898438
810.0134887695312
804.205810546875
117.33235168457031
118.22938537597656
118.67869567871094
119.01959991455078
119.41960906982422
119.65733337402344
930.5418701171875
758.2152709960938
796.6910400390625
816.962646484375
812.9035034179688
801.3186645507812
788.7850952148438
778.3248901367188
770.9257202148438
786.9921264648438
802.3720703125
813.98828125
826.84716796875
846.9705810546875
872.9182739257812
899.9891357421875
927.4321899414062
954.925537109375
983.7349853515625
1013.118408203125
1041.9295654296875
1069.7470703125
1096.237060546875
1120.50048828125
1141.7213134765625
1158.9931640625
1172.599609375
1183.359619140625
1192.01318359375
1198.74267578125
1203.5029296875
1206.1416015625
1206.5264892578125
1204.834716796875
1200.87646484375
1194.4044189453125
1185.42529296875
1174.4222412109375
1162.591552734375
1150.0836181640625
1137.2314453125
1124.3548583984375
1111.6204833984375
1099.0660400390625
1086.57275390625
1074.0203857421875
1061.4302978515625
1048.5718994140625
1035.37109375
1021.8036499023438
1007.921875
993.7731323242188
979.3574829101562
964.6886596679688
