0.09990627318620682
0.11633961647748947
0.1261720359325409
0.13447305560112
0.139248326420784
0.14062568545341492
0.14175985753536224
0.14322206377983093
0.14423605799674988
0.14487828314304352
0.1454673558473587
0.1461615413427353
0.14683972299098969
0.14745411276817322
0.1481027603149414
0.14876168966293335
0.14944972097873688
0.15016047656536102
0.1509321928024292
0.1517031192779541
0.15243510901927948
0.15323826670646667
0.15407666563987732
0.1550319939851761
0.1561988741159439
0.15766866505146027
0.16008998453617096
0.1630455106496811
0.1664019078016281
0.17012740671634674
0.1742069572210312
0.17857371270656586
0.012224085628986359
0.008089505136013031
0.007867471314966679
0.0076772673055529594
0.007692792918533087
0.007831195369362831
0.14552435278892517
0.16117677092552185
0.17274951934814453
0.18214789032936096
0.19061213731765747
0.1987677365541458
0.20695488154888153
0.21509546041488647
0.22367417812347412
0.23268257081508636
0.24336542189121246
0.2566632330417633
0.2695898413658142
0.2808586061000824
0.2935898005962372
0.3078325390815735
0.3236594498157501
0.34111616015434265
0.3596893548965454
0.3495403230190277
0.3377390503883362
0.3267518877983093
0.31692418456077576
0.30943796038627625
0.30365732312202454
0.2992641031742096
0.29590314626693726
0.293279767036438
0.2912639081478119
0.2901763319969177
0.2908141613006592
0.2930711805820465
0.29520320892333984
0.29771825671195984
0.30078068375587463
0.30428314208984375
0.3081248700618744
0.3122716248035431
0.31665804982185364
2.9319801330566406
5.260284423828125
7.053090572357178
8.521895408630371
9.742134094238281
10.65445613861084
11.339845657348633
11.856830596923828
12.24736213684082
12.542232513427734
12.762085914611816
12.923822402954102
13.041061401367188
13.12336254119873
13.178121566772461
