0.022225545719265938
0.026910841464996338
0.029673993587493896
0.030755676329135895
0.030997270718216896
0.03094623051583767
0.030912311747670174
0.030950739979743958
0.031077835708856583
0.03126547113060951
0.03153392672538757
0.03183886781334877
0.0321156270802021
0.032350439578294754
0.032575298100709915
0.03282835707068443
0.03311443328857422
0.03341246768832207
0.03371777385473251
0.03404218703508377
0.034413646906614304
0.03485573083162308
0.03537617623806
0.03597080335021019
0.0366346575319767
0.03736085444688797
0.03813648968935013
0.03895038366317749
0.039814241230487823
0.040732938796281815
0.04118703305721283
0.04069140553474426
0.001925035030581057
0.0014258282026275992
0.001420716755092144
0.001419594045728445
0.0014216001145541668
0.001423871610313654
0.03551911935210228
0.04228942096233368
0.040956590324640274
0.03979020193219185
0.03906800225377083
0.038486648350954056
0.03793966770172119
0.03732754662632942
0.03665662184357643
0.03597266599535942
0.035266146063804626
0.03454122319817543
0.0338006429374218
0.033055536448955536
0.03231938183307648
0.031573809683322906
0.030823884531855583
0.03006977029144764
0.029310811311006546
0.028541455045342445
0.027767609804868698
0.027003733441233635
0.026235876604914665
0.02547275461256504
0.024719107896089554
0.023975921794772148
0.02324455976486206
0.022524742409586906
0.02181624434888363
0.021119767799973488
0.020432299003005028
0.019753625616431236
0.019085679203271866
0.018447909504175186
0.017827289178967476
0.017219481989741325
0.016625793650746346
0.016055231913924217
0.015508097596466541
0.014985119923949242
0.014482355676591396
0.013996965251863003
0.013526716269552708
0.013071238063275814
0.012633198872208595
0.012213066220283508
0.011820088140666485
0.011455423198640347
0.011115466244518757
0.01079217903316021
0.010481222532689571
0.010187036357820034
0.009918058291077614
0.009669695980846882
