0.023104291409254074
0.02638310380280018
0.0283622145652771
0.030070288106799126
0.030918769538402557
0.031180519610643387
0.031256675720214844
0.03133012726902962
0.03144427016377449
0.031594667583703995
0.03175877034664154
0.031934067606925964
0.03210848569869995
0.032238323241472244
0.03234702721238136
0.03246575966477394
0.03259705379605293
0.03273827210068703
0.032881367951631546
0.03303263708949089
0.03319019079208374
0.03340022265911102
0.03365465626120567
0.03396788239479065
0.03434481844305992
0.03478193283081055
0.03526652231812477
0.03578648343682289
0.03633542358875275
0.036909181624650955
0.03749850019812584
0.038102731108665466
0.0022646645084023476
0.002100954530760646
0.0019987975247204304
0.0019596186466515064
0.0019545068498700857
0.001953556202352047
0.03533681854605675
0.03834332525730133
0.039639879018068314
0.040349651128053665
0.0409381203353405
0.041563067585229874
0.04226145148277283
0.043026164174079895
0.043848492205142975
0.04472814127802849
0.04565783962607384
0.04662957042455673
0.047644082456827164
0.04872908443212509
0.04966868460178375
0.050587281584739685
0.05151456966996193
0.0525011345744133
0.05355453863739967
0.05465233325958252
0.05576081946492195
0.05435944348573685
0.05302048847079277
0.051723528653383255
0.0504571907222271
0.04921220615506172
0.04799331724643707
0.046806659549474716
0.04564838856458664
0.04450950399041176
0.0433875173330307
0.042289573699235916
0.041209544986486435
0.040147535502910614
0.039107177406549454
0.038092534989118576
0.037109944969415665
0.036156732589006424
0.03523296117782593
0.03433918580412865
0.03347659483551979
0.032641924917697906
0.03183481842279434
0.031052187085151672
0.030292458832263947
0.029554756358265877
0.02883782982826233
0.028141357004642487
0.027466682717204094
0.026815051212906837
0.026184143498539925
0.0255716685205698
0.024979203939437866
0.02440534718334675
