0.04298458620905876
0.052122440189123154
0.05961192771792412
0.06167300045490265
0.06167624890804291
0.061420638114213943
0.061355236917734146
0.061476629227399826
0.06164507940411568
0.061820413917303085
0.06196722760796547
0.06206667050719261
0.062179479748010635
0.062320709228515625
0.06247567757964134
0.06263025104999542
0.06279944628477097
0.0629858747124672
0.06318933516740799
0.0634051114320755
0.06361599266529083
0.06381645798683167
0.06402701139450073
0.06425415724515915
0.06442703306674957
0.06394891440868378
0.06355977058410645
0.06321661174297333
0.06290533393621445
0.0626191645860672
0.06234881654381752
0.06208307296037674
0.002902974607422948
0.002631704555824399
0.002608499489724636
0.002590463263913989
0.002578270621597767
0.0025741662830114365
0.0483996644616127
0.05778184160590172
0.06354387104511261
0.06523353606462479
0.06318066269159317
0.062070831656455994
0.061286646872758865
0.06062673032283783
0.06004094332456589
0.059502873569726944
0.05899986997246742
0.05852081999182701
0.05804913491010666
0.05757303163409233
0.057088710367679596
0.056587573140859604
0.05606308579444885
0.05551529675722122
0.05494934692978859
0.05421534553170204
0.053457122296094894
0.05268927291035652
0.05190236493945122
0.05110245570540428
0.050275664776563644
0.04942489042878151
0.04855441302061081
0.04768795892596245
0.046811506152153015
0.045931607484817505
0.045006390661001205
0.04405834525823593
0.04310460016131401
0.04214785620570183
0.04119319096207619
0.04024069756269455
0.03938155248761177
0.03853625804185867
0.03769398480653763
0.03686040639877319
0.03603038936853409
0.035196639597415924
0.03437313437461853
0.03355374187231064
0.032731812447309494
0.03192387893795967
0.031138857826590538
0.030378198251128197
0.029640736058354378
0.028918061405420303
0.028194736689329147
0.027478745207190514
0.026766860857605934
0.026104439049959183
