0.04103850573301315
0.044381920248270035
0.05022507905960083
0.054715078324079514
0.055833324790000916
0.056180667132139206
0.05633793771266937
0.056608762592077255
0.056950852274894714
0.057360660284757614
0.0577038899064064
0.05795565992593765
0.0581391341984272
0.05829811096191406
0.058457065373659134
0.058612920343875885
0.058763064444065094
0.05891413241624832
0.05905653163790703
0.059207651764154434
0.059376608580350876
0.059539392590522766
0.05971160903573036
0.059896115213632584
0.06008097156882286
0.06026218831539154
0.06046123430132866
0.060671139508485794
0.06097374111413956
0.061357930302619934
0.06180600821971893
0.062350232154130936
0.003043959615752101
0.0028072723653167486
0.0028031577821820974
0.0028007368091493845
0.0028000068850815296
0.0027925546746701
0.05536307394504547
0.059032142162323
0.06070081889629364
0.06228627264499664
0.06383515149354935
0.0652804970741272
0.06662334501743317
0.06788773089647293
0.06909725069999695
0.07026506215333939
0.07139064371585846
0.07247542589902878
0.07352940738201141
0.07456774264574051
0.07561025023460388
0.0766819640994072
0.07776616513729095
0.07886362075805664
0.07999558746814728
0.08117961883544922
0.08245296776294708
0.08382761478424072
0.08525669574737549
0.08676041662693024
0.08835766464471817
0.09002836048603058
0.09176959842443466
0.0932379812002182
0.09444468468427658
0.0955987423658371
0.09675079584121704
0.09798029065132141
0.09910455346107483
0.10020896047353745
0.10128998756408691
0.10261653363704681
0.10431022197008133
0.10585511475801468
0.10741423815488815
0.10897380858659744
0.11058647185564041
0.11224106699228287
0.11392166465520859
0.11561606824398041
0.11734497547149658
0.11912022531032562
0.12092793732881546
0.1228000670671463
0.12168888747692108
0.11789426952600479
0.11449667811393738
0.1113458201289177
0.10838967561721802
0.10696565359830856
0.10557897388935089
