0.04074687138199806
0.04441120848059654
0.04947218298912048
0.054700303822755814
0.055331550538539886
0.055503230541944504
0.05586785078048706
0.05620943009853363
0.0564064085483551
0.05659550428390503
0.05681738257408142
0.057093605399131775
0.057344887405633926
0.05757094919681549
0.05779223144054413
0.05800718814134598
0.058227069675922394
0.058466989547014236
0.058701545000076294
0.05891770124435425
0.05911651998758316
0.05932041257619858
0.05953626707196236
0.059775810688734055
0.06008586660027504
0.06049264594912529
0.06095403432846069
0.06144344434142113
0.06196168065071106
0.06251924484968185
0.06313072890043259
0.06382589787244797
0.003309486899524927
0.003039355156943202
0.0028916308656334877
0.0028025959618389606
0.002795363310724497
0.002789668273180723
0.05713073909282684
0.0605773851275444
0.06291249394416809
0.06469795852899551
0.06623464822769165
0.0676879733800888
0.06916508078575134
0.07069449126720428
0.07228297740221024
0.0739268958568573
0.07561024278402328
0.07732044160366058
0.07905146479606628
0.08080757409334183
0.08257117867469788
0.0843469649553299
0.08612307906150818
0.08786281198263168
0.08961666375398636
0.09147477895021439
0.09285970777273178
0.09419525414705276
0.09555090963840485
0.09690295904874802
0.09823967516422272
0.09960287809371948
0.10104716569185257
0.1034150943160057
0.10555195808410645
0.10763213783502579
0.10962569713592529
0.11161107569932938
0.1135825514793396
0.11561564356088638
0.11773566156625748
0.11960054934024811
0.12128955125808716
0.12288926541805267
0.12440785765647888
0.12589451670646667
0.1274239718914032
0.12905371189117432
0.1304430216550827
0.1316283494234085
0.1327276974916458
0.13385134935379028
0.1351984292268753
0.13693244755268097
0.13916978240013123
0.1418088674545288
0.14420057833194733
0.14646367728710175
0.14875204861164093
0.14333400130271912
