0.11488571017980576
0.12734371423721313
0.14483384788036346
0.15030647814273834
0.1513054072856903
0.1518302708864212
0.1524435579776764
0.15304985642433167
0.15352478623390198
0.1542169749736786
0.15500420331954956
0.15576665103435516
0.15636201202869415
0.15697713196277618
0.15767040848731995
0.15835502743721008
0.15894997119903564
0.15945349633693695
0.15997116267681122
0.16065119206905365
0.1614401638507843
0.16226458549499512
0.16313153505325317
0.16417250037193298
0.165494903922081
0.1670701801776886
0.16888083517551422
0.17099931836128235
0.17344370484352112
0.176075279712677
0.17888644337654114
0.18191295862197876
0.008556111715734005
0.00786211434751749
0.007876411080360413
0.007838435471057892
0.007818684913218021
0.007807945366948843
0.16157567501068115
0.17589136958122253
0.18290671706199646
0.18835797905921936
0.19372235238552094
0.19938817620277405
0.20543421804904938
0.21491959691047668
0.2256508469581604
0.2372961938381195
0.24914595484733582
0.2614157199859619
0.2696443200111389
0.26463305950164795
0.25959649682044983
0.2544366717338562
0.2492799162864685
0.24410511553287506
0.23888720571994781
0.23358629643917084
0.22826458513736725
0.22290027141571045
0.21750113368034363
0.21209852397441864
0.20638330280780792
0.20065850019454956
0.19495002925395966
0.18934111297130585
0.18414071202278137
0.17922179400920868
0.17448920011520386
0.16987784206867218
0.165352925658226
0.1609058827161789
0.1565258651971817
0.15221735835075378
0.14796887338161469
0.14378269016742706
0.13967272639274597
0.13566194474697113
0.1317286491394043
0.12793155014514923
0.12425070255994797
0.12061562389135361
0.11700066179037094
0.11354344338178635
0.11042416095733643
0.10794463008642197
0.10596407204866409
0.10437869280576706
0.10316822677850723
0.10224562883377075
0.10153955966234207
0.10102882981300354
