6.863877296447754
7.59835958480835
9.646689414978027
11.899507522583008
13.912758827209473
14.443252563476562
14.594036102294922
15.153340339660645
15.13254451751709
14.87353229522705
14.877904891967773
15.189591407775879
15.728819847106934
16.349281311035156
17.083215713500977
17.8668212890625
18.573484420776367
18.725528717041016
18.804567337036133
18.924678802490234
19.15765380859375
19.494455337524414
19.916988372802734
20.41124725341797
20.948604583740234
21.58396339416504
22.30789566040039
23.124359130859375
24.095720291137695
25.289987564086914
26.83737564086914
28.87339210510254
0.5344851613044739
0.37714269757270813
0.33316776156425476
0.27096161246299744
0.2645619809627533
0.26783087849617004
7.115469455718994
11.074294090270996
23.576459884643555
45.54462814331055
62.67013931274414
70.77674102783203
78.47379302978516
86.92632293701172
96.33338928222656
106.90863037109375
118.85985565185547
131.68678283691406
145.31776428222656
160.175537109375
175.80844116210938
192.04493713378906
208.97555541992188
226.5631103515625
244.95408630371094
264.8020935058594
285.4150390625
307.00970458984375
328.8893737792969
350.6356201171875
372.5249328613281
383.5737609863281
393.8046569824219
404.5968017578125
415.03656005859375
425.2337951660156
434.9874572753906
443.5897216796875
451.24530029296875
458.1805114746094
464.4747009277344
470.0751037597656
474.93682861328125
479.12860107421875
482.78662109375
485.95184326171875
488.6820373535156
490.9000549316406
492.59088134765625
493.4924011230469
493.806640625
494.0063171386719
494.1406555175781
494.3565368652344
494.2840881347656
493.96295166015625
493.4021911621094
492.6496276855469
491.740234375
490.6389465332031
