0.09919066727161407
0.11597921699285507
0.12650732696056366
0.13561317324638367
0.1388033926486969
0.14010101556777954
0.14129260182380676
0.14231395721435547
0.1429367959499359
0.14341191947460175
0.14395208656787872
0.1444198489189148
0.14490243792533875
0.14542630314826965
0.14589813351631165
0.14636637270450592
0.14690160751342773
0.14748045802116394
0.1480012983083725
0.14849162101745605
0.14905403554439545
0.14963465929031372
0.1503048539161682
0.15100707113742828
0.1517564207315445
0.15261565148830414
0.15362627804279327
0.15485285222530365
0.15649564564228058
0.15894591808319092
0.16156092286109924
0.16434252262115479
0.011374333873391151
0.007261575199663639
0.007006240542978048
0.007650731131434441
0.007727251388132572
0.007770592346787453
0.13664838671684265
0.14981307089328766
0.15884116291999817
0.1685703694820404
0.17656604945659637
0.18340624868869781
0.189480260014534
0.1952800303697586
0.20103994011878967
0.2068994790315628
0.21297883987426758
0.2193109393119812
0.22621943056583405
0.23354126513004303
0.24130606651306152
0.2518748641014099
0.2628104090690613
0.27407601475715637
0.2845948338508606
0.2965841293334961
0.31066974997520447
0.327035129070282
0.34372469782829285
0.34027236700057983
0.3296218812465668
0.3212466239929199
0.3155016601085663
0.3113952875137329
0.3087071478366852
0.3071661591529846
0.3065318465232849
0.30702972412109375
0.3083953261375427
0.3104957938194275
0.31164291501045227
0.3124954402446747
0.31439608335494995
0.31725913286209106
0.3208244740962982
0.32506558299064636
0.6911101341247559
3.46358060836792
5.378046989440918
6.712381839752197
7.657963275909424
8.37585735321045
8.924592971801758
9.305459022521973
9.57218074798584
9.759954452514648
9.891645431518555
9.98505973815918
10.05319595336914
10.113685607910156
