0.025115318596363068
0.0273988526314497
0.028757020831108093
0.03014228120446205
0.030683547258377075
0.030805982649326324
0.030832665041089058
0.030850587412714958
0.03091897815465927
0.031045837327837944
0.03114699199795723
0.0312872938811779
0.03145885095000267
0.03166484087705612
0.03189026191830635
0.032112617045640945
0.03231600672006607
0.03251165151596069
0.03270762413740158
0.03291353955864906
0.03312282636761665
0.0333317294716835
0.033544864505529404
0.033780332654714584
0.03407730162143707
0.03443959727883339
0.03485837206244469
0.03532514348626137
0.035837460309267044
0.0363972932100296
0.037008363753557205
0.037669744342565536
0.0015117661096155643
0.00140987744089216
0.0013673402136191726
0.0013370976084843278
0.0013437452726066113
0.001343163545243442
0.03229798004031181
0.03562283515930176
0.037851206958293915
0.039296358823776245
0.0403999462723732
0.041417162865400314
0.041193895041942596
0.04069461673498154
0.040243830531835556
0.039812229573726654
0.03938490152359009
0.038955360651016235
0.038517992943525314
0.03796038404107094
0.03739357367157936
0.03681620582938194
0.03622916340827942
0.035620059818029404
0.03499053791165352
0.03436934947967529
0.03376046568155289
0.03314071521162987
0.032515544444322586
0.03188418596982956
0.03124922886490822
0.030937639996409416
0.03061717376112938
0.029964696615934372
0.029313834384083748
0.028657056391239166
0.02799106575548649
0.02732120454311371
0.026654720306396484
0.025996031239628792
0.025347858667373657
0.024706142023205757
0.024071549996733665
0.02344680018723011
0.0228346548974514
0.022234667092561722
0.021644700318574905
0.021072739735245705
0.020534368231892586
0.02000185288488865
0.019473467022180557
0.018951674923300743
0.01843840628862381
0.018101446330547333
0.01793438196182251
0.017444897443056107
0.016967235133051872
0.016501203179359436
0.016050828620791435
0.015623408369719982
0.015214679762721062
0.014817487448453903
