0.021295951679348946
0.025961074978113174
0.02877799980342388
0.02989332005381584
0.030708426609635353
0.03112778440117836
0.031236959621310234
0.031176378950476646
0.03110807202756405
0.03110511042177677
0.031146753579378128
0.0312713086605072
0.0314226970076561
0.031638432294130325
0.031895507127046585
0.03217235580086708
0.03244447335600853
0.03269791975617409
0.03293396532535553
0.03315018489956856
0.03336460888385773
0.03358304128050804
0.03380526974797249
0.034032776951789856
0.03427203744649887
0.034539178013801575
0.03483991324901581
0.03517228737473488
0.035535987466573715
0.0359339565038681
0.036371778696775436
0.03685520589351654
0.0018439383711665869
0.00137334072496742
0.0013651181943714619
0.0013478515902534127
0.0013634605566039681
0.0013601710088551044
0.028336334973573685
0.03266899287700653
0.03555234894156456
0.03768191859126091
0.039170220494270325
0.04020603746175766
0.04102379083633423
0.04177481308579445
0.041324250400066376
0.04086405038833618
0.040461309254169464
0.04007219150662422
0.03968166187405586
0.03928745537996292
0.038886211812496185
0.03847157582640648
0.037959419190883636
0.03739411383867264
0.0368306003510952
0.03625950962305069
0.03568018972873688
0.035084068775177
0.03447601571679115
0.033884819597005844
0.03328307718038559
0.03268130496144295
0.0320822075009346
0.031478334218263626
0.030869001522660255
0.030255131423473358
0.02963949553668499
0.029021384194493294
0.028406180441379547
0.027792129665613174
0.027173934504389763
0.026556696742773056
0.02594553865492344
0.025341978296637535
0.02474566549062729
0.024156300351023674
0.023573536425828934
0.02299947664141655
0.022433191537857056
0.021876275539398193
0.021329255774617195
0.02079055830836296
0.020256558433175087
0.01972656510770321
0.019198542460799217
0.018672998994588852
0.01815229095518589
0.017646795138716698
0.017159707844257355
0.016692468896508217
