0.03788410872220993
0.038911595940589905
0.04222928360104561
0.045339565724134445
0.04789426177740097
0.05019105225801468
0.052121132612228394
0.05261320620775223
0.05280748009681702
0.05296508967876434
0.05310394987463951
0.05336567386984825
0.05365120247006416
0.05391151085495949
0.054156914353370667
0.05437624827027321
0.05461418628692627
0.05486232414841652
0.05511115863919258
0.05534433573484421
0.055566564202308655
0.055784810334444046
0.05600246787071228
0.056223951280117035
0.056473832577466965
0.056730106472969055
0.05699709802865982
0.057298701256513596
0.057637665420770645
0.05800405889749527
0.05839637666940689
0.05882592871785164
0.0034511892590671778
0.0032161136623471975
0.0030869594775140285
0.00299454084597528
0.002927497960627079
0.0028758076950907707
0.05184689164161682
0.05514227971434593
0.05721595510840416
0.05877351388335228
0.0600457563996315
0.06115119904279709
0.062177423387765884
0.06316490471363068
0.06414209306240082
0.06514311581850052
0.06613195687532425
0.06711896508932114
0.06810984015464783
0.06910161674022675
0.07009286433458328
0.07108902186155319
0.07209455221891403
0.07310532033443451
0.07412350922822952
0.07515964657068253
0.07623186707496643
0.07735798507928848
0.07854098081588745
0.07969910651445389
0.08074064552783966
0.08178199082612991
0.08285792917013168
0.08405272662639618
0.08538448810577393
0.08670074492692947
0.08801982551813126
0.08934646844863892
0.0906737893819809
0.09174521267414093
0.09269366413354874
0.09355124831199646
0.09440308064222336
0.09518970549106598
0.09589771181344986
0.09655307978391647
0.09732035547494888
0.09807588905096054
0.09885483235120773
0.09975259006023407
0.10068836808204651
0.10205470770597458
0.10342803597450256
0.10501058399677277
0.10667921602725983
0.10808975994586945
0.1087907999753952
0.10930757224559784
0.10762189328670502
0.10517778247594833
