0.007752308622002602
0.008651047945022583
0.009829608723521233
0.010956372134387493
0.011181124486029148
0.011246835812926292
0.011315882205963135
0.011378155089914799
0.011513113044202328
0.0116374297067523
0.011719689704477787
0.011792748235166073
0.011868110857903957
0.011949216946959496
0.012037228792905807
0.012133573181927204
0.012233764864504337
0.012335388921201229
0.012448117136955261
0.012584995478391647
0.012750856578350067
0.012947119772434235
0.013172292150557041
0.013423793949186802
0.01369884517043829
0.01399137917906046
0.0142811955884099
0.014543282799422741
0.014815214090049267
0.015102405101060867
0.015396252274513245
0.015698235481977463
0.000802628172095865
0.0007644486613571644
0.0007672972860746086
0.0007793090189807117
0.0007921848446130753
0.0008042636909522116
0.015279975719749928
0.016125278547406197
0.016537146642804146
0.016819417476654053
0.01707274280488491
0.017337914556264877
0.01763150840997696
0.01796037331223488
0.018326401710510254
0.018732937052845955
0.01916835643351078
0.019635429605841637
0.020138148218393326
0.02067948877811432
0.021249720826745033
0.021746287122368813
0.022224873304367065
0.022716188803315163
0.023231519386172295
0.023748932406306267
0.02427520975470543
0.0248041320592165
0.024383965879678726
0.023845840245485306
0.02331729605793953
0.022791260853409767
0.022267872467637062
0.021748749539256096
0.021235032007098198
0.02072574570775032
0.020220663398504257
0.019718773663043976
0.019224999472498894
0.018740825355052948
0.01826484687626362
0.017795905470848083
0.01733281835913658
0.01687542349100113
0.016423968598246574
0.015979312360286713
0.01554395817220211
0.015123046934604645
0.014720243401825428
0.014333048835396767
0.013959230855107307
0.013596898876130581
0.013244888745248318
0.012902215123176575
0.012567627243697643
0.012241960503160954
0.01192535925656557
0.011618010699748993
0.011318751610815525
0.011027111671864986
