0.48076510429382324
0.5130353569984436
0.6567872166633606
0.9552462697029114
1.022755742073059
1.0314433574676514
1.0410915613174438
1.0508341789245605
1.06352698802948
1.0785249471664429
1.0959644317626953
1.113016963005066
1.1306772232055664
1.1461604833602905
1.167361855506897
1.1871697902679443
1.201164722442627
1.2143762111663818
1.2279765605926514
1.2454721927642822
1.2676552534103394
1.2907682657241821
1.3167208433151245
1.3473114967346191
1.379581093788147
1.4123797416687012
1.4441280364990234
1.4833558797836304
1.54465913772583
1.6353845596313477
1.7546087503433228
1.8837287425994873
0.03298349678516388
0.032830096781253815
0.032773569226264954
0.03273145481944084
0.032696232199668884
0.03266530483961105
0.8477444648742676
1.4786111116409302
1.8834228515625
1.9279212951660156
1.8900082111358643
1.8872267007827759
1.9072257280349731
1.9497666358947754
2.004794120788574
2.0457797050476074
5.657321929931641
13.703651428222656
18.687602996826172
22.156095504760742
24.932884216308594
28.10903549194336
31.782276153564453
36.08510971069336
40.83961868286133
45.67783737182617
50.452327728271484
55.06792449951172
60.023048400878906
64.67827606201172
69.22198486328125
73.66130065917969
77.96407318115234
82.11837005615234
86.09281158447266
89.86863708496094
93.4305419921875
96.77262878417969
100.23324584960938
103.60686492919922
106.62535095214844
109.32334899902344
111.73609161376953
113.9195327758789
115.92586517333984
117.79756927490234
119.55402374267578
121.19725799560547
122.7203369140625
124.16478729248047
125.50713348388672
126.76354217529297
128.1219024658203
129.1997833251953
130.09495544433594
130.8589630126953
131.52503967285156
132.10659790039062
132.62620544433594
133.11378479003906
