0.14766168594360352
0.1495966613292694
0.16967850923538208
0.19135767221450806
0.20875118672847748
0.21566271781921387
0.22116324305534363
0.22523151338100433
0.22936856746673584
0.23235933482646942
0.23472490906715393
0.23784805834293365
0.240914449095726
0.24345281720161438
0.2453910857439041
0.24696415662765503
0.24843290448188782
0.24967223405838013
0.2507704496383667
0.25181588530540466
0.25327619910240173
0.2553817629814148
0.2574615180492401
0.2596510946750641
0.26222360134124756
0.26497215032577515
0.2679064869880676
0.27141377329826355
0.27528995275497437
0.2794322967529297
0.2840307354927063
0.28905341029167175
0.02474885992705822
0.02384818159043789
0.023395104333758354
0.023088354617357254
0.022795544937253
0.021218817681074142
0.2014993578195572
0.2163676768541336
0.2412225753068924
0.2628716826438904
0.282904714345932
0.3018820285797119
0.3201443552970886
0.33844447135925293
0.35685381293296814
0.37610924243927
0.3956582248210907
0.4158855378627777
0.4380982220172882
0.46551865339279175
0.49503859877586365
0.5248716473579407
0.5544135570526123
0.5837361216545105
0.6147933602333069
0.649706244468689
0.6838842034339905
0.7195753455162048
0.7560617327690125
0.7926246523857117
0.8287900686264038
0.8349196910858154
0.7861696481704712
0.7557134628295898
0.7463274598121643
0.7550470232963562
0.7692655324935913
0.7883399128913879
0.8118103742599487
0.8389744758605957
0.8713244795799255
0.9094168543815613
0.9533324241638184
1.0032126903533936
4.279059886932373
14.215017318725586
19.942989349365234
23.430700302124023
25.681962966918945
27.655290603637695
29.837997436523438
32.17429733276367
34.525718688964844
36.65373611450195
38.49912643432617
40.080753326416016
41.467105865478516
42.70234680175781
43.80292892456055
44.755157470703125
