6.957071304321289
8.161797523498535
10.589284896850586
13.704507827758789
15.41743278503418
16.024599075317383
16.37967300415039
16.208797454833984
16.4310359954834
17.08478546142578
17.978036880493164
18.884855270385742
19.178457260131836
19.344972610473633
19.571115493774414
19.859033584594727
20.2844295501709
20.74081802368164
21.208099365234375
21.789104461669922
22.495805740356445
23.373149871826172
24.492963790893555
25.738588333129883
27.11119270324707
28.947189331054688
31.527088165283203
35.077735900878906
39.5150032043457
44.66973876953125
50.59937286376953
56.713348388671875
1.0795735120773315
0.9226386547088623
0.7830111384391785
0.6935437321662903
0.7144889235496521
0.7270476222038269
16.27570152282715
22.739816665649414
37.99366760253906
97.1565170288086
122.46083068847656
143.39422607421875
163.94357299804688
183.47386169433594
202.08409118652344
220.5096893310547
239.36793518066406
259.3415832519531
280.9331359863281
292.4719543457031
305.4498291015625
317.949951171875
329.4417419433594
339.9080505371094
349.6786804199219
359.111572265625
367.8250427246094
375.9298095703125
383.8308410644531
390.9784851074219
397.3898010253906
403.2142028808594
408.43585205078125
412.92218017578125
416.7162170410156
419.8744201660156
422.5407409667969
424.8508605957031
426.3945617675781
427.2127990722656
427.39349365234375
427.5191955566406
427.7471008300781
428.0827331542969
428.5081481933594
428.9346923828125
429.4046630859375
429.6968078613281
429.806884765625
429.7961730957031
429.75537109375
429.7048645019531
429.62939453125
429.5047607421875
429.3447570800781
429.1561584472656
428.89166259765625
428.57427978515625
428.2594909667969
427.96527099609375
