0.11145718395709991
0.12082721292972565
0.13457326591014862
0.14803603291511536
0.1514434963464737
0.15286411345005035
0.15396608412265778
0.15503470599651337
0.1560211181640625
0.1569124013185501
0.15813449025154114
0.1594269573688507
0.16055616736412048
0.16153645515441895
0.1625039279460907
0.16346538066864014
0.16452176868915558
0.16557420790195465
0.16663214564323425
0.16776426136493683
0.16896569728851318
0.17020012438297272
0.17150594294071198
0.17299339175224304
0.17464585602283478
0.1765049695968628
0.178605318069458
0.18090340495109558
0.18338869512081146
0.18605855107307434
0.18901434540748596
0.19229479134082794
0.011776141822338104
0.010410522110760212
0.009684356860816479
0.009193547070026398
0.00886452104896307
0.008687708526849747
0.1609492301940918
0.1744975745677948
0.18306827545166016
0.19050869345664978
0.19750066101551056
0.20440608263015747
0.213029682636261
0.2251082956790924
0.23810839653015137
0.251724511384964
0.2665475904941559
0.26069632172584534
0.2544613778591156
0.24846476316452026
0.24232175946235657
0.2361651062965393
0.22990727424621582
0.22354567050933838
0.21708641946315765
0.21060235798358917
0.20408116281032562
0.19747458398342133
0.19078414142131805
0.18413470685482025
0.17794685065746307
0.17222510278224945
0.1667841374874115
0.161577507853508
0.15652169287204742
0.15169090032577515
0.1474471390247345
0.1439306139945984
0.14104203879833221
0.13867497444152832
0.13670526444911957
0.13504348695278168
0.13362817466259003
0.13258908689022064
0.13194653391838074
0.13162140548229218
0.13161899149417877
0.13186368346214294
0.13227926194667816
0.13296981155872345
0.1343868374824524
0.13648855686187744
0.13925527036190033
0.14260146021842957
0.1462417095899582
0.1501188576221466
0.15425260365009308
0.15857531130313873
0.16304148733615875
0.16762381792068481
