0.1477830708026886
0.14962314069271088
0.16966794431209564
0.1912851631641388
0.2087152600288391
0.21562056243419647
0.22112873196601868
0.22517701983451843
0.22930406033992767
0.23238439857959747
0.2346096783876419
0.2376960664987564
0.24079900979995728
0.24333851039409637
0.24536988139152527
0.24696996808052063
0.24847733974456787
0.24974754452705383
0.2508070766925812
0.25187328457832336
0.2531675398349762
0.2554095685482025
0.25752508640289307
0.25967901945114136
0.2621690630912781
0.26491472125053406
0.2678031623363495
0.2712528109550476
0.2750847339630127
0.2791355550289154
0.28363701701164246
0.28856319189071655
0.02472277358174324
0.023757249116897583
0.02324899286031723
0.022899989038705826
0.022574856877326965
0.021137015894055367
0.20155082643032074
0.21576210856437683
0.24004505574703217
0.2615896165370941
0.28145143389701843
0.30022352933883667
0.31820547580718994
0.3361247181892395
0.35413864254951477
0.3730054199695587
0.3922237455844879
0.41197964549064636
0.4332115650177002
0.459341436624527
0.4886266887187958
0.5183137655258179
0.5476779341697693
0.5766293406486511
0.6064819097518921
0.6404089331626892
0.6739507913589478
0.7085500955581665
0.7449136972427368
0.7824131846427917
0.8192791938781738
0.8436837792396545
0.7820732593536377
0.7521951794624329
0.7391865253448486
0.7273447513580322
0.7359744906425476
0.7495017051696777
0.7666835784912109
0.7878485918045044
0.8129369020462036
0.8442021608352661
0.881347119808197
0.9244332313537598
0.9738789796829224
1.029882550239563
10.206584930419922
17.747568130493164
22.19713592529297
24.97146224975586
27.10394859313965
29.33614158630371
31.631017684936523
34.0749397277832
36.30533981323242
38.244930267333984
39.90519714355469
41.35334396362305
42.647911071777344
43.78738021850586
44.78423309326172
