18.875343322753906
17.8525390625
15.243430137634277
12.752337455749512
11.46695327758789
10.792908668518066
10.42863655090332
10.253532409667969
10.218635559082031
10.317317962646484
10.509387969970703
10.82578182220459
11.29799747467041
11.940181732177734
12.68709945678711
13.507739067077637
14.361473083496094
15.304218292236328
16.374286651611328
17.554180145263672
18.89554786682129
20.42353630065918
22.026199340820312
23.62061882019043
25.14354133605957
26.547021865844727
27.81328010559082
29.01120948791504
30.212249755859375
31.486839294433594
32.842838287353516
34.27350997924805
9.0554780960083
7.8686747550964355
7.927693843841553
8.312361717224121
8.72963809967041
9.162203788757324
49.781654357910156
47.78091812133789
47.12923812866211
48.18375015258789
49.23086166381836
50.51292419433594
51.94683837890625
53.519676208496094
55.17144775390625
56.859371185302734
58.540771484375
60.18724060058594
61.8057861328125
63.430702209472656
65.0574722290039
66.6887435913086
68.29925537109375
69.72492980957031
70.77753448486328
71.57677459716797
72.36637878417969
73.17463684082031
73.9818344116211
74.77803802490234
75.45447540283203
76.03395080566406
76.5253677368164
76.92241668701172
77.22510528564453
77.44161224365234
77.5886459350586
77.68478393554688
77.7486572265625
77.81346130371094
77.86581420898438
77.89315795898438
77.88639831542969
77.81239318847656
77.64717102050781
77.39671325683594
77.09809112548828
76.7922134399414
76.49085998535156
76.19786834716797
75.91132354736328
75.64071655273438
75.3927993774414
75.1661605834961
74.9579086303711
74.76763153076172
74.59615325927734
74.44078826904297
74.2961196899414
74.16114807128906
