0.5027236342430115
0.6398535370826721
0.993436872959137
1.0316147804260254
1.0513546466827393
1.0748738050460815
1.0973352193832397
1.120327115058899
1.134639859199524
1.1473162174224854
1.1600401401519775
1.173321008682251
1.187732458114624
1.2021069526672363
1.2181297540664673
1.2391607761383057
1.261881947517395
1.2873988151550293
1.3171770572662354
1.3505213260650635
1.387086272239685
1.426253080368042
1.4656355381011963
1.5122199058532715
1.5665462017059326
1.6355081796646118
1.7155643701553345
1.8164821863174438
1.8732056617736816
1.8498382568359375
1.8264676332473755
1.8035238981246948
0.03385116532444954
0.0336892306804657
0.033601440489292145
0.03353508934378624
0.03552473708987236
0.0355471633374691
1.5162973403930664
2.009657859802246
5.5778727531433105
16.56928253173828
23.934961318969727
30.285531997680664
32.608497619628906
37.252933502197266
43.86741256713867
50.393585205078125
57.16061019897461
64.37345123291016
71.93971252441406
79.40875244140625
86.7247085571289
93.90933990478516
101.00711822509766
108.09622955322266
115.36944580078125
122.05567169189453
128.0164337158203
133.2882843017578
138.0290985107422
142.36944580078125
146.3804473876953
150.12754821777344
153.75949096679688
155.71917724609375
156.60423278808594
158.66766357421875
160.21954345703125
161.6182403564453
162.8391876220703
163.81109619140625
164.83685302734375
165.899169921875
166.9720001220703
167.96868896484375
168.8563995361328
169.6710662841797
170.411376953125
171.08184814453125
171.74630737304688
172.38294982910156
172.96792602539062
173.53306579589844
174.09861755371094
174.6167449951172
175.07057189941406
175.47366333007812
175.8350372314453
176.1488494873047
176.4120635986328
176.18310546875
175.27639770507812
174.66024780273438
