17.922239303588867
15.560157775878906
12.128288269042969
10.686761856079102
10.238598823547363
10.057028770446777
9.9586820602417
9.905755043029785
9.912720680236816
10.024130821228027
10.23906421661377
10.559919357299805
11.013408660888672
11.56200885772705
12.21385669708252
13.006936073303223
13.938051223754883
14.991920471191406
16.177568435668945
17.484004974365234
18.787443161010742
20.073030471801758
21.338781356811523
22.835012435913086
24.61545181274414
26.555553436279297
28.510419845581055
30.367177963256836
32.13450622558594
33.89490509033203
35.679466247558594
37.4626350402832
13.158653259277344
14.829992294311523
15.83884334564209
16.150697708129883
16.17875862121582
16.117273330688477
45.614990234375
43.75578689575195
44.69544982910156
46.64488983154297
48.81711959838867
50.782081604003906
51.3692512512207
52.49246597290039
54.0867919921875
55.59733963012695
56.95793151855469
58.1504020690918
59.21687698364258
60.14190673828125
60.96242904663086
61.69805908203125
62.459228515625
63.28664779663086
64.11427307128906
64.83863830566406
65.42056274414062
65.9150161743164
66.33940887451172
66.71290588378906
67.09051513671875
67.45792388916016
67.7779769897461
67.94796752929688
68.03809356689453
67.91927337646484
67.75341796875
67.46798706054688
67.09198760986328
66.66918182373047
66.24421691894531
65.84204864501953
65.47359466552734
65.13128662109375
64.80371856689453
64.4737319946289
64.11524963378906
63.72180938720703
63.30830383300781
62.905574798583984
62.521644592285156
62.16543960571289
61.84722900390625
61.57065963745117
61.33529281616211
61.13655090332031
60.97036361694336
60.83551788330078
60.730533599853516
60.6560173034668
60.60816192626953
60.56847381591797
