0.02183094434440136
0.02391807548701763
0.02774524688720703
0.029902474954724312
0.0308284442871809
0.031271401792764664
0.0314001739025116
0.031431518495082855
0.031482938677072525
0.031580373644828796
0.03173169493675232
0.03187481313943863
0.0319996178150177
0.03208810091018677
0.032149601727724075
0.032205916941165924
0.03226811811327934
0.03233949840068817
0.032413989305496216
0.032496701925992966
0.032586436718702316
0.032678548246622086
0.032770439982414246
0.032857853919267654
0.032940175384283066
0.03303949907422066
0.033169522881507874
0.033312585204839706
0.0334712453186512
0.03366575762629509
0.03390389680862427
0.034180399030447006
0.002061756094917655
0.001685412717051804
0.0015809583710506558
0.001503567909821868
0.0014771189307793975
0.0014718642923980951
0.0289640910923481
0.032326530665159225
0.03407292813062668
0.035088494420051575
0.03573865443468094
0.03625110909342766
0.03673364594578743
0.03722390905022621
0.03773447871208191
0.03827381134033203
0.038836218416690826
0.03941754624247551
0.04001842811703682
0.04063931480050087
0.04128017649054527
0.041941575706005096
0.04263044893741608
0.043339792639017105
0.044071272015571594
0.04482851177453995
0.04561348259449005
0.046420495957136154
0.047262128442525864
0.048102978616952896
0.04884858429431915
0.049608711153268814
0.05037727952003479
0.05116153880953789
0.051966167986392975
0.052795737981796265
0.05366634204983711
0.054547302424907684
0.055426377803087234
0.05634412169456482
0.056262001395225525
0.05515963211655617
0.054130520671606064
0.05312976613640785
0.05212615057826042
0.0511297769844532
0.05014009028673172
0.049156345427036285
0.04818197339773178
0.04722119867801666
0.04627694934606552
0.04535026475787163
0.04442579671740532
0.043504323810338974
0.04259220510721207
0.04169246181845665
0.04080222547054291
0.039921581745147705
0.03905252739787102
0.03818736597895622
