0.021842017769813538
0.023954158648848534
0.027790537104010582
0.02994859404861927
0.030878936871886253
0.03128336742520332
0.03138818219304085
0.031414177268743515
0.03147038444876671
0.031571827828884125
0.03171616792678833
0.0318603478372097
0.031982336193323135
0.03207064047455788
0.032131507992744446
0.032188042998313904
0.03225516527891159
0.03233044967055321
0.032405827194452286
0.03248963505029678
0.03258087858557701
0.032676003873348236
0.032769083976745605
0.03285640478134155
0.03294016420841217
0.03304383531212807
0.03317677229642868
0.03332144767045975
0.03348366171121597
0.033684004098176956
0.033929094672203064
0.034213121980428696
0.002047128975391388
0.001671155565418303
0.0015682756202295423
0.0014972018543630838
0.0014739168109372258
0.0014687190996482968
0.02913283370435238
0.032511476427316666
0.034243058413267136
0.03521333262324333
0.035830166190862656
0.03632747754454613
0.03680792450904846
0.037303268909454346
0.037822362035512924
0.03837180882692337
0.03894245997071266
0.03953222930431366
0.04014170169830322
0.04077141731977463
0.04142158105969429
0.04209362715482712
0.04279204085469246
0.04351114109158516
0.04425325244665146
0.045022763311862946
0.04581943526864052
0.04663807898759842
0.04750819876790047
0.04830033332109451
0.049044910818338394
0.04981101304292679
0.0505836196243763
0.051375262439250946
0.052189283072948456
0.05304129794239998
0.05393311381340027
0.05483401194214821
0.055735033005476
0.056675542145967484
0.0559200718998909
0.05484980717301369
0.05383020639419556
0.052827104926109314
0.05181065574288368
0.0508086159825325
0.04981185123324394
0.04882444813847542
0.04784945026040077
0.04689033702015877
0.04594958946108818
0.04501354694366455
0.04408467188477516
0.04316319152712822
0.04225258156657219
0.04134930297732353
0.040457796305418015
0.039574939757585526
0.03869819641113281
0.0378328301012516
