0.048059601336717606
0.05395495146512985
0.056668225675821304
0.05886917561292648
0.060132551938295364
0.06062745302915573
0.06095535680651665
0.06116073578596115
0.06128611043095589
0.06147294119000435
0.06175181269645691
0.062119971960783005
0.06248539313673973
0.06279654055833817
0.06307902932167053
0.06332540512084961
0.06355822831392288
0.06381349265575409
0.06407592445611954
0.0643308237195015
0.06461077928543091
0.0649026557803154
0.06507449597120285
0.06457821279764175
0.06412506103515625
0.06371283531188965
0.06333579123020172
0.0629749745130539
0.06264591217041016
0.06233258545398712
0.062016911804676056
0.06169416010379791
0.002843552501872182
0.0026699311565607786
0.002619592472910881
0.002598271006718278
0.002583982888609171
0.0025719201657921076
0.056515105068683624
0.06103993207216263
0.06324855983257294
0.06401213258504868
0.06283626705408096
0.06181646138429642
0.06093741953372955
0.06015700846910477
0.059445321559906006
0.058781400322914124
0.05814788118004799
0.05753142386674881
0.056922029703855515
0.05631258711218834
0.055694352835416794
0.055064231157302856
0.054346535354852676
0.053525350987911224
0.05269475281238556
0.0518454983830452
0.050989411771297455
0.050098732113838196
0.0491810068488121
0.0482526533305645
0.04730798304080963
0.046350542455911636
0.045384522527456284
0.044350698590278625
0.04333493113517761
0.04232751578092575
0.04132905229926109
0.04039390757679939
0.03952208533883095
0.03864486142992973
0.03777291625738144
0.036906059831380844
0.036038611084222794
0.035182319581508636
0.03432004898786545
0.03346977010369301
0.03262757509946823
0.031803227961063385
0.030998824164271355
0.030212698504328728
0.02943611890077591
0.028681661933660507
0.027954189106822014
0.02725125662982464
0.026570431888103485
0.025905881077051163
0.025250066071748734
0.024618331342935562
0.024014247581362724
0.023417115211486816
