2074.881103515625
2039.665771484375
2002.3206787109375
2036.441650390625
2082.54931640625
2066.60986328125
2069.853515625
2064.744384765625
2059.37109375
2062.240234375
2080.355712890625
2102.646240234375
2125.17236328125
2141.1728515625
2157.54638671875
2171.457275390625
2187.996826171875
2208.576904296875
2231.178466796875
2257.662841796875
2287.84619140625
2321.194580078125
2363.220458984375
2418.55908203125
2484.821044921875
2560.25341796875
2649.079833984375
2750.09423828125
2860.829345703125
2981.785888671875
3116.110595703125
3266.115234375
119.26703643798828
120.9146499633789
125.58334350585938
127.54691314697266
128.0939483642578
127.90019989013672
2473.9404296875
2970.73193359375
3268.320556640625
3519.384033203125
3772.753173828125
4045.2255859375
4348.43115234375
4676.32470703125
5012.685546875
5366.654296875
5723.03759765625
5910.71337890625
5806.1787109375
5738.14599609375
5662.576171875
5573.65380859375
5471.55859375
5360.353515625
5243.4990234375
5122.71923828125
5011.9013671875
4901.7265625
4781.1865234375
4654.09375
4523.05126953125
4389.17041015625
4254.40966796875
4121.9814453125
3994.09375
3872.23486328125
3755.462890625
3643.10498046875
3535.9560546875
3431.32080078125
3327.9365234375
3224.344482421875
3120.722412109375
3014.065185546875
2906.22314453125
2800.5390625
2698.347900390625
2600.258544921875
2514.259765625
2437.726318359375
2367.580810546875
2302.03125
2240.451416015625
2181.891357421875
2122.889892578125
2064.52587890625
2007.384033203125
1951.5185546875
1896.0281982421875
1841.16650390625
