2060.615966796875
2036.82080078125
2015.184326171875
2008.90625
2037.615234375
2042.4100341796875
2044.792236328125
2034.7431640625
2054.1201171875
2072.727294921875
2097.524169921875
2127.935791015625
2173.426025390625
2234.30517578125
2302.412109375
2378.8515625
2472.0771484375
2585.940673828125
2720.1884765625
2874.110595703125
3045.30029296875
3233.13330078125
3436.824951171875
3655.6689453125
3888.048583984375
4133.73681640625
4392.86865234375
4665.79150390625
4953.20654296875
5252.880859375
5555.150390625
5868.60400390625
253.07916259765625
254.23109436035156
265.8088684082031
277.0782775878906
287.1609191894531
296.47259521484375
6728.35546875
7448.4873046875
8022.76123046875
8622.14453125
9197.23828125
9698.86328125
10169.875
10613.8720703125
11036.0576171875
11462.1904296875
11906.4814453125
12364.8359375
12836.2177734375
13324.1826171875
13829.12109375
14356.7265625
14904.546875
15472.6552734375
16058.685546875
16659.43359375
17270.8125
17887.341796875
18503.18359375
18649.69140625
18379.0
18129.65234375
17879.263671875
17621.00390625
17353.095703125
17074.916015625
16787.458984375
16491.3203125
16187.6416015625
15876.8466796875
15558.0703125
15234.625
14908.1201171875
14579.7978515625
14250.1845703125
13920.83984375
13590.61328125
13261.8916015625
12936.23828125
12615.216796875
12299.1025390625
11988.0869140625
11678.1005859375
11368.7763671875
11072.642578125
10784.337890625
10502.1943359375
10227.37890625
9959.5859375
9699.0
