2071.96923828125
2038.670654296875
2027.36572265625
2075.59814453125
2057.625732421875
2046.67236328125
2039.6893310546875
2034.234619140625
2035.9366455078125
2038.5833740234375
2044.536376953125
2052.522705078125
2052.571533203125
2057.123046875
2062.941162109375
2068.35595703125
2079.255126953125
2088.970458984375
2099.61572265625
2109.046142578125
2117.26953125
2136.0361328125
2161.28369140625
2184.539306640625
2210.359375
2244.810302734375
2283.7490234375
2332.99560546875
2396.762939453125
2485.7607421875
2608.120361328125
2731.381103515625
110.65767669677734
112.46538543701172
114.02376556396484
115.31588745117188
116.45976257324219
117.4597396850586
1804.471435546875
2223.3310546875
2821.01171875
3145.69921875
3089.91943359375
2977.367919921875
2815.70068359375
2680.93408203125
2744.3623046875
2781.50537109375
2802.683837890625
2827.648681640625
2863.20556640625
2896.2314453125
2923.645263671875
2942.360595703125
2946.2919921875
2935.428955078125
2914.174072265625
2884.105712890625
2845.591552734375
2799.5732421875
2748.8828125
2694.489013671875
2636.271484375
2577.799560546875
2524.4111328125
2476.986328125
2435.69189453125
2397.325927734375
2359.1484375
2318.93115234375
2275.40478515625
2229.11767578125
2181.988525390625
2135.176513671875
2089.74267578125
2045.636962890625
2003.3863525390625
1963.0721435546875
1924.088623046875
1886.00390625
1848.3453369140625
1810.372802734375
1771.6937255859375
1732.323974609375
1692.129638671875
1651.2183837890625
1609.9989013671875
1569.0107421875
1527.853759765625
1486.8563232421875
1446.2196044921875
1406.2354736328125
