2085.034423828125
2068.10546875
2037.299560546875
2013.8662109375
2004.851318359375
2029.59619140625
2051.720947265625
2045.8568115234375
2036.8182373046875
2029.417236328125
2032.7498779296875
2043.9189453125
2065.28125
2084.82763671875
2101.078369140625
2114.0595703125
2128.21240234375
2147.802490234375
2167.111572265625
2183.648193359375
2202.700439453125
2234.3623046875
2277.62060546875
2337.686767578125
2406.579345703125
2488.933349609375
2581.0283203125
2685.481201171875
2807.78759765625
2940.94189453125
3076.05712890625
3213.2509765625
145.9651336669922
139.62399291992188
137.70977783203125
135.4718780517578
133.14971923828125
131.08335876464844
2852.067626953125
3022.692626953125
3186.044189453125
3373.6826171875
3581.05126953125
3802.112060546875
4032.2412109375
4266.93798828125
4500.9228515625
4729.5712890625
4953.5810546875
5171.87646484375
5380.63671875
5582.98486328125
5787.47412109375
5997.58935546875
6221.54541015625
6442.29443359375
6663.66943359375
6889.74072265625
7113.06640625
7329.9248046875
7537.0224609375
7736.40625
7922.53466796875
8098.279296875
8252.638671875
8391.12890625
8507.67578125
8616.5234375
8696.8857421875
8763.2783203125
8827.2724609375
8880.4892578125
8922.064453125
8958.0107421875
8990.1015625
9006.3544921875
9010.3818359375
9010.0634765625
9015.015625
9017.0107421875
9016.046875
9006.603515625
8997.7001953125
8986.3017578125
8969.029296875
8951.6259765625
8716.91015625
8379.455078125
8066.486328125
7772.259765625
7491.4462890625
7222.62451171875
