2085.0068359375
2072.12451171875
2039.8868408203125
2018.9749755859375
2016.2841796875
2026.4022216796875
2055.134521484375
2065.75830078125
2066.391357421875
2064.451904296875
2061.54296875
2057.1611328125
2057.109619140625
2058.58056640625
2060.31494140625
2069.453125
2079.111328125
2090.513916015625
2102.453125
2121.440185546875
2147.1318359375
2172.0546875
2193.254638671875
2217.7197265625
2252.369140625
2308.298095703125
2382.088134765625
2456.8447265625
2530.812255859375
2619.77294921875
2737.75341796875
2879.3662109375
123.12366485595703
127.00233459472656
130.2183380126953
130.72499084472656
129.93775939941406
128.67620849609375
2565.091796875
2842.324951171875
3067.646484375
3300.967529296875
3544.84814453125
3798.435302734375
4054.151611328125
4312.744140625
4571.69287109375
4839.98974609375
5128.2236328125
5441.63232421875
5786.7578125
6170.98388671875
6572.39990234375
6828.98486328125
7116.1953125
7393.44482421875
7667.8525390625
7814.9052734375
8154.4970703125
8361.2724609375
8494.7041015625
8575.4658203125
8625.7744140625
8656.0947265625
8677.216796875
8692.7646484375
8700.2880859375
8704.87890625
8363.736328125
8011.45263671875
7720.71142578125
7463.24267578125
7230.32763671875
7009.166015625
6796.630859375
6583.37060546875
6377.63330078125
6183.15234375
6000.669921875
5826.2724609375
5655.4287109375
5488.3291015625
5324.1708984375
5162.93505859375
5002.0078125
4838.1181640625
4668.3330078125
4499.6552734375
4332.3154296875
4167.36376953125
4010.544921875
3867.150146484375
