2085.02880859375
2058.4375
2025.2137451171875
2012.1488037109375
2014.9111328125
2039.1617431640625
2046.78271484375
2051.759033203125
2064.05126953125
2073.056884765625
2074.234130859375
2086.845703125
2110.218505859375
2136.712158203125
2165.059814453125
2191.56494140625
2216.198486328125
2240.55078125
2264.03564453125
2291.748779296875
2326.93359375
2371.4638671875
2438.388916015625
2521.368408203125
2612.89892578125
2710.292724609375
2816.375
2932.608154296875
3057.043701171875
3188.891357421875
3327.685302734375
3471.702880859375
150.89178466796875
142.8173828125
139.4369659423828
136.39353942871094
133.7157745361328
131.46875
2827.12841796875
3120.767333984375
3302.878173828125
3473.3271484375
3653.60986328125
3842.6953125
4035.91552734375
4233.390625
4432.625
4630.00634765625
4824.8994140625
5020.72802734375
5220.8310546875
5427.38671875
5651.51171875
5879.35205078125
6103.32958984375
6342.544921875
6565.978515625
6766.96044921875
6958.3125
7121.59033203125
7268.92919921875
7413.34716796875
7539.81591796875
7640.03173828125
7714.71337890625
7774.68359375
7828.4208984375
7884.8505859375
7915.42041015625
7948.44189453125
7982.32177734375
8013.37109375
8041.7275390625
8038.25
7636.6767578125
7286.32666015625
6968.59521484375
6676.49365234375
6407.43115234375
6148.94482421875
5895.92333984375
5652.85400390625
5423.466796875
5199.49462890625
4974.14794921875
4762.3330078125
4544.86474609375
4280.150390625
3967.541748046875
3627.18212890625
3323.017333984375
2972.39208984375
