2085.15087890625
2072.549560546875
2044.246826171875
2023.7293701171875
2009.3443603515625
1998.0546875
2016.951171875
2038.986572265625
2056.444091796875
2050.274658203125
2041.5614013671875
2033.738525390625
2035.6866455078125
2050.908935546875
2082.431884765625
2122.64892578125
2160.87451171875
2196.26953125
2230.64404296875
2263.958251953125
2297.24560546875
2332.634521484375
2374.10791015625
2426.9775390625
2491.2275390625
2562.896240234375
2642.962890625
2730.9306640625
2833.24365234375
2948.86279296875
3071.210693359375
3195.18310546875
129.3307647705078
125.95685577392578
126.33509063720703
126.7130355834961
126.67048645019531
126.29650115966797
2683.3916015625
2890.067138671875
3065.44140625
3254.25244140625
3453.37353515625
3661.420166015625
3876.361572265625
4095.6796875
4313.70654296875
4525.8291015625
4728.18505859375
4923.13037109375
5112.931640625
5296.66748046875
5470.3154296875
5642.134765625
5814.9638671875
5988.63037109375
6172.58935546875
6354.9775390625
6533.4248046875
6714.30224609375
6902.06884765625
7085.00732421875
7262.79296875
7407.25830078125
7532.09326171875
7635.8037109375
7724.67236328125
7800.19580078125
7879.80712890625
7953.02001953125
8015.38232421875
8074.7626953125
8124.04296875
8149.39013671875
8154.95556640625
8156.92529296875
8154.8310546875
8152.73388671875
8147.8623046875
8127.52880859375
8099.11376953125
8064.35546875
8027.87109375
8000.19189453125
7958.017578125
7914.13427734375
7864.6787109375
7812.44970703125
7763.61767578125
7710.20849609375
7480.23583984375
7181.47802734375
