2084.999755859375
2070.2197265625
2038.806396484375
2011.7027587890625
2030.0340576171875
2034.402587890625
2033.2440185546875
2079.197021484375
2072.85302734375
2068.9072265625
2074.88134765625
2077.590576171875
2091.710205078125
2136.615234375
2184.769287109375
2191.15966796875
2172.117431640625
2167.35986328125
2177.15283203125
2196.791259765625
2211.905517578125
2227.688232421875
2238.744140625
2251.722412109375
2278.373779296875
2317.97412109375
2359.15966796875
2404.866943359375
2439.336181640625
2491.659423828125
2578.189208984375
2689.1630859375
114.86732482910156
106.61307525634766
105.28468322753906
106.15424346923828
106.41600799560547
106.71604919433594
1660.1204833984375
1687.546630859375
1658.1529541015625
2815.233642578125
3936.6767578125
3989.922119140625
3792.404296875
3615.8857421875
3560.609619140625
3598.257568359375
3680.865234375
3789.73974609375
3915.52392578125
4051.764892578125
4191.35009765625
4332.3408203125
4477.78369140625
4632.4150390625
4794.41064453125
4624.5712890625
4536.576171875
4504.125
4502.0263671875
4516.75146484375
4542.302734375
4579.56396484375
4627.7861328125
4684.4091796875
4743.30419921875
4799.00390625
4848.6826171875
4890.50439453125
4921.95654296875
4943.07275390625
4954.83984375
4960.58447265625
4961.8974609375
4964.3994140625
4970.490234375
4979.55322265625
4990.248046875
5000.84326171875
5009.595703125
5013.50244140625
5010.79443359375
5000.49658203125
4983.19580078125
4959.93212890625
4931.138671875
4897.06689453125
4858.34033203125
4815.6328125
4769.27392578125
4719.55078125
