2077.927001953125
2046.94189453125
2010.5682373046875
1980.91015625
2067.8203125
2061.51708984375
2106.839599609375
2146.724853515625
2167.639892578125
2171.01806640625
2179.988037109375
2209.6845703125
2247.5302734375
2276.7529296875
2298.158203125
2315.518798828125
2337.896484375
2370.266357421875
2412.852783203125
2471.17578125
2550.922119140625
2647.066650390625
2755.295166015625
2877.616455078125
3016.530029296875
3165.247314453125
3317.49609375
3473.9013671875
3637.780517578125
3805.3564453125
3972.075439453125
4137.10400390625
133.1656036376953
117.62175750732422
118.48114776611328
119.10712432861328
119.56669616699219
119.91654205322266
3144.93359375
3684.825439453125
3929.40234375
4107.4228515625
4302.5322265625
4535.51513671875
4799.0556640625
5086.87744140625
5361.08642578125
5631.9599609375
5908.71142578125
6202.0126953125
6501.17822265625
6788.93017578125
7077.95166015625
7309.5947265625
7501.2197265625
7630.81884765625
7734.21630859375
7843.9521484375
7961.302734375
8046.041015625
8109.30078125
8181.4794921875
8274.875
8367.666015625
8422.78125
8464.8642578125
8553.708984375
8700.9033203125
8896.4931640625
9012.8076171875
8825.9853515625
8242.3662109375
7796.88427734375
7408.4619140625
7061.736328125
6748.96484375
6454.462890625
6187.52880859375
5930.86181640625
5680.5361328125
5437.9248046875
5223.31103515625
5028.103515625
4846.41796875
4672.18115234375
4498.1337890625
4328.640625
4161.9853515625
4000.748291015625
3846.300048828125
3713.326904296875
3580.181396484375
