2034.95654296875
2029.460205078125
2169.91845703125
2294.805419921875
2395.677734375
2429.138671875
2428.01806640625
2393.107421875
2368.9912109375
2346.951171875
2334.82275390625
2338.200927734375
2350.5732421875
2368.29443359375
2392.029052734375
2418.025390625
2453.604736328125
2503.8193359375
2575.894287109375
2673.340087890625
2796.51904296875
2944.211669921875
3115.3427734375
3308.30322265625
3520.114990234375
3750.072509765625
3996.8515625
4257.103515625
4531.43603515625
4821.16650390625
5124.1806640625
5442.0751953125
200.41236877441406
185.9899444580078
187.43067932128906
192.34695434570312
197.97381591796875
203.39288330078125
5220.1455078125
6807.86865234375
7084.55810546875
7072.02099609375
7089.02197265625
7133.4033203125
7208.3994140625
7310.931640625
7436.08544921875
7562.86962890625
7688.7783203125
7809.90966796875
7931.4453125
8044.8681640625
8141.59228515625
8220.697265625
8280.0673828125
8318.4501953125
8336.208984375
8333.18359375
8310.4951171875
8269.826171875
8213.0380859375
8142.30419921875
8057.7841796875
7960.3935546875
7849.87890625
7728.38720703125
7597.77685546875
7458.32421875
7312.33154296875
7161.2041015625
7006.2958984375
6848.8828125
6689.90478515625
6530.74951171875
6372.5078125
6214.669921875
6056.7900390625
5896.55126953125
5742.36279296875
5594.87353515625
5450.9287109375
5309.39208984375
5170.7265625
5035.70068359375
4903.60595703125
4774.76220703125
4648.458984375
4525.79296875
4406.96728515625
4292.0224609375
4181.16162109375
4074.263427734375
