0.04136091098189354
0.04632963240146637
0.05400873348116875
0.05501299723982811
0.05563069134950638
0.05597507953643799
0.05619386211037636
0.056499309837818146
0.05683628097176552
0.05704312026500702
0.05719992145895958
0.05741013213992119
0.057638637721538544
0.05786803737282753
0.05806165933609009
0.05826469510793686
0.05847124382853508
0.0586974211037159
0.05895742401480675
0.059291161596775055
0.059673067182302475
0.06012556329369545
0.06069407984614372
0.06135616824030876
0.062067512422800064
0.0628340095281601
0.06368114054203033
0.06459983438253403
0.06556917726993561
0.06660391390323639
0.06772473454475403
0.06893109530210495
0.004016897175461054
0.003910313360393047
0.003845994360744953
0.003796551376581192
0.0037714086938649416
0.003757942235097289
0.06401875615119934
0.06733596324920654
0.0692901760339737
0.07095516473054886
0.07269672304391861
0.07458779960870743
0.076603464782238
0.07873784005641937
0.08100864291191101
0.08331122249364853
0.08553730696439743
0.08768812566995621
0.0898364931344986
0.09216462075710297
0.09380470961332321
0.09543190896511078
0.09712052345275879
0.09879099577665329
0.10040205717086792
0.10230743885040283
0.10474894195795059
0.10705090314149857
0.10941541939973831
0.11192412674427032
0.11453863233327866
0.11717411875724792
0.11971653252840042
0.12210758775472641
0.1244279071688652
0.1268431842327118
0.12926384806632996
0.13164611160755157
0.13398608565330505
0.1364583969116211
0.13925963640213013
0.1421416997909546
0.14503440260887146
0.14805901050567627
0.14549875259399414
0.13959193229675293
0.13432444632053375
0.12932637333869934
0.1247335821390152
0.1204850897192955
0.11640603840351105
0.11242382973432541
0.10847138613462448
0.10456743836402893
0.10071511566638947
0.09703589975833893
0.09348535537719727
0.09007679671049118
0.08676669001579285
0.08355514705181122
