0.007860872894525528
0.008608217351138592
0.009485244750976562
0.010317906737327576
0.011051082983613014
0.011517489328980446
0.011652142740786076
0.011726414784789085
0.011785348877310753
0.011850896291434765
0.011930298060178757
0.012033664621412754
0.012149553745985031
0.01226708386093378
0.012377233244478703
0.012481682933866978
0.01258521806448698
0.012706579640507698
0.012886757962405682
0.013118426315486431
0.013387457467615604
0.013685978017747402
0.014004780910909176
0.0143354507163167
0.014671397395431995
0.014956827275454998
0.015245730057358742
0.015542039647698402
0.015845749527215958
0.01615753024816513
0.016477594152092934
0.016819020733237267
0.0009402045980095863
0.0009196652099490166
0.0009227929986082017
0.0009291318128816783
0.000934451527427882
0.0009378205868415534
0.016514061018824577
0.016888316720724106
0.017094986513257027
0.017374103888869286
0.017639126628637314
0.01793116144835949
0.018259305506944656
0.018624791875481606
0.01902315951883793
0.019451318308711052
0.019907429814338684
0.02039998397231102
0.020933980122208595
0.021556148305535316
0.02203613892197609
0.022489992901682854
0.022944601252675056
0.023399971425533295
0.02385549806058407
0.024310268461704254
0.02475535310804844
0.025184527039527893
0.025590617209672928
0.025971384719014168
0.02633749693632126
0.026690414175391197
0.027029668912291527
0.027355726808309555
0.027669962495565414
0.027972111478447914
0.02826334349811077
0.028544731438159943
0.028816409409046173
0.029082871973514557
0.02936476282775402
0.029639875516295433
0.029912075027823448
0.030032653361558914
0.030182771384716034
0.030451441183686256
0.030721385031938553
0.030990805476903915
0.03125610947608948
0.031514208763837814
0.03176315501332283
0.03201959654688835
0.03174148127436638
0.030806420370936394
0.029964463785290718
0.02916843257844448
0.028405901044607162
0.027672650292515755
0.026965970173478127
0.0262838676571846
0.025625385344028473
0.024990510195493698
