0.18096740543842316
0.18799610435962677
0.18943119049072266
0.20486107468605042
0.2197793871164322
0.23390410840511322
0.24796684086322784
0.2521301209926605
0.2545958459377289
0.25664395093917847
0.25871211290359497
0.26045742630958557
0.26201510429382324
0.2634754180908203
0.26476752758026123
0.2659679055213928
0.2670779228210449
0.2681005001068115
0.2691132426261902
0.2701290249824524
0.2710859477519989
0.27202722430229187
0.27307888865470886
0.27451056241989136
0.2758794128894806
0.27711665630340576
0.27854248881340027
0.28010669350624084
0.2819581627845764
0.28405213356018066
0.2863578200340271
0.288989782333374
0.024234341457486153
0.024156365543603897
0.02411969192326069
0.024063128978013992
0.023997172713279724
0.023913657292723656
0.2555268108844757
0.2729423940181732
0.2861925959587097
0.2989856004714966
0.31133130192756653
0.32401490211486816
0.3370301127433777
0.35002627968788147
0.36271601915359497
0.3736202120780945
0.38375964760780334
0.4657213091850281
0.6427908539772034
1.0059237480163574
11.353297233581543
41.19855499267578
57.83269500732422
70.9355697631836
82.65595245361328
94.18453216552734
105.87308502197266
118.50276184082031
132.992919921875
148.9587860107422
165.1432647705078
181.11744689941406
196.8360137939453
213.32008361816406
229.9762420654297
246.93113708496094
264.8301696777344
283.7784729003906
304.1400146484375
326.8988342285156
351.48675537109375
373.4634704589844
376.6592712402344
390.9126281738281
394.2957763671875
395.4789123535156
395.2193908691406
395.1208190917969
395.18487548828125
395.1983337402344
395.1192932128906
394.97686767578125
394.86895751953125
394.6167297363281
394.3856201171875
401.7094421386719
421.2674560546875
426.9993896484375
429.27587890625
430.4015808105469
