0.00869825016707182
0.008582083508372307
0.008243520744144917
0.007964914664626122
0.007798241917043924
0.007689566817134619
0.00762200728058815
0.007571806665509939
0.007528035435825586
0.0074867624789476395
0.007446470204740763
0.007407547906041145
0.007369020953774452
0.007330736145377159
0.007293127477169037
0.007256857585161924
0.007221320178359747
0.00718625308945775
0.007152473088353872
0.007119983900338411
0.007089240942150354
0.007058891002088785
0.00702875480055809
0.00699903117492795
0.006970949936658144
0.006944591645151377
0.006919407285749912
0.006895049475133419
0.006871588062494993
0.006849205587059259
0.006827707402408123
0.006806843914091587
0.0005218283622525632
0.0004909077542833984
0.0004906932590529323
0.0004901531501673162
0.0004900271305814385
0.0004899678751826286
0.006993270479142666
0.0069976006634533405
0.006867534015327692
0.006778803188353777
0.006718887947499752
0.006677104160189629
0.0066444724798202515
0.006616329774260521
0.006589795462787151
0.006563469767570496
0.0065367803908884525
0.006509526167064905
0.006481395103037357
0.006452121771872044
0.006421499419957399
0.006389464717358351
0.0063560726121068
0.006321221124380827
0.006285076029598713
0.006248228717595339
0.0062100812792778015
0.006170185282826424
0.006129039451479912
0.006086812354624271
0.006039989646524191
0.0059910062700510025
0.005940702278167009
0.005886062979698181
0.005828407127410173
0.0057646832428872585
0.005702848546206951
0.005640901625156403
0.005578750744462013
0.0055152373388409615
0.005450803320854902
0.005385109223425388
0.005317994859069586
0.005249636247754097
0.005180178675800562
0.0051093618385493755
0.005037258379161358
0.00496418634429574
0.00489047821611166
0.0048162853345274925
0.0047419206239283085
0.004667571745812893
0.004593679681420326
0.004520518705248833
0.00444832444190979
0.004377034958451986
0.004306307062506676
0.004235975909978151
0.004166095983237028
0.0040965611115098
