0.037054456770420074
0.03816314786672592
0.04114655777812004
0.04367247596383095
0.0457223542034626
0.04765138402581215
0.049551110714673996
0.05081287398934364
0.05144635960459709
0.051692236214876175
0.05183251574635506
0.05195815861225128
0.05209280550479889
0.05231865122914314
0.052720069885253906
0.05315455049276352
0.05360722914338112
0.05404999107122421
0.054480232298374176
0.054921720176935196
0.05539712682366371
0.05592913553118706
0.05653728172183037
0.05721550062298775
0.05793391540646553
0.05868341401219368
0.059452563524246216
0.060235001146793365
0.061027780175209045
0.061823517084121704
0.06262239813804626
0.0634424164891243
0.0037254621274769306
0.003554384922608733
0.003498168895021081
0.0034677113872021437
0.003444142173975706
0.0034229971934109926
0.05894232541322708
0.06063263863325119
0.06156350299715996
0.0625557228922844
0.06367212533950806
0.06484605371952057
0.06606139987707138
0.06731896847486496
0.06862317025661469
0.06995733082294464
0.07128940522670746
0.07259824872016907
0.0739019438624382
0.07522877305746078
0.07654621452093124
0.07789451628923416
0.07918642461299896
0.08036699146032333
0.08154124766588211
0.0829707607626915
0.08460625261068344
0.08646991103887558
0.0882435217499733
0.08993130177259445
0.09137120097875595
0.09296565502882004
0.09443722665309906
0.09583607316017151
0.09764952957630157
0.09954092651605606
0.10107283294200897
0.10247193276882172
0.10405461490154266
0.10565566271543503
0.10924121737480164
0.11547432094812393
0.12423484772443771
0.15739399194717407
0.21148881316184998
0.2660221457481384
0.31615501642227173
0.3695750832557678
0.4217979311943054
0.47586122155189514
0.5343183875083923
0.5985027551651001
0.6564658880233765
0.7096534371376038
0.760867714881897
10.901158332824707
20.201082229614258
25.89262580871582
31.086538314819336
35.481685638427734
