0.022275397554039955
0.024501821026206017
0.027823319658637047
0.029504962265491486
0.030493319034576416
0.030948661267757416
0.031084712594747543
0.03112693689763546
0.031160088256001472
0.03122141771018505
0.03129030391573906
0.031421251595020294
0.031553883105516434
0.031659528613090515
0.031786829233169556
0.03188881650567055
0.03198292851448059
0.032067157328128815
0.032145678997039795
0.03221597149968147
0.03228699043393135
0.032359521836042404
0.03244272992014885
0.032535359263420105
0.03262918069958687
0.032719872891902924
0.03280937299132347
0.032902806997299194
0.033012453466653824
0.03313634544610977
0.033262234181165695
0.03339364007115364
0.001756008481606841
0.00154228531755507
0.0014731420669704676
0.0014612824888899922
0.0014563566073775291
0.0014540014090016484
0.028643883764743805
0.031020261347293854
0.03276028484106064
0.033831123262643814
0.03448236733675003
0.034940291196107864
0.03532634675502777
0.03568904474377632
0.036049697548151016
0.03641841560602188
0.03679676726460457
0.03718479350209236
0.03758550435304642
0.03800615668296814
0.038442354649305344
0.03889317438006401
0.0393611378967762
0.03984873741865158
0.040357913821935654
0.0408882312476635
0.041437212377786636
0.042007118463516235
0.0425938256084919
0.043199773877859116
0.04382728040218353
0.044485095888376236
0.045169517397880554
0.045874953269958496
0.04660007357597351
0.04735318198800087
0.048147570341825485
0.048970095813274384
0.04966985061764717
0.05038120970129967
0.05112119019031525
0.0518631786108017
0.05263728275895119
0.05346394330263138
0.05429515615105629
0.055119965225458145
0.055960703641176224
0.05583598092198372
0.054800666868686676
0.053837500512599945
0.05289946869015694
0.05197402462363243
0.05105454474687576
0.05013870820403099
0.04923063516616821
0.048347242176532745
0.04748856648802757
0.046648550778627396
0.04582331329584122
0.045010875910520554
