0.03791001811623573
0.04069111868739128
0.04586615413427353
0.05067293718457222
0.05215279385447502
0.052672117948532104
0.0529957190155983
0.05322675034403801
0.053459927439689636
0.05365297198295593
0.053835347294807434
0.0540679432451725
0.054304517805576324
0.05451182648539543
0.05471315607428551
0.05491333454847336
0.055127326399087906
0.055345289409160614
0.0555671751499176
0.055816035717725754
0.056129831820726395
0.056540749967098236
0.057037800550460815
0.05756737291812897
0.05816931277513504
0.058838773518800735
0.05956631526350975
0.06037174165248871
0.06124351918697357
0.06215938553214073
0.06313009560108185
0.06417006254196167
0.003924680408090353
0.0036781684029847383
0.00357787124812603
0.0035285037010908127
0.0035019132774323225
0.0034865213092416525
0.06054633855819702
0.06332636624574661
0.06493378430604935
0.06618938595056534
0.06742075085639954
0.0687488317489624
0.07020457834005356
0.07178868353366852
0.07350698113441467
0.07538747042417526
0.07738252729177475
0.0792577862739563
0.0811806321144104
0.08326833695173264
0.0855637639760971
0.08803646266460419
0.09049850702285767
0.09257888048887253
0.0948294997215271
0.09730660915374756
0.09971869736909866
0.10203911364078522
0.10429562628269196
0.10718467086553574
0.1098608747124672
0.11240716278553009
0.11486677080392838
0.11728982627391815
0.11946391314268112
0.12154234945774078
0.12361375987529755
0.1256166696548462
0.12156078219413757
0.11781539767980576
0.11429952085018158
0.11094051599502563
0.10771074146032333
0.1045989841222763
0.10159596055746078
0.09869448840618134
0.09588704258203506
0.09316379576921463
0.09051720798015594
0.08795907348394394
0.08548735827207565
0.08311407268047333
0.0808333158493042
0.07858069986104965
0.07637906074523926
0.07425449043512344
0.07223282009363174
0.0703091025352478
0.06845966726541519
0.06667201966047287
