0.0066405790857970715
0.007243747357279062
0.008013542741537094
0.008763809688389301
0.009389531798660755
0.009634798392653465
0.009840189479291439
0.009937272407114506
0.01000483799725771
0.010104064829647541
0.01020865235477686
0.010287013836205006
0.010356479324400425
0.010424075648188591
0.010492417961359024
0.010571182705461979
0.010663215070962906
0.01076409313827753
0.01087232120335102
0.011003594845533371
0.011161047033965588
0.01134289987385273
0.011543500237166882
0.011760743334889412
0.011994832195341587
0.012244443409144878
0.012504616752266884
0.012774365022778511
0.013030201196670532
0.013272245414555073
0.013529368676245213
0.013799411244690418
0.0008375768084079027
0.000784371979534626
0.0007788867806084454
0.0007870817207731307
0.0007974493782967329
0.000806899624876678
0.01377615425735712
0.014429021626710892
0.014738031663000584
0.014963315799832344
0.015204191207885742
0.015486449934542179
0.015811793506145477
0.016175726428627968
0.016578631475567818
0.01701565459370613
0.017490167170763016
0.01798998937010765
0.01844622567296028
0.018914420157670975
0.019392605870962143
0.019845427945256233
0.020291047170758247
0.02075803093612194
0.021248163655400276
0.021740907803177834
0.022234976291656494
0.022729499265551567
0.023223957046866417
0.023710932582616806
0.02418682537972927
0.024655167013406754
0.025119170546531677
0.02557782642543316
0.02603265456855297
0.026484094560146332
0.026933975517749786
0.027383655309677124
0.02782604470849037
0.028275804594159126
0.028729435056447983
0.029190296307206154
0.029649171978235245
0.03010239265859127
0.03054763190448284
0.030982527881860733
0.03139719367027283
0.031784363090991974
0.03214126452803612
0.032469578087329865
0.03276219964027405
0.03300664946436882
0.03320752829313278
0.03336318954825401
0.03347527235746384
0.03354831784963608
0.033590346574783325
0.033605579286813736
0.033594030886888504
0.033558983355760574
