0.09155312180519104
0.10225684940814972
0.11697834730148315
0.12610650062561035
0.13231059908866882
0.13729117810726166
0.13966575264930725
0.1412341296672821
0.1423802375793457
0.14350615441799164
0.14457187056541443
0.14549227058887482
0.14620371162891388
0.14690469205379486
0.14766626060009003
0.14846421778202057
0.149310901761055
0.15021373331546783
0.15112358331680298
0.15202626585960388
0.15297986567020416
0.15405456721782684
0.15515296161174774
0.1564040184020996
0.15794216096401215
0.16004358232021332
0.16238532960414886
0.1649090051651001
0.1675572246313095
0.1702529489994049
0.173130065202713
0.1762537807226181
0.02198142185807228
0.012486344203352928
0.00975539069622755
0.008589651435613632
0.008142168633639812
0.00799779687076807
0.12970182299613953
0.1449037492275238
0.15826594829559326
0.16953398287296295
0.17920653522014618
0.188077911734581
0.19698414206504822
0.20673397183418274
0.2176045924425125
0.23045359551906586
0.2471853494644165
0.2703409194946289
0.29482370615005493
0.32352080941200256
0.3546639680862427
0.3892354667186737
0.4294278919696808
0.44840484857559204
0.4536935091018677
0.4601917564868927
0.4677397608757019
0.4762941300868988
1.5580471754074097
6.290302276611328
9.66639518737793
12.186254501342773
14.287003517150879
15.831535339355469
16.995220184326172
17.896638870239258
18.60502815246582
19.168542861938477
19.614715576171875
19.9812068939209
20.282934188842773
20.527551651000977
20.764909744262695
20.967796325683594
21.130979537963867
21.271778106689453
21.40213394165039
21.52185821533203
21.647127151489258
21.774600982666016
21.895551681518555
22.01211166381836
35.53097152709961
49.56829071044922
59.25635528564453
65.51141357421875
69.7606430053711
72.81327819824219
75.08539581298828
76.89080810546875
