18.830097198486328
17.741092681884766
15.071558952331543
12.551737785339355
11.311964988708496
10.706012725830078
10.41394329071045
10.303666114807129
10.316861152648926
10.434257507324219
10.662412643432617
11.039826393127441
11.56267261505127
12.223179817199707
12.965921401977539
13.790502548217773
14.699951171875
15.669833183288574
16.648897171020508
17.604990005493164
18.517568588256836
19.397483825683594
20.254314422607422
21.104999542236328
22.006153106689453
23.006864547729492
24.107637405395508
25.299203872680664
26.522968292236328
27.74883460998535
28.946332931518555
30.12752914428711
7.396424770355225
6.925168514251709
7.044827461242676
7.419673919677734
7.878358364105225
8.274721145629883
43.786598205566406
39.91432571411133
38.53239059448242
39.03097915649414
40.09263229370117
41.34414291381836
42.5875129699707
43.75367736816406
44.811981201171875
45.83344268798828
46.78619384765625
47.67578887939453
48.513458251953125
49.30168151855469
50.110504150390625
50.94490051269531
51.76021194458008
52.49296569824219
53.0751953125
53.522796630859375
53.83818054199219
54.0521354675293
54.17974853515625
54.216453552246094
54.11688232421875
53.886810302734375
53.57225036621094
53.19474411010742
52.7578239440918
52.26739501953125
51.736751556396484
51.17660903930664
50.583984375
49.96262741088867
49.338924407958984
48.72814178466797
48.134674072265625
47.58135986328125
47.044158935546875
46.527793884277344
46.038543701171875
45.580101013183594
45.1596794128418
44.7707633972168
44.41279220581055
44.085792541503906
43.789794921875
43.52354049682617
43.28468704223633
43.070281982421875
42.91960144042969
42.77459716796875
42.63581466674805
42.507545471191406
