4.232608318328857
5.285882472991943
6.416344165802002
6.615988731384277
7.299910545349121
7.891561508178711
8.758788108825684
8.95440673828125
8.791183471679688
8.879474639892578
9.099648475646973
9.32658863067627
9.626521110534668
9.970183372497559
10.298114776611328
10.67758846282959
11.141505241394043
11.541414260864258
11.8461332321167
12.115585327148438
12.353893280029297
12.604522705078125
12.865795135498047
13.1596097946167
13.486604690551758
13.807266235351562
14.118476867675781
14.409041404724121
14.660160064697266
15.041824340820312
15.470664978027344
15.869131088256836
16.22764778137207
16.582109451293945
2.3121871948242188
2.0241806507110596
1.9316799640655518
1.8748550415039062
1.8338382244110107
1.829069972038269
1.8420593738555908
19.365232467651367
20.44223976135254
20.556602478027344
20.891633987426758
21.37946128845215
21.9052791595459
22.423707962036133
22.940692901611328
23.43166732788086
23.91665267944336
24.410581588745117
24.917789459228516
25.447572708129883
26.003463745117188
26.600942611694336
27.24541473388672
27.950565338134766
28.703824996948242
29.482315063476562
30.271944046020508
31.038284301757812
31.797128677368164
32.54667663574219
33.27632141113281
34.01711654663086
34.78197479248047
35.54347610473633
36.30736541748047
37.032920837402344
37.72237014770508
38.399356842041016
39.06297302246094
39.699241638183594
40.297672271728516
40.86597442626953
41.392059326171875
41.880279541015625
42.33363723754883
42.75234603881836
43.168087005615234
43.544700622558594
43.89625930786133
44.24372100830078
44.5832633972168
44.913795471191406
45.253326416015625
45.59889221191406
45.952117919921875
46.2985954284668
46.644371032714844
46.98189163208008
47.30610275268555
47.62320327758789
47.936370849609375
48.24744415283203
