0.03710543364286423
0.03882751241326332
0.04275640845298767
0.0467199943959713
0.049079544842243195
0.05043814331293106
0.05111551657319069
0.051308512687683105
0.051422446966171265
0.051529448479413986
0.05163807421922684
0.051746126264333725
0.0519024096429348
0.05211440473794937
0.05238749459385872
0.0525892972946167
0.05275878310203552
0.052924931049346924
0.05310380831360817
0.053316496312618256
0.05353953316807747
0.053755637258291245
0.053962673991918564
0.05417344346642494
0.05442987382411957
0.054737720638513565
0.055127084255218506
0.05557459220290184
0.056060947477817535
0.056594714522361755
0.05718128755688667
0.05781743675470352
0.003234083764255047
0.0030881823040544987
0.0030407861340790987
0.003006950719282031
0.0029802839271724224
0.0029582104180008173
0.05426008626818657
0.056523971259593964
0.05777657777070999
0.05883704498410225
0.05986692011356354
0.06091325357556343
0.06199031323194504
0.06311717629432678
0.06429233402013779
0.06549769639968872
0.06672313064336777
0.06796794384717941
0.06923522800207138
0.07054030150175095
0.07188362628221512
0.07327558100223541
0.07468324899673462
0.07611376792192459
0.07754173874855042
0.07902811467647552
0.08032859861850739
0.0815172791481018
0.08273319900035858
0.08396369963884354
0.0852670669555664
0.08660800755023956
0.08790580928325653
0.08921004086732864
0.09033744037151337
0.0914333239197731
0.09251750260591507
0.09355544298887253
0.0945277065038681
0.09541478753089905
0.09621640294790268
0.09723445773124695
0.09814418852329254
0.09894911199808121
0.09968241304159164
0.10037869215011597
0.1010543704032898
0.10171739012002945
0.10239671170711517
0.10321933776140213
0.10401543974876404
0.10473363846540451
0.10532113909721375
0.10584180802106857
0.10637030005455017
0.10684854537248611
0.10731339454650879
0.10780206322669983
0.10834308713674545
0.10894715785980225
