18.24286651611328
16.26421546936035
12.965516090393066
11.144761085510254
10.492325782775879
10.229575157165527
10.092989921569824
10.00699234008789
9.954001426696777
9.933857917785645
9.953476905822754
10.010485649108887
10.102587699890137
10.256321907043457
10.469592094421387
10.73786735534668
11.061057090759277
11.46752643585205
11.954779624938965
12.492715835571289
13.077265739440918
13.706531524658203
14.378522872924805
15.09164810180664
15.851826667785645
16.614112854003906
17.461318969726562
18.38063621520996
19.3541259765625
20.397939682006836
21.498493194580078
22.60483741760254
4.482213020324707
4.3556013107299805
4.699585437774658
5.008052349090576
5.308106422424316
5.593283176422119
31.527019500732422
29.951766967773438
30.48348617553711
31.689056396484375
33.0500602722168
34.43295669555664
35.838951110839844
37.27088928222656
38.71641159057617
40.13048553466797
41.4788703918457
42.758636474609375
43.99330520629883
45.21330261230469
46.44968032836914
47.64422607421875
48.841041564941406
50.03727340698242
51.152347564697266
52.2462043762207
53.286128997802734
54.2283935546875
55.0992546081543
56.03358459472656
56.964412689208984
57.873809814453125
58.758262634277344
59.59743881225586
60.32415771484375
60.9538688659668
61.5345573425293
62.0665168762207
62.56107711791992
62.99606704711914
63.326194763183594
63.56282043457031
63.710941314697266
63.71344757080078
63.589805603027344
63.38325500488281
63.11980056762695
62.825347900390625
62.52961349487305
62.246368408203125
62.005001068115234
61.74665069580078
61.46599197387695
61.160160064697266
60.82517623901367
60.462562561035156
60.0773811340332
59.684173583984375
59.296104431152344
58.92475509643555
