0.4904082417488098
0.536624550819397
0.8205289840698242
1.0070295333862305
1.0225005149841309
1.0291085243225098
1.0373033285140991
1.0470014810562134
1.057849407196045
1.0700865983963013
1.0853718519210815
1.1000903844833374
1.1124751567840576
1.1224098205566406
1.1332191228866577
1.1462082862854004
1.1554573774337769
1.163529872894287
1.171555995941162
1.1801819801330566
1.1917599439620972
1.2049297094345093
1.221468448638916
1.2419899702072144
1.2637284994125366
1.2843818664550781
1.3068387508392334
1.3331892490386963
1.362764835357666
1.3950902223587036
1.4334485530853271
1.4759905338287354
0.03277062997221947
0.03267033025622368
0.032611433416604996
0.032568205147981644
0.03383346647024155
0.03386905789375305
0.5765151381492615
1.1369352340698242
1.3249082565307617
1.588703989982605
1.793605923652649
1.9715110063552856
2.0514633655548096
2.046637535095215
2.0453944206237793
2.0502400398254395
2.0611631870269775
2.0788984298706055
2.119774580001831
2.199944257736206
7.7667412757873535
13.908827781677246
18.095558166503906
21.721847534179688
26.205556869506836
32.15448760986328
38.53221893310547
44.7693977355957
50.772125244140625
57.36795425415039
64.48978424072266
71.79450225830078
79.0506591796875
86.28021240234375
93.28131103515625
99.95829010009766
106.29740905761719
112.33438873291016
118.60626220703125
124.70838928222656
130.3291015625
135.61363220214844
140.53091430664062
145.14389038085938
149.43299865722656
153.3240966796875
156.7579803466797
159.58999633789062
162.35699462890625
164.70326232910156
166.7845001220703
168.6976776123047
170.52908325195312
172.2951202392578
173.92213439941406
175.39576721191406
176.67239379882812
177.35081481933594
177.7966766357422
178.06739807128906
