-0.0
-0.0
-0.0
-0.0
-0.0
-0.0
-0.0
-0.0
-0.0
-0.0
-0.0
-0.0
-0.0
-0.0
-0.0
-0.0
-0.0
-0.0
-0.0
-0.0
-0.0
-0.0
-0.0
-0.0
-0.0
-0.0
-0.0
-0.0
-0.0
-0.0
-0.0
-0.0
-0.0
-0.0
-0.0
-0.0
-0.0
-0.0
-0.0
-0.0
-0.0
-0.0
-0.0
-0.0
-0.0
-0.0
-0.0
-0.0
-0.0
-0.0
-0.0
-0.0
-0.0
-0.0
-0.0
-0.0
-0.0
-0.0
-0.0
-0.0
-0.0
-0.0
-0.0
-0.0
-0.0
-0.0
-0.0
-0.0
-0.0
-0.0
-0.0
5.970293273094285e-07
1.6303679331031162e-06
2.551266106820549e-06
3.370349304532283e-06
4.097414148418466e-06
4.741236352856504e-06
5.309439075062983e-06
5.809176400362048e-06
6.246866178116761e-06
6.628333267144626e-06
6.958796802791767e-06
7.242618266900536e-06
7.484661637136014e-06
7.688856385357212e-06
7.85897827881854e-06
7.99821918917587e-06
8.10938399808947e-06
8.195256668841466e-06
8.25821280159289e-06
8.300969966512639e-06
8.325618182425387e-06
8.3340373748797e-06
8.327836440003011e-06
8.308576070703566e-06
8.277626875496935e-06
