0.025214318186044693
0.027663083747029305
0.0292979646474123
0.03050217218697071
0.030636494979262352
0.030588412657380104
0.030607618391513824
0.03067171946167946
0.03076743707060814
0.030907517299056053
0.03102300688624382
0.031216835603117943
0.03140464052557945
0.03158204257488251
0.03173085302114487
0.03188173845410347
0.03206132724881172
0.03224794566631317
0.03244265541434288
0.032648101449012756
0.03286542743444443
0.03309646248817444
0.03332959860563278
0.03356863558292389
0.0338459350168705
0.034177642315626144
0.034568145871162415
0.03501105308532715
0.035502370446920395
0.036042723804712296
0.03663301840424538
0.037272606045007706
0.0013612626353278756
0.001272664056159556
0.0013447834644466639
0.0013472752179950476
0.001348199206404388
0.0013486682437360287
0.031570788472890854
0.03643317520618439
0.03832876309752464
0.03931074216961861
0.04012156277894974
0.04098419100046158
0.04106854274868965
0.040640875697135925
0.04023488983511925
0.03983140364289284
0.039421889930963516
0.03900467976927757
0.0385773628950119
0.038064341992139816
0.03750172629952431
0.036928098648786545
0.036345239728689194
0.035750966519117355
0.03512675315141678
0.034496624022722244
0.03391756862401962
0.033321261405944824
0.0327054001390934
0.03208266943693161
0.03145647794008255
0.030829673632979393
0.03019714541733265
0.029562555253505707
0.028923284262418747
0.028275182470679283
0.027623463422060013
0.026974542066454887
0.026330338791012764
0.025695640593767166
0.025067847222089767
0.024447109550237656
0.023834938183426857
0.02323167212307453
0.022638708353042603
0.022055143490433693
0.021485786885023117
0.02095477096736431
0.02042783424258232
0.019904181361198425
0.01938590779900551
0.01887373812496662
0.018370583653450012
0.017876379191875458
0.017395010218024254
0.016925156116485596
0.01646653562784195
0.016020309180021286
0.015599207021296024
0.015198549255728722
