4.224308967590332
5.2651777267456055
6.387959957122803
6.566318511962891
7.782815933227539
8.682188034057617
8.928352355957031
8.77881145477295
8.878657341003418
9.098424911499023
9.326953887939453
9.619832992553711
9.964749336242676
10.285872459411621
10.649544715881348
11.097817420959473
11.500129699707031
11.814765930175781
12.084887504577637
12.333154678344727
12.572261810302734
12.823005676269531
13.097049713134766
13.411481857299805
13.731474876403809
14.043095588684082
14.340895652770996
14.61256217956543
14.86522102355957
15.291336059570312
15.70624828338623
16.07845687866211
16.434873580932617
2.206852436065674
2.014664888381958
1.885603904724121
1.7747522592544556
1.7238273620605469
1.7050403356552124
1.7016139030456543
18.9979305267334
20.2059326171875
20.275386810302734
20.59861183166504
21.08837890625
21.611787796020508
22.14634895324707
22.682775497436523
23.22325325012207
23.75760841369629
24.302576065063477
24.86527442932129
25.45047378540039
26.063833236694336
26.70781898498535
27.402267456054688
28.157236099243164
28.965097427368164
29.809982299804688
30.70177459716797
31.57252311706543
32.4340705871582
33.27939224243164
34.1114387512207
34.93812561035156
35.786224365234375
36.626827239990234
37.4522705078125
38.2285041809082
38.964847564697266
39.670101165771484
40.36979293823242
41.050838470458984
41.70583724975586
42.337303161621094
42.93058776855469
43.49083709716797
44.01337814331055
44.51647186279297
44.98385238647461
45.41276931762695
45.81325149536133
46.20569610595703
46.5931396484375
46.9705924987793
47.34944534301758
47.7153205871582
48.0624885559082
48.395267486572266
48.71860885620117
49.02414321899414
49.31452178955078
49.59736633300781
49.878910064697266
50.143333435058594
