4.979729652404785
5.117041110992432
4.692894458770752
4.260797023773193
3.9238977432250977
3.6955924034118652
3.4319114685058594
3.2615089416503906
3.1470413208007812
3.0832772254943848
3.045419216156006
3.0174403190612793
3.0022902488708496
2.9622015953063965
2.922545909881592
2.885599374771118
2.8454322814941406
2.8076987266540527
2.7790279388427734
2.7604451179504395
2.7466320991516113
2.7368640899658203
2.731633186340332
2.7294814586639404
2.7290902137756348
2.7295243740081787
2.7323529720306396
2.739021062850952
2.750154495239258
2.7659685611724854
2.78684401512146
2.812363386154175
2.842210054397583
2.8769731521606445
0.39253687858581543
0.28914615511894226
0.255965918302536
0.24739699065685272
0.2421451061964035
0.23925907909870148
3.251802682876587
3.5217936038970947
3.4780993461608887
3.4689786434173584
3.5021212100982666
3.563446283340454
3.624411106109619
3.6858701705932617
3.754389524459839
3.831756591796875
3.919217109680176
4.017709732055664
4.135400772094727
4.267522811889648
4.412225723266602
4.565445899963379
4.726720333099365
4.8933515548706055
5.063148021697998
5.23648738861084
5.414691925048828
5.598902225494385
5.789275646209717
5.987972736358643
6.198771953582764
6.421834468841553
6.654850006103516
6.8956475257873535
7.143771171569824
7.398633003234863
7.659381866455078
7.925666332244873
8.198025703430176
8.477907180786133
8.765714645385742
9.061210632324219
9.372300148010254
9.691121101379395
10.013080596923828
10.337140083312988
10.662673950195312
10.989377975463867
11.317399978637695
11.649028778076172
11.983304977416992
12.319416046142578
12.656329154968262
12.994945526123047
13.348014831542969
13.73910903930664
14.121115684509277
14.499017715454102
14.877416610717773
15.255158424377441
15.629569053649902
15.998832702636719
16.360754013061523
