0.03705255314707756
0.03898797556757927
0.04359021037817001
0.048351436853408813
0.05015477538108826
0.0510384775698185
0.051398396492004395
0.05157750844955444
0.05177472531795502
0.0519750714302063
0.05211381986737251
0.052282508462667465
0.05246734619140625
0.05267450213432312
0.05288030579686165
0.053097113966941833
0.05331995710730553
0.053515490144491196
0.053707465529441833
0.054001662880182266
0.0544075071811676
0.05486024171113968
0.055357225239276886
0.055920425802469254
0.05654088035225868
0.057216234505176544
0.05800718441605568
0.058858614414930344
0.05972273647785187
0.06061230227351189
0.061557937413454056
0.06255928426980972
0.003910684026777744
0.003702002577483654
0.0036509372293949127
0.0036247801035642624
0.0036082547158002853
0.003593872534111142
0.0035799588076770306
0.059958938509225845
0.06153739243745804
0.06271888315677643
0.06398292630910873
0.06535349041223526
0.06681375950574875
0.06834112852811813
0.06991830468177795
0.07153908163309097
0.07322441786527634
0.07494083046913147
0.07667195051908493
0.07847968488931656
0.080410897731781
0.08212718367576599
0.08374166488647461
0.08536358922719955
0.08708779513835907
0.08873483538627625
0.09017635881900787
0.09159038960933685
0.09296634793281555
0.09427738934755325
0.0955192968249321
0.0967170000076294
0.09800216555595398
0.09965813159942627
0.10140085220336914
0.10300291329622269
0.1045495942234993
0.10607195645570755
0.10765611380338669
0.1092316284775734
0.11075177788734436
0.11225584149360657
0.11363178491592407
0.11487585306167603
0.1160237118601799
0.11706770211458206
0.11816266924142838
0.11900191754102707
0.11978615820407867
0.12057490646839142
0.11940424889326096
0.11555948853492737
0.11200248450040817
0.1086602658033371
0.10545958578586578
0.10237692296504974
0.09938650578260422
0.09648013859987259
0.09365364164113998
0.09091059863567352
0.08825499564409256
