18.629846572875977
17.205921173095703
14.273143768310547
11.933313369750977
10.941056251525879
10.47269344329834
10.237838745117188
10.104639053344727
10.01728630065918
9.955316543579102
9.912775993347168
9.888520240783691
9.887495994567871
9.913335800170898
9.965987205505371
10.034503936767578
10.138389587402344
10.278067588806152
10.452805519104004
10.660401344299316
10.900825500488281
11.178656578063965
11.525496482849121
11.91342544555664
12.334226608276367
12.787888526916504
13.275050163269043
13.796635627746582
14.3543062210083
14.956903457641602
15.604126930236816
16.3120174407959
2.466338634490967
2.2543859481811523
2.325212001800537
2.434528112411499
2.555107831954956
2.6784417629241943
22.252460479736328
21.74579620361328
21.776935577392578
22.374771118164062
23.272174835205078
24.29790687561035
25.376577377319336
26.478107452392578
27.530210494995117
28.61273956298828
29.724925994873047
30.861629486083984
32.00535202026367
33.13837432861328
34.256961822509766
35.372474670410156
36.49006652832031
37.608360290527344
38.72279357910156
39.800132751464844
40.820838928222656
41.78951644897461
42.7254524230957
43.63462829589844
44.552734375
45.461647033691406
46.352779388427734
47.22159194946289
48.11318588256836
48.99671936035156
49.86556625366211
50.691162109375
51.479652404785156
52.281578063964844
53.08833694458008
53.88478088378906
54.65190505981445
55.39134979248047
56.09783935546875
56.73359298706055
57.30630874633789
57.82805252075195
58.31560516357422
58.767555236816406
59.1726188659668
59.5179443359375
59.787193298339844
59.99412536621094
60.14334487915039
60.23250961303711
60.244049072265625
60.197898864746094
60.083641052246094
59.887638092041016
