0.09565078467130661
0.11318905651569366
0.15009286999702454
0.19166776537895203
0.21276430785655975
0.2214549481868744
0.23735462129116058
0.24708311259746552
0.25383496284484863
0.25713086128234863
0.2594929337501526
0.2651357352733612
0.2694784104824066
0.2728780508041382
0.2757934033870697
0.2784567177295685
0.28089722990989685
0.28273844718933105
0.283761203289032
0.284582257270813
0.28570979833602905
0.28755804896354675
0.2901526093482971
0.2931346595287323
0.29643717408180237
0.30010950565338135
0.30400776863098145
0.3053591847419739
0.3006170988082886
0.2970541715621948
0.2941233813762665
0.2915027141571045
0.2890394926071167
0.2866677939891815
0.029003771021962166
0.026879802346229553
0.024965159595012665
0.023804401978850365
0.011384837329387665
0.008793937973678112
0.19726444780826569
0.2230410873889923
0.22578056156635284
0.2291049212217331
0.2361457794904709
0.2523108720779419
0.27443596720695496
0.3022339642047882
0.29564493894577026
0.28629210591316223
0.2802395820617676
0.2757599949836731
0.27202099561691284
0.268587589263916
0.26535317301750183
0.2622720003128052
0.25907936692237854
0.2560694217681885
0.2531510591506958
0.2503373324871063
0.24763618409633636
0.24504126608371735
0.2425442487001419
0.24014320969581604
0.23783567547798157
0.235613614320755
0.23347124457359314
0.23140233755111694
0.2293941229581833
0.22743664681911469
0.22552159428596497
0.22363372147083282
0.2217405140399933
0.21984358131885529
0.21793709695339203
0.2160307914018631
0.2141265571117401
0.21223771572113037
0.21035069227218628
0.20845289528369904
0.20655988156795502
0.20469698309898376
0.2029002457857132
0.2011730670928955
0.19952279329299927
0.19794906675815582
0.1964479237794876
0.19501301646232605
0.1936350017786026
0.19230186939239502
0.19099687039852142
0.18971455097198486
0.1884494572877884
0.18720033764839172
