0.0424213670194149
0.04750876501202583
0.05452036112546921
0.055879250168800354
0.05607802793383598
0.056346021592617035
0.056510135531425476
0.05678743124008179
0.0570337288081646
0.0572349838912487
0.05737236887216568
0.057463355362415314
0.05754828453063965
0.05764404684305191
0.05775730684399605
0.05790434032678604
0.058055829256772995
0.05820339918136597
0.05834270268678665
0.05847986787557602
0.05863640084862709
0.058808110654354095
0.05897759273648262
0.05917954072356224
0.0594266913831234
0.05967160314321518
0.05991760641336441
0.06021672487258911
0.060607004910707474
0.06103620305657387
0.061503816395998
0.06203564256429672
0.0027991083916276693
0.002790259663015604
0.0027752129826694727
0.002767083700746298
0.0027667093090713024
0.0027641169726848602
0.0566810742020607
0.060093045234680176
0.061778999865055084
0.06317303329706192
0.06434782594442368
0.06540942192077637
0.06641514599323273
0.06740041077136993
0.06839302182197571
0.06940125674009323
0.07042724639177322
0.0714690312743187
0.07252460718154907
0.07360249012708664
0.0747285783290863
0.07588357478380203
0.07706668227910995
0.07829225063323975
0.07956372201442719
0.08091290295124054
0.08226080238819122
0.08366551995277405
0.0851285308599472
0.08667818456888199
0.08825767040252686
0.08987300843000412
0.09149052202701569
0.09311449527740479
0.09433049708604813
0.09548202902078629
0.096681147813797
0.09780686348676682
0.09888942539691925
0.09992887079715729
0.10091997683048248
0.1018490269780159
0.10295882821083069
0.10439831763505936
0.10588707029819489
0.10748673975467682
0.10916591435670853
0.11084417253732681
0.11256588250398636
0.11444030702114105
0.11633754521608353
0.1183311715722084
0.11482338607311249
0.11145482957363129
0.10838036239147186
0.10544688999652863
0.10259745270013809
0.09984167665243149
0.09719225019216537
0.09465131908655167
