0.04107336327433586
0.04482875391840935
0.050297774374485016
0.05491682142019272
0.05546505004167557
0.05569462105631828
0.05604448541998863
0.05625841021537781
0.05642519146203995
0.05659865587949753
0.056747328490018845
0.0569017194211483
0.05707396939396858
0.057264044880867004
0.05749107897281647
0.05771489068865776
0.0579061359167099
0.05809854716062546
0.05828043445944786
0.058447327464818954
0.0586082898080349
0.05877386033535004
0.05895775556564331
0.05919121950864792
0.0594390332698822
0.059710197150707245
0.06003495305776596
0.060426756739616394
0.06086665391921997
0.06134892255067825
0.061877574771642685
0.06245508790016174
0.003021604847162962
0.0027917991392314434
0.00278012128546834
0.002774925669655204
0.0027728460263460875
0.002770693739876151
0.05471695959568024
0.059441205114126205
0.062050461769104004
0.06372147798538208
0.0650511085987091
0.06623361259698868
0.06740639358758926
0.06863824278116226
0.06994852423667908
0.07134320586919785
0.07282284647226334
0.07437527179718018
0.07598543912172318
0.07763633877038956
0.07932332158088684
0.08106166124343872
0.0828268751502037
0.0845722183585167
0.08633019775152206
0.08802974224090576
0.0897308886051178
0.09152784198522568
0.09278513491153717
0.09397982805967331
0.09521590918302536
0.09648124873638153
0.09769562631845474
0.09888090193271637
0.10007735341787338
0.10181820392608643
0.10406872630119324
0.1062680184841156
0.10846830904483795
0.11067520827054977
0.11285700649023056
0.11506479978561401
0.11717360466718674
0.11908185482025146
0.12061495333909988
0.12190450727939606
0.12311176210641861
0.12436974793672562
0.12571364641189575
0.1271308958530426
0.12864120304584503
0.13024410605430603
0.13187940418720245
0.13352085649967194
0.13515296578407288
0.13677692413330078
0.1384347677230835
0.14018024504184723
0.14203505218029022
0.14389203488826752
