0.043224383145570755
0.04866839200258255
0.05437073856592178
0.056541990488767624
0.057177744805812836
0.05761423334479332
0.05887342616915703
0.059896040707826614
0.06050403043627739
0.06095964089035988
0.06142719089984894
0.06183623895049095
0.06225604936480522
0.06268734484910965
0.06314001977443695
0.06364402920007706
0.0642722025513649
0.06513688713312149
0.06624892354011536
0.06757116317749023
0.06905324012041092
0.07068464159965515
0.07240692526102066
0.07422976195812225
0.0761631578207016
0.07820916920900345
0.08038211613893509
0.08271815627813339
0.0852222815155983
0.08789797872304916
0.0908074676990509
0.093360036611557
0.09569664299488068
0.09803633391857147
0.004824101459234953
0.004791439976543188
0.004885021597146988
0.0049734460189938545
0.005044968333095312
0.005096763838082552
0.09155473113059998
0.09552574157714844
0.09904733300209045
0.10439009964466095
0.10854098945856094
0.11091354489326477
0.1166950911283493
0.12274869531393051
0.12619276344776154
0.1206342950463295
0.11615070700645447
0.11209863424301147
0.10827595740556717
0.10457354038953781
0.1009681299328804
0.09748378396034241
0.0940818339586258
0.0907478928565979
0.0874793604016304
0.0842941477894783
0.08120367676019669
0.0782182365655899
0.07535070180892944
0.07260603457689285
0.06998052448034286
0.06746155023574829
0.06505417823791504
0.06274745613336563
0.06052357330918312
0.05838153511285782
0.05631478875875473
0.05436069145798683
0.05251503363251686
0.05075322091579437
0.04903659224510193
0.047391846776008606
0.045799095183610916
0.044262371957302094
0.04280320554971695
0.04144164174795151
0.04015546664595604
0.038939714431762695
0.03773849830031395
0.03658846765756607
0.03549094870686531
0.03443223610520363
0.03340620547533035
0.032411254942417145
0.03144403174519539
0.030503924936056137
0.029586290940642357
0.028692811727523804
0.027819503098726273
0.026960548013448715
0.026115788146853447
