0.025221381336450577
0.027684738859534264
0.029328953474760056
0.03050667606294155
0.03062528744339943
0.0305749773979187
0.030596449971199036
0.03066238760948181
0.030757736414670944
0.03089720942080021
0.031009985134005547
0.031202439218759537
0.0313844196498394
0.03155942261219025
0.03170531615614891
0.03184992074966431
0.032025039196014404
0.032211970537900925
0.03240403160452843
0.03260671719908714
0.032820627093315125
0.03304889053106308
0.033279746770858765
0.033511217683553696
0.033777035772800446
0.034093134105205536
0.034465890377759933
0.0348912738263607
0.03536603972315788
0.03589051589369774
0.03646404668688774
0.037086762487888336
0.0013692431384697556
0.0012841226998716593
0.001345920143648982
0.0013466174714267254
0.0013473557773977518
0.0013478926848620176
0.031910691410303116
0.03614380583167076
0.038052864372730255
0.039053820073604584
0.03986617550253868
0.040720514953136444
0.04119296744465828
0.040762677788734436
0.04035824164748192
0.03996038809418678
0.039557695388793945
0.039147309958934784
0.038728684186935425
0.03825956583023071
0.03770431503653526
0.03714028373360634
0.03656606003642082
0.03598473221063614
0.03537508472800255
0.034753795713186264
0.03416216000914574
0.03358813002705574
0.03298277407884598
0.032369762659072876
0.03175225853919983
0.031133141368627548
0.030509984120726585
0.029882337898015976
0.029251111671328545
0.028612734749913216
0.02796805091202259
0.027323003858327866
0.026682086288928986
0.02604672685265541
0.025422900915145874
0.024805141612887383
0.024194201454520226
0.023591477423906326
0.022998090833425522
0.02241341583430767
0.021836403757333755
0.021291933953762054
0.020765483379364014
0.020240873098373413
0.019722357392311096
0.019210215657949448
0.01870487444102764
0.018207283690571785
0.017721308395266533
0.01724776066839695
0.016785135492682457
0.01632661372423172
0.015892772004008293
0.015482033602893353
