0.04321843385696411
0.05671859532594681
0.06239747628569603
0.06315913796424866
0.06305216997861862
0.06293230503797531
0.06293893605470657
0.0630359798669815
0.06319236010313034
0.06338857859373093
0.0635991096496582
0.06382423639297485
0.0640638917684555
0.0643005296587944
0.06373246759176254
0.06311405450105667
0.06259993463754654
0.06214718520641327
0.0616864413022995
0.061209436506032944
0.060729019343853
0.06023620441555977
0.05973619222640991
0.059222809970378876
0.05866943672299385
0.058078985661268234
0.05743872746825218
0.05674394220113754
0.055990222841501236
0.05517418682575226
0.05429026857018471
0.05307973176240921
0.004808322060853243
0.0034573038574308157
0.003223523497581482
0.0030610987450927496
0.002972949994727969
0.002923976629972458
0.002896235091611743
0.06444455683231354
0.05859086290001869
0.05472603067755699
0.050958894193172455
0.04863628000020981
0.0468367300927639
0.04603571817278862
0.04524214565753937
0.043683841824531555
0.042108092457056046
0.04052076116204262
0.03894800320267677
0.037455856800079346
0.03604990243911743
0.03468356654047966
0.033315714448690414
0.03194265067577362
0.03061433508992195
0.029386132955551147
0.028248421847820282
0.027197394520044327
0.026138314977288246
0.025097107514739037
0.02410726621747017
0.02318294160068035
0.022313779219985008
0.021533513441681862
0.020807599648833275
0.020128071308135986
0.019246449694037437
0.018349885940551758
0.017383866012096405
0.016360873356461525
0.01551952213048935
0.015248882584273815
0.015161119401454926
0.015075702220201492
0.014971360564231873
0.01703506149351597
0.01936367154121399
0.021991586312651634
0.024835500866174698
0.028307480737566948
0.03207046538591385
0.03616300970315933
0.04063345119357109
0.04565060883760452
0.0499408058822155
0.1652943193912506
0.9148855209350586
1.295765995979309
1.503495454788208
1.6416598558425903
1.733947515487671
1.8048800230026245
1.873423457145691
1.9516749382019043
