0.007005421444773674
0.006718765012919903
0.006175279151648283
0.005790299735963345
0.005652627442032099
0.005583489779382944
0.0054255384020507336
0.005281998310238123
0.005149469710886478
0.005027414299547672
0.004961516708135605
0.004915064666420221
0.0048189605586230755
0.004733612295240164
0.004658789373934269
0.004592967685312033
0.004534816835075617
0.004482720512896776
0.004435190465301275
0.004391906782984734
0.00435259286314249
0.004315877798944712
0.004281954374164343
0.004251071717590094
0.004222755786031485
0.004197177942842245
0.0041747987270355225
0.00415664492174983
0.004142054822295904
0.004130539484322071
0.004121826030313969
0.004115161951631308
0.004110007081180811
0.004105730913579464
0.0008439638186246157
0.0007588024018332362
0.0007204843568615615
0.0007064586388878524
0.0006942934705875814
0.0006789068575017154
0.004654313903301954
0.00455248961225152
0.004496629815548658
0.004443434998393059
0.004367029294371605
0.00431111129000783
0.00426877336576581
0.00423382269218564
0.004202633164823055
0.004173014312982559
0.004143894650042057
0.00411516847088933
0.004087126348167658
0.0040600658394396305
0.004034706391394138
0.004010454751551151
0.003987472504377365
0.00396531168371439
0.003943821880966425
0.003923283889889717
0.0039038406684994698
0.0038852703291922808
0.003867503721266985
0.003845348721370101
0.0038167594466358423
0.003789384150877595
0.0037625585682690144
0.0037350011989474297
0.003707438474521041
0.0036800208035856485
0.003652590326964855
0.0036259018816053867
0.0035998541861772537
0.0035742272157222033
0.0035492146853357553
0.0035250738728791475
0.0035014208406209946
0.0034778001718223095
0.0034540779888629913
0.003430210519582033
0.0034062641207128763
0.003382324241101742
0.00335848331451416
0.003334736917167902
0.00331117189489305
0.003287692554295063
0.0032644968014210463
0.003241540864109993
0.0032188203185796738
0.003196284407749772
0.0031739044934511185
0.0031517117749899626
0.0031296529341489077
0.003107803175225854
0.003086101496592164
