0.09816441684961319
0.1120636984705925
0.12018830329179764
0.1248483881354332
0.1312388777732849
0.13676610589027405
0.1405978947877884
0.14324213564395905
0.14553260803222656
0.1470266580581665
0.14832951128482819
0.14957772195339203
0.15091991424560547
0.15224549174308777
0.153549462556839
0.15500018000602722
0.1567489504814148
0.15890277922153473
0.1622854471206665
0.16625377535820007
0.17089040577411652
0.1761009246110916
0.18177153170108795
0.1879226714372635
0.1947888880968094
0.20237353444099426
0.21078041195869446
0.2204785794019699
0.23168669641017914
0.24820657074451447
0.26711708307266235
0.28694573044776917
0.30896586179733276
0.33341771364212036
0.025458918884396553
0.018407246097922325
0.015155307948589325
0.013666227459907532
0.01284512598067522
0.012345620431005955
0.20930294692516327
0.24430422484874725
0.27891260385513306
0.30747631192207336
0.341722697019577
0.3448859453201294
0.3282821476459503
0.313953697681427
0.30069831013679504
0.28787466883659363
0.27538251876831055
0.26388949155807495
0.25314006209373474
0.24315360188484192
0.2338571846485138
0.22499261796474457
0.2164764255285263
0.20846682786941528
0.20185934007167816
0.19641952216625214
0.1919512003660202
0.1884036362171173
0.1856437474489212
0.18311816453933716
0.18092352151870728
0.17911294102668762
0.17766143381595612
0.1765328049659729
0.17570513486862183
0.17526789009571075
0.17530402541160583
0.17590180039405823
0.1771814227104187
0.17912690341472626
0.18163615465164185
1.6198725700378418
2.9760560989379883
4.021934509277344
4.863792896270752
5.612980365753174
6.191114902496338
6.642754077911377
7.007389545440674
7.3224592208862305
7.5975565910339355
7.840317249298096
8.056790351867676
8.250913619995117
8.429966926574707
8.62208366394043
8.800028800964355
8.942587852478027
9.064141273498535
9.172587394714355
