0.10310438275337219
0.11717775464057922
0.12615354359149933
0.13457460701465607
0.14005796611309052
0.14269287884235382
0.1438841074705124
0.14518000185489655
0.14607976377010345
0.1466868668794632
0.14715459942817688
0.14768201112747192
0.14811880886554718
0.14851315319538116
0.14901219308376312
0.14963656663894653
0.15022528171539307
0.15074831247329712
0.15128646790981293
0.15181389451026917
0.1523609310388565
0.15286710858345032
0.15334554016590118
0.1538132280111313
0.15429234504699707
0.15479567646980286
0.15526878833770752
0.15586397051811218
0.1564915031194687
0.15720927715301514
0.15801110863685608
0.15891970694065094
0.013977107591927052
0.00917526800185442
0.008261903189122677
0.008663850836455822
0.008414765819907188
0.00823043193668127
0.1351296305656433
0.14495430886745453
0.15173855423927307
0.1579708755016327
0.16277563571929932
0.16768476366996765
0.1718350350856781
0.1755346953868866
0.17904601991176605
0.18248791992664337
0.18592469394207
0.1894078552722931
0.19295944273471832
0.19668135046958923
0.20066876709461212
0.20512209832668304
0.2098468393087387
0.21484139561653137
0.22017687559127808
0.22594913840293884
0.23194019496440887
0.2381461262702942
0.245260551571846
0.254484623670578
0.2641298174858093
0.2742631733417511
0.28594520688056946
0.300793319940567
0.31857603788375854
0.34036824107170105
0.3663617670536041
0.39626237750053406
0.39919647574424744
0.4043637812137604
0.4112730324268341
0.41993167996406555
0.4288025498390198
0.43705153465270996
0.44533300399780273
0.4539252519607544
4.533400058746338
7.73382043838501
10.066826820373535
11.892755508422852
13.383776664733887
14.5014009475708
15.384635925292969
16.123510360717773
16.753616333007812
17.29151153564453
17.74595832824707
18.12562370300293
18.435619354248047
18.68516731262207
