0.008354823105037212
0.008603747934103012
0.00822749175131321
0.007924850098788738
0.007746914401650429
0.007619854528456926
0.007533159106969833
0.007463033776730299
0.007399272173643112
0.007340356707572937
0.007282593287527561
0.007226062938570976
0.00717166718095541
0.007120641879737377
0.00707070529460907
0.007022165693342686
0.006975756958127022
0.006933100987225771
0.006894696969538927
0.0068604229018092155
0.006828048266470432
0.0067960405722260475
0.006763007957488298
0.006727483123540878
0.006688276305794716
0.006643838714808226
0.00659768283367157
0.006550514604896307
0.0065013812854886055
0.006449270993471146
0.0063941520638763905
0.006336819380521774
0.0009102915646508336
0.0008848662255331874
0.0008970623021014035
0.0009111493709497154
0.0009259241633117199
0.0009401367860846221
0.006430346053093672
0.00630760146304965
0.006176091264933348
0.006077239755541086
0.005981696303933859
0.0058927410282194614
0.005806696135550737
0.0057198479771614075
0.005633044056594372
0.0055430238135159016
0.005449015647172928
0.005350884050130844
0.005249019246548414
0.005143546499311924
0.005034742411226034
0.0049234121106565
0.004810421261936426
0.004696553107351065
0.0045828367583453655
0.004470599815249443
0.0043594385497272015
0.0042485748417675495
0.0041381423361599445
0.004028123337775469
0.003918774425983429
0.003810453461483121
0.003703393042087555
0.003598245559260249
0.003495239419862628
0.003394621890038252
0.0032965862192213535
0.003201473504304886
0.0031091219279915094
0.0030193598940968513
0.0029320362955331802
0.0028470479883253574
0.0027645970694720745
0.0026854260358959436
0.002609323477372527
0.002536257728934288
0.0024660169146955013
0.002398349344730377
0.002333140466362238
0.002270307159051299
0.002209741622209549
0.002151359338313341
0.0020951733458787203
0.0020410562865436077
0.0019888347014784813
0.001938531524501741
0.0018900453578680754
0.0018432579236105084
0.0017981089185923338
0.0017545484006404877
