2059.312744140625
2021.5406494140625
2052.3525390625
2092.438720703125
2095.29931640625
2126.068603515625
2172.2568359375
2198.5029296875
2201.869384765625
2220.04541015625
2229.354248046875
2228.327392578125
2235.329345703125
2248.605224609375
2260.884521484375
2274.343994140625
2293.02197265625
2312.539794921875
2332.363525390625
2354.066650390625
2376.96435546875
2399.35302734375
2423.423095703125
2451.125244140625
2486.01025390625
2530.654052734375
2583.477294921875
2648.06298828125
2725.60546875
2810.76123046875
2902.19091796875
3001.82568359375
125.98048400878906
118.38074493408203
118.36561584472656
118.19007110595703
118.29631805419922
118.4079360961914
1739.6019287109375
2227.09765625
2660.275634765625
3025.876708984375
3304.5986328125
3531.68603515625
3731.4775390625
3921.34130859375
4110.0048828125
4299.6201171875
4491.681640625
4686.36962890625
4891.5537109375
5112.61962890625
5349.59765625
5614.19873046875
5873.6171875
6155.82958984375
6412.01220703125
6670.37744140625
6914.89404296875
7156.62939453125
7415.025390625
7629.6435546875
7252.92236328125
6974.76416015625
6738.50927734375
6522.52880859375
6315.87158203125
6113.27587890625
5911.38525390625
5704.9228515625
5502.21240234375
5308.421875
5127.51611328125
4952.3798828125
4781.56787109375
4614.0986328125
4449.16015625
4280.62109375
4109.21923828125
3944.212158203125
3789.2109375
3649.13037109375
3517.1796875
3391.615234375
3274.572509765625
3162.149169921875
3053.367431640625
2951.169677734375
2854.22021484375
2760.359375
2668.7060546875
2579.558837890625
