1500.0
1500.0
1500.0
1499.998779296875
1500.0833740234375
1500.0
1500.0
1500.0
1500.0
1500.0
1500.0
1500.0
1500.0
1500.0
1500.0
1500.0
1499.9967041015625
1500.0
1500.0
1500.0
1500.0
1500.0
1500.0
1500.0
1500.0
1500.0
1500.0
1500.0
1500.0
1500.0
1500.0
1500.0
100.0
100.0
100.0
100.0
100.0
100.0
1500.0
1500.0
1500.0
1500.0
1500.0
1500.0
1500.0
1500.0
1500.0
1500.0
1500.0
1500.0
1500.0
1500.0
1500.0
1500.0
1500.0
1429.71923828125
1361.490478515625
1297.8922119140625
1236.588623046875
1177.134765625
1119.2686767578125
1063.7188720703125
1011.724365234375
962.8255004882812
916.16943359375
872.2430419921875
830.786865234375
791.2938232421875
753.779052734375
718.3020629882812
685.2716674804688
654.3648071289062
625.3629760742188
597.7224731445312
571.3740844726562
545.5953369140625
520.1717529296875
495.3150939941406
472.1697998046875
452.0505065917969
434.3065185546875
418.23736572265625
403.2362976074219
388.8607177734375
374.7580261230469
360.8443908691406
347.18743896484375
334.0750732421875
322.426025390625
312.053466796875
302.60430908203125
293.6343078613281
