0.021409373730421066
0.02347894012928009
0.0269467793405056
0.02969643659889698
0.030437130481004715
0.030774636194109917
0.03113328292965889
0.0314069464802742
0.03159839287400246
0.031730104237794876
0.03185608237981796
0.03200925141572952
0.032200321555137634
0.03237103670835495
0.032520584762096405
0.03263886272907257
0.03273756802082062
0.032845932990312576
0.03296656534075737
0.03309789299964905
0.03323724865913391
0.03338294103741646
0.03356708586215973
0.03376796469092369
0.03399858996272087
0.03429103270173073
0.03466308116912842
0.03510723263025284
0.03561388701200485
0.03617391735315323
0.036780502647161484
0.03742889687418938
0.0024592767003923655
0.002092422917485237
0.0019239452667534351
0.0018351345788687468
0.0017891275929287076
0.0017680012388154864
0.03377749025821686
0.03655771538615227
0.03800555318593979
0.03896501287817955
0.03974440321326256
0.040471237152814865
0.04120415076613426
0.04196746647357941
0.04277249425649643
0.04363333806395531
0.04454541951417923
0.045514341443777084
0.046544399112463
0.04765571653842926
0.048698682337999344
0.04974863678216934
0.05082957446575165
0.051947858184576035
0.05309634283185005
0.05427863821387291
0.055486638098955154
0.056722380220890045
0.05798376351594925
0.0570727102458477
0.05581720173358917
0.05464984476566315
0.053518522530794144
0.052396174520254135
0.05127643793821335
0.05016576498746872
0.04906746745109558
0.047989439219236374
0.046932242810726166
0.04588829353451729
0.04485683515667915
0.04386671632528305
0.0428832471370697
0.04190847650170326
0.04094323143362999
0.03998779505491257
0.03904068097472191
0.03810322657227516
0.03717632591724396
0.03625836595892906
0.035351675003767014
0.0344591923058033
0.03359415754675865
0.03276071697473526
0.03195474296808243
0.031174128875136375
0.030418843030929565
0.02969123236835003
0.02899160608649254
0.028320590034127235
