1499.9986572265625
1500.0
1500.0
1500.0
1500.0
1500.0
1500.0
1499.986083984375
1500.0
1500.0
1500.0
1500.0
1500.0
1500.0
1500.0
1500.0
1500.0
1500.0
1500.0
1500.0
1500.0
1500.0
1500.0
1500.0
1500.0
1500.0
1500.0
1500.0
1500.0
1500.0
1500.0
1500.0
100.0
100.0
100.0
100.0
100.0
100.0
1500.0
1500.0
1500.0
1500.0
1500.0
1500.0
1500.0
1500.0
1500.0
1500.0
1500.0
1500.0
1500.0
1496.4119873046875
1433.993408203125
1373.8966064453125
1315.9931640625
1260.2244873046875
1206.3837890625
1154.4842529296875
1104.234130859375
1056.09765625
1010.3595581054688
966.9150390625
925.5377807617188
886.1177368164062
848.5799560546875
812.9331665039062
778.8584594726562
746.4628295898438
715.921875
687.4881591796875
660.75390625
635.0616455078125
610.2747192382812
586.9686889648438
564.529296875
543.1080322265625
522.6654663085938
503.08648681640625
484.5265808105469
466.99298095703125
450.42779541015625
434.80975341796875
420.0572204589844
406.14080810546875
393.01708984375
380.6221618652344
368.8951110839844
357.79400634765625
347.2931823730469
337.3783264160156
328.0060119628906
319.1432189941406
