1500.0
1500.0
1500.0
1500.0
1500.0
1500.0
1500.0
1499.9794921875
1500.0
1500.0
1500.0
1500.0
1500.0
1500.0
1500.0
1500.0
1500.0
1500.0
1500.0
1500.0
1500.0
1500.0
1500.0
1500.0
1500.0
1500.0
1500.0
1500.0
1500.0
1500.0
1500.0
1500.0
100.0
100.0
100.0
100.0
100.0
100.0
1499.998046875
1500.0
1500.0
1500.0
1500.0
1500.0
1500.0
1500.0
1500.0
1500.0
1500.0
1500.0
1500.0
1500.0
1500.0
1500.0
1500.0
1500.0
1500.0
1500.0
1500.0
1500.0
1500.0
1500.0
1500.0
1500.0
1500.0
1499.9998779296875
1499.99462890625
1499.9998779296875
1456.3839111328125
1406.017578125
1358.556884765625
1312.6090087890625
1268.5003662109375
1228.7550048828125
1190.9835205078125
1154.0040283203125
1116.792236328125
1081.0072021484375
1047.4423828125
1015.897705078125
985.999755859375
956.8182373046875
927.8385009765625
901.5577392578125
878.7374267578125
855.3504028320312
831.1074829101562
807.078125
784.6624145507812
763.3809204101562
743.0447998046875
726.3197631835938
