0.489170104265213
0.5292314291000366
0.7628017067909241
1.0086201429367065
1.0379643440246582
1.0490248203277588
1.0624946355819702
1.0758845806121826
1.084841251373291
1.0981504917144775
1.109387755393982
1.1204676628112793
1.13383948802948
1.1464223861694336
1.1576740741729736
1.1693986654281616
1.183103084564209
1.1963238716125488
1.2104140520095825
1.2260253429412842
1.2427895069122314
1.2619332075119019
1.2851046323776245
1.3104594945907593
1.3375645875930786
1.3685110807418823
1.4081447124481201
1.4622591733932495
1.5190047025680542
1.5800220966339111
1.6584333181381226
1.7427607774734497
0.03663545101881027
0.03558829799294472
0.036020535975694656
0.03575412556529045
0.03564784303307533
0.03561906889081001
0.557421088218689
1.023557186126709
1.5461102724075317
2.0825374126434326
2.0988056659698486
2.117467164993286
2.163092851638794
2.2299818992614746
2.317678451538086
7.1122002601623535
13.480225563049316
17.898012161254883
21.60481071472168
26.02600860595703
31.56698226928711
37.524940490722656
43.63002395629883
49.722694396972656
55.8741455078125
62.40876770019531
70.2752914428711
78.3595199584961
86.31303405761719
93.95927429199219
101.27344512939453
108.3438720703125
115.3614501953125
122.28883361816406
128.5115966796875
134.32713317871094
139.6658477783203
144.50741577148438
148.92156982421875
152.8371124267578
156.2657470703125
159.67457580566406
162.6900634765625
165.22064208984375
167.49974060058594
169.68995666503906
171.7772979736328
173.62359619140625
175.11056518554688
176.11058044433594
176.8899383544922
177.53663635253906
178.10052490234375
178.61082458496094
179.06838989257812
179.46548461914062
179.81719970703125
180.1395263671875
180.43931579589844
180.69210815429688
