1402.4393310546875
1092.6650390625
870.5234375
739.6433715820312
676.6395874023438
652.9371337890625
638.1605224609375
624.6195678710938
611.6521606445312
599.133056640625
586.9591674804688
575.2920532226562
563.7456665039062
552.010986328125
539.9526977539062
527.43701171875
515.6177978515625
504.42291259765625
493.7093200683594
482.9870910644531
472.248046875
461.6318664550781
451.29443359375
441.2416076660156
431.4072570800781
421.7194519042969
412.1827087402344
402.8473205566406
395.7907409667969
389.5872497558594
383.1365051269531
376.39044189453125
100.0
100.0
99.99996948242188
100.0
100.0
100.0
515.0362548828125
392.275390625
352.5658874511719
333.66650390625
321.1244812011719
312.6985168457031
304.6114196777344
296.26409912109375
287.9591979980469
279.95458984375
272.62939453125
268.3951416015625
264.9796142578125
262.3621520996094
259.90289306640625
257.39794921875
254.8528289794922
252.4488983154297
250.35845947265625
248.27581787109375
246.16685485839844
244.02056884765625
241.82858276367188
239.58729553222656
237.31991577148438
235.08950805664062
232.82933044433594
230.5255889892578
228.13735961914062
225.64559936523438
223.00779724121094
220.2156524658203
217.34561157226562
214.44287109375
211.6437225341797
208.8411102294922
206.12925720214844
203.45127868652344
200.7185516357422
197.9178466796875
195.0655975341797
192.19424438476562
189.32586669921875
186.45799255371094
183.59580993652344
180.69432067871094
177.83966064453125
175.00985717773438
172.1759796142578
169.29515075683594
166.379638671875
163.46612548828125
160.5677947998047
157.68251037597656
