1392.6990966796875
1081.451416015625
855.4715576171875
723.7229614257812
665.9577026367188
643.348876953125
626.581298828125
609.8880004882812
593.0897216796875
576.3208618164062
559.2017211914062
541.0752563476562
522.1094360351562
502.6876220703125
483.2716369628906
463.75396728515625
443.5185852050781
424.2029113769531
405.578857421875
387.3487243652344
369.75421142578125
352.8197937011719
336.8603210449219
324.44921875
313.2200012207031
302.15521240234375
295.8530578613281
290.9211120605469
286.2618408203125
281.7655334472656
277.3309326171875
272.94696044921875
100.0
100.0
100.0
100.0
100.0
100.0
346.1004943847656
282.3985290527344
264.0955505371094
253.6960906982422
246.52120971679688
241.2749786376953
237.4503631591797
234.46958923339844
231.8645782470703
229.35679626464844
226.84397888183594
224.3484649658203
221.759521484375
219.01797485351562
216.05474853515625
212.96932983398438
209.86819458007812
206.62777709960938
203.344970703125
199.96673583984375
196.60061645507812
193.2947540283203
190.00973510742188
186.66737365722656
183.25732421875
179.76779174804688
176.21731567382812
172.67044067382812
169.13597106933594
165.69007873535156
162.2785186767578
158.83534240722656
155.37100219726562
151.88784790039062
148.40786743164062
144.98712158203125
141.61651611328125
138.24998474121094
134.90493774414062
131.59854125976562
128.3531951904297
125.17322540283203
122.07020568847656
119.01727294921875
116.04042053222656
113.14730834960938
110.34435272216797
107.62784576416016
105.00487518310547
102.47663116455078
100.04537200927734
97.7216796875
95.50373077392578
93.37554931640625
