1500.0
1500.0
1500.0
1500.0
1500.030029296875
1500.0
1500.0
1500.0
1500.0
1500.0
1500.0
1500.0
1500.0
1500.0
1500.0
1500.0
1500.0
1500.0
1500.0
1500.0
1500.0
1500.0
1500.0
1500.0
1500.0
1500.0
1500.0
1500.0
1500.0
1500.0
1500.0
1500.0
100.0
99.99999237060547
100.0
100.0
100.0
100.0
1500.0
1500.0
1500.0
1500.0
1500.0
1500.0
1500.0
1500.0
1500.0
1500.0
1500.0
1500.0
1500.0
1500.0
1500.0
1500.0
1500.0
1500.0
1500.0
1500.0
1500.0
1500.0
1500.0
1500.0
1500.0
1500.0
1500.0
1500.0
1500.0
1500.0
1500.0
1500.0
1500.0
1500.0
1500.0
1490.7891845703125
1444.0765380859375
1397.51171875
1352.34814453125
1308.3194580078125
1265.976318359375
1225.5894775390625
1185.8470458984375
1146.149169921875
1106.968017578125
1067.98583984375
1028.554443359375
990.0738525390625
952.6198120117188
916.384521484375
881.8052368164062
849.619873046875
819.5543823242188
791.001220703125
