1499.9998779296875
1500.0
1499.998046875
1500.0
1500.0
1500.0
1500.0
1500.0
1500.0
1500.0
1500.0
1500.0
1500.0
1500.0
1500.0
1500.0
1499.999267578125
1500.0
1500.0
1500.0
1500.0
1500.0
1500.0
1500.0
1500.0
1500.0
1500.0
1500.0
1500.0
1500.0
1500.0
1500.0
100.0
100.0
99.9999771118164
100.0
100.0
100.0
1500.0069580078125
1500.0
1500.0
1500.0
1500.0
1500.0
1500.0
1500.0
1500.0
1500.0
1500.0
1500.0
1500.0
1500.0
1500.0
1500.0
1500.0
1500.0
1500.0
1500.0
1500.0
1500.0
1486.8953857421875
1457.869384765625
1431.327880859375
1405.8306884765625
1380.47216796875
1354.382568359375
1328.0194091796875
1300.6312255859375
1272.6185302734375
1245.5096435546875
1218.9163818359375
1192.46875
1166.0662841796875
1139.775390625
1113.6800537109375
1087.7724609375
1061.9908447265625
1036.41748046875
1011.0283813476562
985.7965698242188
960.7459106445312
935.8280639648438
911.1001586914062
886.5988159179688
862.3843994140625
838.4794921875
814.878662109375
791.59375
768.671142578125
746.1348876953125
724.0332641601562
702.4257202148438
