1499.9998779296875
1499.9998779296875
1144.63232421875
997.7073974609375
955.8690795898438
929.1109008789062
905.9898681640625
884.9401245117188
864.6416625976562
847.7232055664062
830.6925048828125
816.3544921875
802.978759765625
789.5450439453125
776.3040771484375
763.0883178710938
749.7899169921875
736.84716796875
724.3848266601562
712.9631958007812
702.157470703125
691.8203125
682.0709228515625
673.3473510742188
665.5532836914062
658.03466796875
650.423095703125
642.6375732421875
634.5707397460938
626.1722412109375
617.4718627929688
608.4027099609375
100.0
100.0
100.0
100.0
100.0
100.0
871.8429565429688
690.0977172851562
622.3822021484375
582.9644775390625
563.2613525390625
552.8114013671875
546.6428833007812
542.1141357421875
537.9586181640625
533.4185791015625
528.0892944335938
521.6485595703125
514.1940307617188
506.1788024902344
498.0273132324219
489.8497314453125
481.6072692871094
472.8348083496094
463.5677185058594
453.6850891113281
443.6647644042969
433.54888916015625
422.8504943847656
411.3874816894531
399.4554138183594
387.5771179199219
375.99481201171875
365.0291748046875
357.33154296875
350.45703125
344.1578674316406
338.502197265625
332.90093994140625
327.1095275878906
321.8726501464844
317.1329650878906
312.33447265625
307.477783203125
302.5068664550781
297.40863037109375
292.2103576660156
286.9336242675781
281.61358642578125
276.2699890136719
270.91473388671875
265.5606689453125
260.2218933105469
254.9236602783203
249.70773315429688
244.56903076171875
239.47569274902344
234.44577026367188
229.47567749023438
224.54412841796875
