1500.0
1500.0
1500.0
1500.0
1500.0
1500.0
1500.0
1500.0
1500.0
1500.0
1500.0
1500.0
1500.0
1500.0
1500.0
1500.0
1500.0
1500.0
1500.0
1500.0
1500.0
1500.0
1500.0
1500.0
1500.0
1500.0
1500.0
1500.0
1500.0
1500.0
1500.0
1500.0
99.91897583007812
100.0
100.0
100.0
100.0
100.0
1500.0
1500.0
1500.0
1500.0
1500.0
1500.0
1500.0
1500.0
1500.0
1500.0
1500.0
1500.0
1500.0
1500.0
1500.0
1500.0
1500.0
1500.0
1500.0
1500.0
1500.0
1500.0
1500.0
1500.0
1500.0
1500.0
1500.0
1500.0
1499.999755859375
1499.9998779296875
1500.0
1499.9998779296875
1500.0
1500.0
1499.9998779296875
1500.0
1500.0
1500.0
1445.367431640625
1394.7950439453125
1346.8756103515625
1301.2464599609375
1257.5533447265625
1215.58447265625
1175.151123046875
1136.2689208984375
1099.1513671875
1064.0631103515625
1030.733642578125
998.912353515625
968.5719604492188
939.6405639648438
912.0833740234375
885.7769165039062
