1500.0
1500.0
1500.0
1500.0
1500.0
1500.0
1500.0
1500.0
1500.0
1500.0
1500.0
1500.0
1500.0
1499.9998779296875
1500.0
1500.0
1500.0
1500.0
1500.0
1500.0
1500.0
1500.0
1500.0
1500.0
1500.0
1500.0
1500.0
1500.0
1500.0
1500.0
1500.0
1500.0
100.0
100.0
100.0
100.0
100.0
100.0
1500.0
1500.0
1500.0
1500.0
1500.0
1500.0
1500.0
1500.0
1500.0
1500.0
1500.0
1500.0
1500.0
1500.0
1500.0
1500.0
1500.0
1500.0
1500.0
1500.0
1500.0
1500.0
1500.0
1499.9991455078125
1500.0
1500.0
1500.0
1500.0
1499.9998779296875
1500.0
1499.9996337890625
1500.0
1499.9990234375
1500.0
1500.0
1499.999755859375
1500.0
1455.0692138671875
1402.8114013671875
1353.0789794921875
1303.814208984375
1255.5728759765625
1208.3504638671875
1162.766357421875
1121.3370361328125
1073.9329833984375
1025.6348876953125
973.5419311523438
928.2166748046875
899.0134887695312
870.99072265625
842.1842651367188
812.49365234375
783.144775390625
