1499.9998779296875
1500.0
1500.0
1500.0
1500.0
1500.0
1500.0
1500.0
1500.0
1500.0
1500.0
1500.0
1500.0
1500.0
1499.999267578125
1500.0
1500.0
1500.0
1500.0
1500.0
1500.0
1500.0
1500.0
1500.0
1500.0
1500.0
1500.0
1500.0
1500.0
1500.0
1500.0
1500.0
99.71427917480469
100.0
100.0
100.0
100.0
100.0
1500.0
1500.0
1500.0
1500.0
1500.0
1500.0
1500.0
1500.0
1500.0
1500.0
1500.0
1500.0
1500.0
1500.0
1500.0
1500.0
1500.0
1500.0
1500.0
1500.0
1500.0
1500.0
1500.0
1500.0
1500.0
1500.0
1500.0
1500.0
1500.0
1499.9998779296875
1500.0
1500.0
1500.0
1482.2218017578125
1429.6563720703125
1381.0716552734375
1334.5897216796875
1289.8890380859375
1246.91796875
1205.3968505859375
1164.8778076171875
1125.0120849609375
1085.83056640625
1047.7950439453125
1010.4915161132812
972.9954223632812
935.3884887695312
898.1370849609375
864.6694946289062
836.4685668945312
811.7744750976562
789.3928833007812
768.6056518554688
748.8289794921875
