1499.9998779296875
1500.0
1499.999755859375
1500.0
1500.0
1500.0
1500.0
1500.0
1500.0
1500.0
1500.0
1500.0
1500.0
1500.0
1500.0
1500.0
1500.0
1500.0
1500.0
1500.0
1500.0
1500.0
1500.0
1500.0
1500.0
1500.0
1500.0
1500.0
1500.0
1500.0
1500.0
1500.0
99.99566650390625
100.0
100.0
100.0
100.0
100.0
1500.0
1500.0
1437.5670166015625
1391.725341796875
1353.5927734375
1315.06201171875
1275.1199951171875
1234.1197509765625
1192.490234375
1151.81884765625
1111.8465576171875
1072.357666015625
1033.115478515625
994.5155639648438
957.4302368164062
922.4752197265625
888.4290771484375
855.0947265625
822.4404296875
790.2755737304688
758.542724609375
727.3013916015625
696.791259765625
666.9841918945312
638.0231323242188
610.3076171875
583.8560180664062
558.5673217773438
533.6678466796875
510.12261962890625
487.7164611816406
466.3361511230469
445.95147705078125
426.4287414550781
407.2144470214844
388.41424560546875
370.9464111328125
354.7707214355469
340.23284912109375
327.1322021484375
315.1968688964844
304.20751953125
294.06768798828125
284.6634826660156
280.12237548828125
275.7345886230469
267.4487609863281
259.6995849609375
252.5300750732422
245.79660034179688
239.36952209472656
233.27328491210938
227.45193481445312
221.87591552734375
216.52548217773438
