1500.0
1500.0
1500.0
1500.0
1500.0
1500.0
1500.0
1500.0
1500.0
1500.0
1499.9998779296875
1500.0
1500.0
1500.0
1500.0
1500.0
1500.0
1500.0
1500.0
1500.0
1500.0
1500.0
1500.0
1500.0
1500.0
1500.0
1500.0
1500.0
1500.0
1500.0
1500.0
1500.0
100.0
100.0
100.0
100.0
100.0
100.0
1500.0
1500.0
1500.001220703125
1500.0
1500.0
1500.0
1500.0
1500.0
1483.27685546875
1370.3028564453125
1265.06982421875
1169.24853515625
1081.9931640625
1002.4263916015625
929.789306640625
865.0038452148438
806.4334716796875
753.2874145507812
703.37548828125
655.9740600585938
610.9309692382812
569.0813598632812
532.1170654296875
495.3021545410156
464.5211486816406
438.44378662109375
413.366455078125
389.3349304199219
367.0758361816406
347.13897705078125
328.44317626953125
311.191162109375
297.1156311035156
284.3939208984375
272.50225830078125
263.3951721191406
254.83937072753906
246.1813507080078
237.13133239746094
227.5720672607422
217.6970977783203
207.67098999023438
197.5800323486328
187.45689392089844
177.4374237060547
171.8045654296875
165.6514434814453
159.7509765625
153.94049072265625
148.18409729003906
142.75831604003906
137.48965454101562
132.3197021484375
127.25447082519531
122.59671783447266
