1500.0
1500.0
1500.0001220703125
1500.0
1500.0
1500.0
1500.0
1500.0
1500.0
1500.0
1500.0
1500.0
1500.0
1500.0
1500.0
1500.0
1500.0
1500.0
1500.0
1500.0
1500.0
1500.0
1500.0
1500.0
1500.0
1500.0
1500.0
1500.0
1500.0
1500.0
1500.0
1500.0
99.99980163574219
100.0
100.0
100.0
100.0
100.0
1500.0
1500.0001220703125
1499.9649658203125
1500.0
1468.70654296875
1393.0570068359375
1329.037353515625
1270.06982421875
1214.3790283203125
1160.9852294921875
1109.289306640625
1059.0245361328125
1010.18505859375
962.8914794921875
917.3091430664062
873.24609375
830.7164306640625
790.2565307617188
752.0230712890625
715.8652954101562
681.5734252929688
649.0238647460938
618.1055908203125
588.6361083984375
560.6387939453125
534.0481567382812
508.7548828125
484.6416015625
461.62725830078125
439.6690368652344
418.75946044921875
398.92474365234375
380.12457275390625
362.3271179199219
345.4769592285156
329.5182800292969
314.41461181640625
300.133056640625
286.6435241699219
273.9244384765625
261.9032897949219
250.3975830078125
239.70355224609375
229.6431427001953
220.11862182617188
210.78591918945312
201.88160705566406
193.76486206054688
186.23019409179688
179.08424377441406
172.31451416015625
165.8836212158203
159.77975463867188
153.98391723632812
148.4795379638672
