1500.0
1500.0
1115.157470703125
942.03271484375
864.730224609375
815.423583984375
777.73046875
747.5509033203125
720.5208129882812
693.7335815429688
669.7031860351562
648.7766723632812
631.3114624023438
615.6800537109375
599.7904052734375
583.2171020507812
567.0293579101562
552.4774780273438
541.9049072265625
533.11572265625
524.1233520507812
514.79931640625
505.54974365234375
496.48583984375
487.33740234375
477.30950927734375
467.1760559082031
457.1733093261719
447.2318115234375
436.7987976074219
425.73992919921875
413.73956298828125
400.93011474609375
100.0
99.99822235107422
99.99996948242188
100.0
100.0
100.0
557.9703979492188
406.6441345214844
349.1031188964844
329.0661926269531
321.978759765625
315.5744323730469
305.7521667480469
298.4210510253906
291.78387451171875
285.47027587890625
279.2892150878906
273.096435546875
266.8415832519531
260.5337219238281
254.24472045898438
248.0832061767578
242.07728576660156
236.18148803710938
230.35577392578125
224.58702087402344
218.87269592285156
213.22792053222656
207.70016479492188
202.34971618652344
197.1979217529297
192.23321533203125
187.46470642089844
182.87530517578125
178.4292449951172
174.08094787597656
169.84463500976562
165.71258544921875
161.70652770996094
157.8419952392578
154.15829467773438
150.64195251464844
147.2696533203125
144.1687774658203
141.17431640625
138.27243041992188
135.4635772705078
132.74203491210938
130.09814453125
127.5280532836914
125.04691314697266
122.65152740478516
120.32832336425781
118.07083892822266
115.878662109375
113.75337219238281
111.699462890625
109.7153549194336
107.79645538330078
105.94107818603516
104.14878845214844
