1500.0
1500.0
1500.0
1500.0
1500.0
1500.0
1500.0
1500.0
1500.0
1500.0
1500.0
1500.0
1499.9229736328125
1500.0
1500.0
1500.0
1500.0
1500.0
1500.0
1500.0
1500.0
1500.0
1500.0
1500.0
1500.0
1500.0
1500.0
1500.0
1500.0
1500.0
1500.0
1500.0
100.0
100.0
100.0
100.0
100.0
100.0
1500.0
1500.0
1500.0
1500.0
1500.0
1500.0
1500.0
1500.0
1500.0
1500.0
1500.0
1500.0
1500.0
1500.0
1500.0
1500.0
1499.998779296875
1499.9990234375
1500.0
1499.9971923828125
1500.0
1500.0
1499.99951171875
1499.990966796875
1499.9998779296875
1500.0
1500.0
1500.0
1499.9998779296875
1500.0
1499.99951171875
1482.531982421875
1430.7646484375
1383.9383544921875
1339.2548828125
1294.994140625
1252.55859375
1212.336669921875
1179.0047607421875
1150.0147705078125
1115.4775390625
1084.388671875
1052.7783203125
1018.7633666992188
982.1841430664062
953.2150268554688
931.7173461914062
911.4471435546875
891.5174560546875
871.1375122070312
850.4159545898438
829.2799072265625
807.8388061523438
786.966796875
