1500.0
1500.0
1500.0001220703125
1499.998291015625
1500.0
1500.0
1500.0
1500.0
1500.0
1500.0
1500.0
1500.0
1500.0
1500.0
1500.0
1500.0
1500.0
1500.0
1500.0
1500.0
1500.0
1500.0
1500.0
1500.0
1500.0
1500.000732421875
1500.0
1500.0
1500.0
1500.0
1500.0
1500.0
1500.0008544921875
102.19003295898438
99.98372650146484
100.0
100.0
100.0
100.0
1499.994384765625
1499.99951171875
1500.0
1500.0
1500.0
1500.0
1499.999755859375
1500.0
1500.0
1499.990234375
1500.0
1500.0
1500.0
1500.0
1500.0
1500.0
1468.2646484375
1408.727783203125
1354.5101318359375
1305.2078857421875
1259.2535400390625
1216.2052001953125
1175.237548828125
1136.5234375
1099.254638671875
1062.2569580078125
1025.2178955078125
989.2838134765625
971.8646850585938
955.033935546875
923.544921875
894.070068359375
867.8331909179688
844.2822875976562
820.2764892578125
794.5435180664062
768.5028686523438
744.5654907226562
724.28515625
703.5474243164062
679.9259033203125
655.2546997070312
629.4637451171875
591.3201904296875
538.4336547851562
484.5986633300781
417.2632751464844
402.3858337402344
398.08856201171875
387.97979736328125
378.7989501953125
369.7995910644531
360.5284423828125
350.6057434082031
339.90557861328125
328.51226806640625
