1499.99853515625
1500.0
1500.0
1500.0
1500.0
1500.0
1500.0
1500.0
1500.0
1500.0
1500.0
1500.0
1500.0
1499.995361328125
1500.0
1500.0
1500.0
1500.0
1500.0
1500.0
1500.0
1500.0
1500.0
1500.0
1500.0
1500.0
1500.0
1500.0
1500.0
1500.0
1500.0
1500.0
100.0
100.0
100.0
100.0
100.0
100.0
1500.0
1500.0
1500.0
1500.0
1500.0
1500.0
1500.0
1500.0
1500.0
1500.0
1500.0
1443.9649658203125
1379.4547119140625
1316.828369140625
1255.9647216796875
1196.6876220703125
1139.1217041015625
1083.4156494140625
1029.7691650390625
978.5809936523438
930.1976928710938
884.5923461914062
841.4929809570312
800.5895385742188
761.7349853515625
724.7535400390625
689.5474243164062
655.9752807617188
623.906005859375
593.8782348632812
565.8544921875
539.4624633789062
514.044921875
490.51617431640625
468.4379577636719
447.69866943359375
428.20758056640625
409.9750061035156
392.87640380859375
376.7972106933594
361.7953186035156
347.7705383300781
334.6614990234375
322.39654541015625
310.92742919921875
300.2021179199219
290.18304443359375
280.8316650390625
272.1038513183594
263.95941162109375
256.33563232421875
249.19454956054688
242.51309204101562
236.27456665039062
230.44960021972656
