1500.0
1341.16943359375
1002.805908203125
917.8511352539062
874.1188354492188
840.1533813476562
808.6001586914062
779.4356079101562
754.2073364257812
730.5946655273438
707.8984985351562
686.922119140625
672.4006958007812
659.5926513671875
646.0977172851562
631.3048706054688
615.0502319335938
598.3416137695312
584.8012084960938
573.4821166992188
563.71142578125
553.8343505859375
542.6048583984375
529.2461547851562
514.15771484375
498.13690185546875
480.9344482421875
463.3372802734375
445.03790283203125
424.87945556640625
404.28131103515625
386.1065368652344
100.0
100.0
100.0
100.0
100.0
100.0
528.219970703125
422.7655334472656
386.0042724609375
345.84991455078125
328.6621398925781
316.7057800292969
306.9730224609375
302.49639892578125
298.0987548828125
289.4717102050781
281.1576843261719
272.7420959472656
264.1564025878906
255.43814086914062
246.67770385742188
238.01878356933594
229.5797119140625
221.41058349609375
213.5996551513672
206.1618194580078
199.09945678710938
192.3395538330078
185.83047485351562
179.60769653320312
173.78213500976562
168.12803649902344
162.6939239501953
157.51193237304688
152.5708770751953
147.86190795898438
143.350830078125
139.01937866210938
134.85301208496094
130.8499755859375
127.01979064941406
123.3524169921875
119.83427429199219
116.46905517578125
113.271484375
110.22734832763672
107.3393325805664
104.5894775390625
102.02739715576172
99.58135986328125
97.23822784423828
94.99488830566406
92.85531616210938
90.80715942382812
88.84568786621094
86.96565246582031
85.16514587402344
83.44230651855469
81.7933349609375
80.21052551269531
78.69721221923828
77.25096893310547
