1499.999755859375
1500.0
1500.0
1500.0
1500.0
1499.9998779296875
1500.0
1500.0
1500.0
1500.0
1500.0
1500.0
1500.0
1500.0
1500.0
1500.0
1500.0
1500.0
1500.0
1500.0
1500.0
1500.0
1500.0
1500.0
1500.0
1500.0
1500.0
1500.0
1500.0
1500.0
1500.0
1500.0
99.9999771118164
100.0
100.0
100.0
100.0
100.0
1500.0
1500.0
1500.0
1500.0
1500.0
1500.0
1500.0
1500.0
1500.0
1500.0
1500.0
1500.0
1500.0
1500.0
1500.0
1500.0
1500.0
1500.0
1500.0
1500.0
1454.2864990234375
1385.31640625
1321.3309326171875
1260.9310302734375
1203.4820556640625
1147.97314453125
1095.0323486328125
1045.0826416015625
996.9916381835938
949.0875854492188
901.788330078125
858.5009765625
823.0031127929688
792.4619140625
765.4188842773438
740.6986083984375
717.3960571289062
695.2010498046875
673.948486328125
653.58935546875
633.8829345703125
615.2590942382812
598.2455444335938
582.4947509765625
563.5896606445312
544.1495361328125
524.2218017578125
503.73468017578125
482.3780212402344
467.329345703125
456.56866455078125
446.7223205566406
437.7369384765625
429.8311462402344
423.12945556640625
