1500.0
1500.0
1500.0
1500.0
1500.0
1500.0
1500.0
1500.0
1500.0
1500.0
1500.0
1500.0
1500.0
1500.0
1500.0
1500.0
1500.0
1500.0
1500.0
1500.0
1500.0
1500.0
1500.0
1500.0
1500.0
1500.0
1500.0
1500.0
1500.0
1500.0
1500.0
1500.0
100.0
99.99994659423828
100.0
100.0
100.0
100.0
1500.0
1500.0
1500.0
1500.0
1500.0
1500.0
1500.0
1500.0
1500.0
1500.0
1500.0
1500.0
1500.0
1500.0
1500.0
1500.0
1500.0
1500.0
1500.0
1500.0
1500.0
1500.0
1500.0
1500.0
1500.0
1464.5718994140625
1413.916748046875
1362.6634521484375
1310.6063232421875
1258.9559326171875
1208.0762939453125
1159.3221435546875
1112.841552734375
1068.7381591796875
1026.753173828125
986.6554565429688
948.4328002929688
911.5574340820312
875.563232421875
840.2809448242188
806.1703491210938
773.7601928710938
742.7122192382812
713.3824462890625
686.1622924804688
660.5875244140625
636.0972290039062
612.4074096679688
589.5814819335938
567.74267578125
546.6677856445312
526.4730834960938
507.34576416015625
489.3375244140625
