1500.0
1500.0
1500.0
1500.0
1500.01806640625
1500.0
1500.0
1500.0
1500.0
1500.0
1500.0
1500.0
1499.99853515625
1500.0
1500.0
1500.0
1475.245361328125
1442.855712890625
1417.047607421875
1395.60888671875
1374.974853515625
1355.908203125
1338.8470458984375
1322.62158203125
1306.8665771484375
1290.494384765625
1273.53173828125
1254.8228759765625
1236.046142578125
1216.2451171875
1197.5841064453125
1179.6270751953125
100.00059509277344
100.0
100.0
100.0
100.0
100.0
1500.0
1257.4595947265625
1137.7034912109375
1100.2926025390625
1080.4061279296875
1063.896240234375
1046.4237060546875
1027.4012451171875
1004.86669921875
979.2137451171875
951.7481689453125
924.0069580078125
896.0743408203125
868.6224975585938
841.9840087890625
818.7817993164062
797.1451416015625
775.5751342773438
753.753173828125
730.9677124023438
707.3355712890625
683.9812622070312
669.4158935546875
655.2035522460938
641.5076904296875
629.3209838867188
617.4595947265625
605.8317260742188
594.39599609375
583.2174072265625
572.2938232421875
561.5425415039062
550.9808959960938
540.6463623046875
530.5202026367188
520.4942016601562
510.38916015625
500.0621337890625
489.4727478027344
478.66876220703125
467.7300720214844
456.769775390625
445.9371643066406
435.36810302734375
425.0934143066406
415.13299560546875
405.4472351074219
396.0142822265625
386.7754821777344
377.7229919433594
368.8134765625
360.0307922363281
351.42724609375
342.94976806640625
