1500.0
1448.4683837890625
1038.4410400390625
949.6144409179688
911.3582763671875
878.96484375
849.9862670898438
818.8722534179688
792.1881103515625
771.671630859375
752.4307861328125
733.0873413085938
713.1905517578125
694.9578247070312
678.4366455078125
660.8629150390625
641.47509765625
622.179931640625
603.3204956054688
584.2703857421875
565.7164916992188
550.0352783203125
536.7149658203125
524.407958984375
511.66265869140625
497.8711242675781
482.66070556640625
466.4056091308594
448.63470458984375
429.73565673828125
411.814697265625
395.2554626464844
100.0
100.0
100.0
100.0
100.0
100.0
614.8426513671875
473.025390625
405.1776428222656
369.78802490234375
354.0648193359375
341.9291076660156
331.7690734863281
322.4581298828125
313.4107360839844
304.3206481933594
295.21063232421875
287.2038879394531
279.1577453613281
271.0982666015625
262.978515625
254.9488525390625
247.0760955810547
239.4405517578125
231.94100952148438
224.54403686523438
217.282470703125
210.18441772460938
203.29635620117188
196.6536102294922
190.2498016357422
184.2067108154297
178.4898681640625
172.95448303222656
167.6349334716797
162.5355224609375
157.69122314453125
153.09507751464844
148.7388153076172
144.573974609375
140.57615661621094
136.74578857421875
133.071533203125
129.56553649902344
126.22001647949219
123.00792694091797
119.9346694946289
116.99854278564453
114.20362854003906
111.5428237915039
109.01325225830078
106.60494232177734
104.3357925415039
102.18761444091797
100.1221923828125
98.139892578125
96.24024963378906
94.41813659667969
92.6743392944336
91.00276947021484
89.39366912841797
