1499.9993896484375
1500.0
1500.0
1500.0
1500.0
1500.0
1500.0
1500.0
1500.0
1500.0
1500.0
1500.0
1500.0
1500.0
1500.0
1500.0
1500.0
1500.0
1500.0
1500.0
1500.0
1500.0
1500.0
1500.0
1500.0
1500.0
1500.0
1500.0
1500.0
1500.0
1500.0
1500.0
100.0
100.0
100.0
100.0
100.0
100.0
1500.0
1500.0
1500.000244140625
1500.0
1500.0
1500.0
1500.0
1500.0
1500.0
1500.0
1500.0
1451.934326171875
1387.32958984375
1324.866943359375
1264.1683349609375
1205.04931640625
1147.5640869140625
1091.9178466796875
1038.307861328125
987.0203857421875
938.4744873046875
892.630126953125
849.2601928710938
808.0150756835938
768.7681274414062
731.282470703125
695.6524658203125
661.6656494140625
629.1932983398438
598.6921997070312
570.221435546875
543.4754638671875
517.732177734375
494.0269470214844
471.8135070800781
450.9831237792969
431.44110107421875
413.0626220703125
395.830322265625
379.69580078125
364.40362548828125
350.2014465332031
336.991943359375
324.6474304199219
313.1115417480469
302.3308410644531
292.2444763183594
282.8258972167969
274.0323181152344
265.8258361816406
258.1576843261719
251.0033416748047
244.33184814453125
238.11257934570312
232.31959533691406
