1499.9874267578125
1500.0
1500.0
1500.0
1500.0
1500.0
1500.00048828125
1500.0
1500.0
1500.0
1500.0
1500.0
1500.0
1500.0
1500.0
1500.0
1500.0
1500.0
1500.0
1499.9998779296875
1500.0
1500.0
1500.0
1500.0
1500.0
1500.0
1500.0
1500.0
1500.0
1500.0
1500.0
1500.0
99.9999771118164
100.0
100.0
100.0
100.0
100.0
1500.0
1500.0
1500.0
1500.0
1500.0
1500.0
1500.0
1500.0
1500.0
1500.0
1500.0
1500.0
1500.0
1500.0
1500.0
1500.0
1500.0
1500.0
1499.9990234375
1499.9984130859375
1499.9898681640625
1499.999755859375
1500.0
1499.9998779296875
1500.0
1499.9996337890625
1499.9979248046875
1499.99951171875
1499.9991455078125
1484.333984375
1389.3331298828125
1356.5576171875
1308.59521484375
1263.57470703125
1222.7889404296875
1185.3487548828125
1146.9736328125
1106.6099853515625
1065.1103515625
1023.3361206054688
980.62451171875
935.7200317382812
889.3345947265625
850.87158203125
820.0465698242188
788.6371459960938
756.8292236328125
724.6812133789062
692.5498657226562
660.6055297851562
634.103759765625
613.0506591796875
593.2927856445312
574.1484375
555.0113525390625
