1500.0
1500.0
1500.0
1500.0
1500.0
1500.0
1500.0
1500.0
1500.0
1500.0
1500.0
1500.0
1500.0
1500.0
1500.0
1500.0
1500.0
1500.0
1500.0
1500.0
1500.0
1500.0
1500.0
1500.0
1500.0
1500.0
1500.0
1500.0
1500.0
1500.0
1500.0
1500.0
100.0
100.0
100.0
100.0
100.0
100.0
1500.0
1500.0
1500.0
1500.0
1500.0
1500.0
1500.0
1500.0
1500.0
1500.0
1500.0
1500.0
1500.0
1500.0
1500.0
1500.0
1500.0
1500.0
1500.0
1500.0
1500.0
1500.0
1500.0
1500.0
1500.0
1500.0
1437.8280029296875
1380.170654296875
1325.6416015625
1273.4244384765625
1223.24072265625
1174.994384765625
1128.5399169921875
1083.798583984375
1040.7744140625
999.3527221679688
959.4039306640625
921.1085815429688
884.3648071289062
849.1104736328125
815.1912841796875
782.573974609375
751.223876953125
721.1407470703125
692.2881469726562
664.6486206054688
638.19384765625
612.7967529296875
588.4718017578125
565.2448120117188
543.0496826171875
521.8053588867188
501.4344787597656
481.77850341796875
