1500.0
1500.0
1500.0
1500.0
1500.0
1500.0
1500.0
1500.0
1500.0
1500.0
1500.0
1500.0
1500.0
1500.0
1500.0
1500.0
1500.0
1500.0
1500.0
1500.0
1500.0
1500.0
1500.0
1500.0
1500.0
1500.0
1500.0
1500.0
1500.0
1500.0
1500.0
1500.0
100.0
100.0
100.0
100.0
100.0
100.0
1497.2867431640625
1500.0
1500.0
1500.0
1500.0
1500.0
1500.0
1500.0
1500.0
1500.0
1500.0
1500.0
1500.0
1500.0
1500.0
1500.0
1462.0924072265625
1397.1971435546875
1331.316650390625
1266.88623046875
1203.9647216796875
1140.5888671875
1080.8763427734375
1022.7514038085938
965.60595703125
908.0823364257812
854.8330078125
803.0596313476562
750.4237060546875
696.44287109375
656.2770385742188
616.50439453125
575.7550048828125
534.815673828125
495.87677001953125
458.51190185546875
424.3634338378906
393.85858154296875
366.9488830566406
341.95703125
317.9822998046875
294.53265380859375
271.51458740234375
249.3782958984375
238.99563598632812
229.65843200683594
220.28213500976562
210.80929565429688
201.35633850097656
192.19570922851562
182.92723083496094
173.3311004638672
164.4663543701172
156.90679931640625
