2062.33447265625
2023.3184814453125
2016.1121826171875
2062.169677734375
2052.422607421875
2038.349609375
2033.687255859375
2030.72216796875
2038.8505859375
2057.05029296875
2066.87744140625
2069.87353515625
2074.203369140625
2080.90283203125
2097.667724609375
2121.286865234375
2142.8310546875
2164.270751953125
2185.96875
2215.273193359375
2253.35595703125
2298.6298828125
2357.18310546875
2427.03955078125
2509.122802734375
2599.860107421875
2695.728271484375
2801.89404296875
2924.3544921875
3064.07666015625
3220.876708984375
3388.8291015625
118.15480041503906
121.25239562988281
122.67057800292969
123.13675689697266
123.1372299194336
122.95013427734375
2568.265869140625
2985.866455078125
3275.714111328125
3561.859619140625
3864.246337890625
4189.4326171875
4536.36474609375
4893.75146484375
5263.91748046875
5509.87646484375
5411.41845703125
5308.7353515625
5213.84375
5116.71142578125
5008.88330078125
4891.41357421875
4765.68408203125
4635.71923828125
4502.27978515625
4383.35888671875
4259.32568359375
4126.482421875
3995.415771484375
3871.251708984375
3748.7451171875
3617.20947265625
3485.83056640625
3360.154052734375
3236.3525390625
3110.717041015625
2984.7568359375
2856.18408203125
2732.431884765625
2615.14990234375
2502.775146484375
2398.340576171875
2308.789306640625
2226.6044921875
2149.67431640625
2078.068115234375
2009.05908203125
1935.5020751953125
1845.3804931640625
1741.48388671875
1626.9578857421875
1505.34130859375
1383.9659423828125
1307.015869140625
1251.4114990234375
1204.3367919921875
1159.2052001953125
1124.070556640625
1102.70263671875
1080.561767578125
