6.905517101287842
7.81985330581665
9.856382369995117
12.261674880981445
14.342493057250977
14.435820579528809
14.68095874786377
15.294958114624023
15.09422779083252
14.818328857421875
14.834301948547363
15.177905082702637
15.717658042907715
16.3504638671875
17.129329681396484
17.957962036132812
18.66326904296875
19.146928787231445
19.40778923034668
19.473960876464844
19.643138885498047
19.98729133605957
20.504913330078125
21.174711227416992
21.996212005615234
23.008750915527344
24.19057273864746
25.588098526000977
27.28728485107422
29.38225555419922
32.039703369140625
35.42999267578125
0.6840963959693909
0.4970274865627289
0.42817071080207825
0.4239824712276459
0.42917221784591675
0.4378494322299957
10.51134204864502
17.20787811279297
39.996761322021484
66.34737396240234
76.17117309570312
82.10575866699219
86.89859008789062
92.51968383789062
99.96583557128906
109.76812744140625
120.99171447753906
133.18089294433594
145.64010620117188
158.65826416015625
171.68589782714844
184.89329528808594
198.62432861328125
212.84512329101562
227.64370727539062
242.9553985595703
258.5995178222656
274.4623718261719
290.6040344238281
307.1999206542969
322.1646423339844
329.1939392089844
337.7923583984375
346.1538391113281
353.9814758300781
361.2867126464844
368.1115417480469
374.0550231933594
379.1473083496094
383.65191650390625
387.6748046875
391.1641845703125
394.2511291503906
397.19091796875
399.6581115722656
401.7983093261719
403.6709899902344
404.93829345703125
405.5965881347656
406.0711364746094
406.3529052734375
406.4435119628906
406.3599548339844
406.12677001953125
405.7828369140625
405.3267822265625
404.7760314941406
404.1655578613281
403.5527038574219
402.9148864746094
