8.880404472351074
13.617046356201172
11.642367362976074
9.522282600402832
8.507635116577148
8.032733917236328
7.807199001312256
7.666186332702637
7.5731987953186035
7.472960948944092
7.387466907501221
7.31898832321167
7.27133321762085
7.2404022216796875
7.2260565757751465
7.173783779144287
7.116713047027588
7.071405410766602
7.042649269104004
7.015603065490723
7.013649940490723
7.049140930175781
7.1252007484436035
7.2420220375061035
7.39270544052124
7.576471328735352
7.798472881317139
8.065978050231934
8.390597343444824
8.783516883850098
9.254303932189941
9.804274559020996
0.8019798994064331
0.7124963998794556
0.7204920053482056
0.7300707697868347
0.7443116307258606
0.7687759399414062
14.885848999023438
15.311433792114258
15.533774375915527
16.19744873046875
17.068483352661133
18.1356143951416
19.327856063842773
20.63180923461914
22.024953842163086
23.48166847229004
24.97524070739746
26.484506607055664
28.10304069519043
29.65657615661621
31.154117584228516
32.56911087036133
33.89080047607422
35.11350631713867
36.241580963134766
37.28627395629883
38.25981521606445
39.173336029052734
40.03510665893555
40.84294128417969
41.59629440307617
42.30335998535156
42.97578430175781
43.62052917480469
44.25328063964844
44.853397369384766
45.40744400024414
45.994667053222656
46.54876708984375
47.045127868652344
47.49918746948242
47.892215728759766
48.190616607666016
48.43287658691406
48.62625503540039
48.76893997192383
48.863685607910156
48.91432571411133
48.92817687988281
48.913116455078125
48.876644134521484
48.82832336425781
48.77354049682617
48.713714599609375
48.65160369873047
48.59613037109375
48.54682922363281
48.50388717651367
48.46580123901367
48.42996597290039
