0.09243051707744598
0.1044052243232727
0.12029481679201126
0.13169361650943756
0.13954885303974152
0.14296524226665497
0.14507848024368286
0.1462680846452713
0.14693193137645721
0.14746786653995514
0.14801274240016937
0.14851070940494537
0.1490439474582672
0.14959503710269928
0.15014854073524475
0.1507280468940735
0.15129774808883667
0.15184594690799713
0.15237106382846832
0.1528913527727127
0.15339875221252441
0.15389281511306763
0.15439127385616302
0.15488301217556
0.15538789331912994
0.15590493381023407
0.15660779178142548
0.15758083760738373
0.15873318910598755
0.16007578372955322
0.16156001389026642
0.1637556552886963
0.022812237963080406
0.014146083034574986
0.01049593836069107
0.00890173390507698
0.008463731966912746
0.008371924981474876
0.12800034880638123
0.14268532395362854
0.15476001799106598
0.16586287319660187
0.1746886670589447
0.18161939084529877
0.18741947412490845
0.19270990788936615
0.19788013398647308
0.2030484676361084
0.20835797488689423
0.21377331018447876
0.21934495866298676
0.2251964658498764
0.23141932487487793
0.2381094992160797
0.2459227591753006
0.2566394805908203
0.26745980978012085
0.27850088477134705
0.2897642254829407
0.3033871352672577
0.3182104825973511
0.33342471718788147
0.35294437408447266
0.3548294007778168
0.36328116059303284
0.37676379084587097
0.3941066265106201
0.41214847564697266
0.4279192388057709
0.44350072741508484
3.6403415203094482
7.49019193649292
9.953763961791992
11.666326522827148
12.917704582214355
13.770513534545898
14.376642227172852
14.854068756103516
15.238680839538574
15.560925483703613
15.836134910583496
16.072355270385742
16.299880981445312
16.552186965942383
16.828876495361328
17.101716995239258
17.36122703552246
17.65951919555664
17.999794006347656
18.37012481689453
18.711904525756836
19.027366638183594
