0.006540097761899233
0.007013231981545687
0.00768415629863739
0.008270280435681343
0.008706990629434586
0.00910815317183733
0.009483516216278076
0.009678433649241924
0.009848849847912788
0.009941834025084972
0.010001106187701225
0.010082450695335865
0.010171563364565372
0.01024067122489214
0.010288503021001816
0.01034346129745245
0.010399132035672665
0.010457254946231842
0.010524782352149487
0.01060293149203062
0.01068656425923109
0.0107737360522151
0.010872479528188705
0.01099091675132513
0.011130617000162601
0.01128609012812376
0.011452734470367432
0.01162714697420597
0.011807752773165703
0.011993850581347942
0.012183288112282753
0.01237393356859684
0.0007617317023687065
0.0006520128226839006
0.0006382419960573316
0.0006389482296071947
0.0006450878572650254
0.0006532988045364618
0.011982817202806473
0.012645211070775986
0.012844955548644066
0.012968471273779869
0.013117076829075813
0.01329478807747364
0.013491980731487274
0.013709678314626217
0.013944271951913834
0.01419571228325367
0.014464396983385086
0.014745017513632774
0.015041290782392025
0.015353415161371231
0.015681447461247444
0.016025105491280556
0.01639094017446041
0.01677563041448593
0.017175300046801567
0.017590085044503212
0.0179893858730793
0.018365420401096344
0.01876113936305046
0.019169390201568604
0.019578369334340096
0.019958626478910446
0.020326126366853714
0.02069462276995182
0.02106585167348385
0.02144709601998329
0.021830517798662186
0.02220565266907215
0.022572215646505356
0.02293161302804947
0.02328752540051937
0.02364099584519863
0.023997610434889793
0.024355748668313026
0.02471480332314968
0.025072213262319565
0.025427239015698433
0.025778725743293762
0.026128098368644714
0.026477497071027756
0.026826323941349983
0.027173131704330444
0.027530470862984657
0.027880834415555
0.028233911842107773
0.02857794053852558
0.02891329489648342
0.029238386079669
0.029555777087807655
0.029860343784093857
