0.48015740513801575
0.5104818940162659
0.6402158737182617
0.9080186486244202
1.0136302709579468
1.0250556468963623
1.0283005237579346
1.0327075719833374
1.0395219326019287
1.046657681465149
1.0553830862045288
1.0654349327087402
1.0770394802093506
1.0904392004013062
1.1093134880065918
1.1217869520187378
1.133772850036621
1.1460106372833252
1.1590553522109985
1.1725236177444458
1.186211109161377
1.200241208076477
1.2140971422195435
1.228980302810669
1.2478700876235962
1.2718018293380737
1.2984590530395508
1.3265074491500854
1.3572643995285034
1.3922510147094727
1.4321485757827759
1.4790253639221191
0.03275332227349281
0.03236841410398483
0.03233254700899124
0.033019933849573135
0.03412593528628349
0.03407130390405655
0.5517439842224121
0.9511487483978271
1.3305659294128418
1.6187913417816162
1.8659673929214478
2.0347325801849365
1.999499797821045
1.9659392833709717
1.9600777626037598
1.9750179052352905
2.0099942684173584
2.0602097511291504
2.118858814239502
2.1442275047302246
8.560262680053711
15.618825912475586
20.21413230895996
23.652727127075195
26.711795806884766
30.665847778320312
34.86373519897461
39.01703643798828
42.99946975708008
46.75924301147461
50.3048210144043
53.67458724975586
56.874855041503906
60.3365592956543
63.71453094482422
66.89562225341797
69.95275115966797
72.89865112304688
75.7204360961914
78.42353820800781
80.99597930908203
83.41178894042969
85.63319396972656
87.72113800048828
89.65171813964844
91.45059967041016
93.08514404296875
94.6292495727539
96.4041748046875
98.04367065429688
99.48363494873047
100.75215148925781
101.86837768554688
102.85104370117188
103.71281433105469
104.45784759521484
105.08736419677734
105.60372161865234
106.01898956298828
106.34078979492188
