0.021661637350916862
0.026649929583072662
0.02947831153869629
0.030505213886499405
0.030811939388513565
0.03084891475737095
0.030817082151770592
0.030818307772278786
0.030859824270009995
0.030928129330277443
0.03107716701924801
0.03126051649451256
0.03149814531207085
0.03177376091480255
0.03202641010284424
0.03223608434200287
0.03241688385605812
0.032601047307252884
0.03281295672059059
0.033064134418964386
0.03333964943885803
0.03362633287906647
0.03391386196017265
0.03422478586435318
0.03458536043763161
0.03500775620341301
0.035502590239048004
0.0360691212117672
0.036702677607536316
0.03739360347390175
0.038128871470689774
0.03888460621237755
0.0018993946723639965
0.0014007051941007376
0.0013934776652604342
0.001396320411004126
0.0013970616273581982
0.0013971918961033225
0.031523626297712326
0.03712191432714462
0.03982575982809067
0.041219841688871384
0.0419742688536644
0.041298966854810715
0.04082074388861656
0.0404101200401783
0.040006425231695175
0.03959424048662186
0.039168838411569595
0.03873293101787567
0.03822939470410347
0.03764517605304718
0.03706706315279007
0.036485977470874786
0.03589889779686928
0.035303376615047455
0.03470202907919884
0.034122686833143234
0.03355015441775322
0.03294691815972328
0.03233100101351738
0.03171524032950401
0.031108221039175987
0.03048841282725334
0.02985570952296257
0.029217010363936424
0.02857040800154209
0.02791750803589821
0.027260854840278625
0.026604538783431053
0.02595217525959015
0.02530580759048462
0.02466828003525734
0.024039097130298615
0.023418037220835686
0.0228057149797678
0.02220042608678341
0.021602144464850426
0.021018177270889282
0.020457914099097252
0.01990562118589878
0.01935955323278904
0.018823256716132164
0.018298806622624397
0.017786780372262
0.017290275543928146
0.01682310923933983
0.01638137176632881
0.015959303826093674
0.015552429482340813
0.015155180357396603
0.014768456108868122
