0.097672238945961
0.10983587056398392
0.11783526092767715
0.12238246947526932
0.1326785534620285
0.1385166198015213
0.1415570229291916
0.14371176064014435
0.14513148367404938
0.14616847038269043
0.14701944589614868
0.14781546592712402
0.1484396606683731
0.14945051074028015
0.15055815875530243
0.151633158326149
0.1528370976448059
0.1541091501712799
0.15556392073631287
0.15711210668087006
0.15951015055179596
0.16313128173351288
0.16721270978450775
0.17176783084869385
0.17663529515266418
0.18174581229686737
0.187028706073761
0.1925637125968933
0.19856631755828857
0.20544853806495667
0.21308207511901855
0.2214733362197876
0.23074497282505035
0.025774866342544556
0.01811511628329754
0.014682005159556866
0.012713159434497356
0.011679720133543015
0.011140363290905952
0.16968242824077606
0.20204482972621918
0.2247440218925476
0.23655351996421814
0.2780967652797699
0.3393622934818268
0.4192766547203064
0.4683492183685303
0.5111086368560791
0.5232221484184265
5.103133201599121
10.894609451293945
14.578461647033691
16.97027587890625
18.5273494720459
19.60352897644043
20.375694274902344
21.01950454711914
21.298479080200195
21.534381866455078
21.931289672851562
22.157840728759766
22.300331115722656
22.401020050048828
22.468965530395508
22.45368003845215
22.409006118774414
22.377620697021484
22.395299911499023
22.519378662109375
22.693382263183594
34.03776168823242
52.10657501220703
58.428104400634766
61.099761962890625
62.45421600341797
63.24638748168945
63.79060363769531
64.20954132080078
64.54722595214844
64.8376693725586
65.08904266357422
65.24653625488281
65.40454864501953
65.77886962890625
66.37704467773438
66.93251037597656
67.3984603881836
67.75845336914062
68.04877471923828
68.26311492919922
68.40193939208984
68.47559356689453
68.50611114501953
68.49655151367188
68.4625473022461
68.52837371826172
