0.008009313605725765
0.008911495096981525
0.010214114561676979
0.011347722262144089
0.011484728194773197
0.011570241302251816
0.011652828194200993
0.01174569595605135
0.011814218945801258
0.011876876465976238
0.011957893148064613
0.01204747799783945
0.012122671119868755
0.01219206489622593
0.01227258238941431
0.012362712062895298
0.012451021932065487
0.012549785897135735
0.01267369743436575
0.012834575027227402
0.013028658926486969
0.013244401663541794
0.013472838327288628
0.013713710941374302
0.013967964798212051
0.014238793402910233
0.014523535035550594
0.01481288205832243
0.0150712039321661
0.015347868204116821
0.015636371448636055
0.015937956050038338
0.0009051785455085337
0.0008957432582974434
0.0008962178835645318
0.0008983865263871849
0.000900528859347105
0.0009025804465636611
0.015885455533862114
0.016420049592852592
0.016747448593378067
0.017050471156835556
0.01737487129867077
0.01772577129304409
0.018104564398527145
0.018513914197683334
0.018954839557409286
0.019437501206994057
0.019960151985287666
0.02052231691777706
0.021118490025401115
0.021661972627043724
0.02213456481695175
0.02261720784008503
0.023115159943699837
0.023625632748007774
0.02415279671549797
0.024688389152288437
0.025225384160876274
0.02576087974011898
0.026297330856323242
0.026825029402971268
0.02734466642141342
0.027858193963766098
0.02836769074201584
0.028874853625893593
0.029371369630098343
0.02985564060509205
0.030327167361974716
0.03078579530119896
0.03123241476714611
0.031667325645685196
0.032114528119564056
0.03254644200205803
0.03296937420964241
0.03339320048689842
0.03378631919622421
0.03416663035750389
0.034533362835645676
0.034889452159404755
0.03523069992661476
0.034750133752822876
0.0337500274181366
0.03281134366989136
0.03190814331173897
0.031031891703605652
0.030181365087628365
0.029355579987168312
0.028553424403071404
0.027773629873991013
0.027015095576643944
0.02627796120941639
