0.00799842644482851
0.008691603317856789
0.008284168317914009
0.00796463806182146
0.007787907496094704
0.0076645733788609505
0.0075742099434137344
0.0075078364461660385
0.0074493070133030415
0.007393197156488895
0.007340519689023495
0.00728754885494709
0.007234516553580761
0.007184527348726988
0.007136063184589148
0.007088258396834135
0.007040774915367365
0.006993948947638273
0.006951389834284782
0.006912624929100275
0.006875337101519108
0.0068389661610126495
0.00680239824578166
0.006764287129044533
0.006724285893142223
0.006682329345494509
0.0066368794068694115
0.006587602663785219
0.006536352448165417
0.006483877077698708
0.006429135333746672
0.006371638271957636
0.0008476913208141923
0.0008058969397097826
0.000813324935734272
0.0008309488766826689
0.0008506186422891915
0.000868508592247963
0.0064912340603768826
0.006354071665555239
0.006198688875883818
0.0060906242579221725
0.006002424750477076
0.005921566393226385
0.005837298464030027
0.005749872419983149
0.005657454952597618
0.005563471931964159
0.005465501453727484
0.005364571698009968
0.005261115729808807
0.005154390819370747
0.005044460762292147
0.0049318172968924046
0.004817216191440821
0.004701490048319101
0.004585131071507931
0.004468435421586037
0.0043516200967133045
0.00423476193100214
0.004118491895496845
0.00400274433195591
0.0038879327476024628
0.003774509532377124
0.003662893082946539
0.003553567221388221
0.003446871880441904
0.0033428987953811884
0.0032416849862784147
0.003143118927255273
0.0030471154022961855
0.0029535924550145864
0.0028624823316931725
0.002773782005533576
0.0026876102201640606
0.0026037341449409723
0.0025222410913556814
0.0024433028884232044
0.002404573140665889
0.002366458997130394
0.002292955992743373
0.002222243696451187
0.0021541807800531387
0.0020886354614049196
0.00202581868506968
0.001965456875041127
0.0019072756404057145
0.0018511399393901229
0.001796972705051303
0.0017447244608774781
0.00169430673122406
0.0016456469893455505
0.0015986706130206585
