0.11861931532621384
0.1345912516117096
0.14727462828159332
0.14939838647842407
0.15035653114318848
0.15194928646087646
0.15417729318141937
0.15684090554714203
0.15944713354110718
0.1620052605867386
0.16589021682739258
0.17058193683624268
0.17638811469078064
0.1835058033466339
0.19187518954277039
0.20184308290481567
0.21826471388339996
0.24167385697364807
0.2709355652332306
0.259707510471344
0.24663183093070984
0.23319049179553986
0.21944192051887512
0.20492611825466156
0.1904546469449997
0.1767013520002365
0.16352535784244537
0.15088175237178802
0.13917098939418793
0.13517805933952332
0.13147033751010895
0.12474582344293594
0.11867406219244003
0.11314364522695541
0.108070507645607
0.03446578606963158
0.03165772184729576
0.030090738087892532
0.028944624587893486
0.028003590181469917
0.02720312401652336
0.1254274994134903
0.11754986643791199
0.11315416544675827
0.10448740422725677
0.09788382798433304
0.092432402074337
0.08775269240140915
0.08364483714103699
0.07998833060264587
0.07669781148433685
0.07370957732200623
0.0709737241268158
0.0684514120221138
0.06611130386590958
0.06392788141965866
0.061881326138973236
0.05995579808950424
0.05813940614461899
0.056426022201776505
0.054808005690574646
0.053278885781764984
0.05183280259370804
0.050465937703847885
0.04917169362306595
0.04794260859489441
0.04677243158221245
0.04565533623099327
0.04458633065223694
0.04355990141630173
0.0425720140337944
0.04161982983350754
0.04070032760500908
0.03981136903166771
0.038952749222517014
0.03812316805124283
0.037321072071790695
0.03654501214623451
0.03579363599419594
0.035064101219177246
0.03435422480106354
0.03366190195083618
0.032985568046569824
0.03232332319021225
0.03167399391531944
0.03103594295680523
0.030408266931772232
0.029792821034789085
0.029189016669988632
0.02859746478497982
0.028016652911901474
0.027447042986750603
0.026891866698861122
0.026348046958446503
0.02581445313990116
0.025289764627814293
