0.04346248880028725
0.050284214317798615
0.05639432370662689
0.057866476476192474
0.058726780116558075
0.05941035598516464
0.05981557443737984
0.06008385121822357
0.06031050533056259
0.06055911257863045
0.06079715117812157
0.06111891195178032
0.06147812306880951
0.061820000410079956
0.062177807092666626
0.06258512288331985
0.0631028562784195
0.06384144723415375
0.06480157375335693
0.0659681037068367
0.06732561439275742
0.0688486099243164
0.0705266147851944
0.07228904217481613
0.07412087172269821
0.07601775974035263
0.07795625180006027
0.07993774861097336
0.08198844641447067
0.08414740860462189
0.08637259900569916
0.08869316428899765
0.003795976284891367
0.0032683992758393288
0.0031280540861189365
0.0030993465334177017
0.0031143962405622005
0.00314896646887064
0.07335659116506577
0.08029881864786148
0.08408218622207642
0.08833450078964233
0.09207528084516525
0.09517182409763336
0.0967371016740799
0.09807123988866806
0.10081924498081207
0.10523967444896698
0.10990428179502487
0.11503583192825317
0.1174970492720604
0.11180594563484192
0.1069650873541832
0.10239901393651962
0.09818701446056366
0.09423910081386566
0.09041858464479446
0.08632134646177292
0.08226395398378372
0.07878805696964264
0.07554001361131668
0.07239409536123276
0.06929461658000946
0.06625031679868698
0.06330554932355881
0.06021096557378769
0.05742018297314644
0.05488746240735054
0.052446477115154266
0.050021182745695114
0.04762096330523491
0.04526860639452934
0.043102167546749115
0.040963027626276016
0.038819003850221634
0.03683006390929222
0.03569858893752098
0.035344839096069336
0.035487741231918335
0.03600436449050903
0.036901429295539856
0.038645654916763306
0.04828078672289848
0.059067413210868835
0.07098181545734406
0.08407413214445114
0.09840042889118195
0.11408038437366486
0.1313980370759964
0.15073978900909424
0.16856831312179565
0.1873394101858139
0.2592552602291107
0.3732212483882904
