0.008670663461089134
0.008523152209818363
0.008115030825138092
0.007796925492584705
0.00760060828179121
0.007473674137145281
0.007377259898930788
0.007295805029571056
0.007220343686640263
0.007148645352572203
0.0070814876817166805
0.007017664611339569
0.006956116762012243
0.006898695137351751
0.006844636052846909
0.0067967516370117664
0.0067526549100875854
0.0067095342092216015
0.0066643450409173965
0.006614531856030226
0.006557888351380825
0.006498581729829311
0.006436803378164768
0.0063710869289934635
0.006300657521933317
0.006228697020560503
0.006152710877358913
0.006069942843168974
0.005980201065540314
0.00588570348918438
0.005779249127954245
0.005663702730089426
0.0011662171455100179
0.0011556370882317424
0.0011718680616468191
0.0011913779890164733
0.0012104376219213009
0.0012276327470317483
0.005563769489526749
0.005394811276346445
0.005242465995252132
0.005115882959216833
0.005055742338299751
0.004995936527848244
0.004874904174357653
0.004752179142087698
0.004627462476491928
0.004501838702708483
0.004377057310193777
0.004252374637871981
0.004127683583647013
0.004003137815743685
0.0038789024110883474
0.0037555797025561333
0.0036337189376354218
0.003514289390295744
0.0033977499697357416
0.0032844324596226215
0.0031746632885187864
0.0030688035767525434
0.002967234468087554
0.0028698756359517574
0.0027768693398684263
0.0026885024271905422
0.002604688284918666
0.0025243780110031366
0.0024475243408232927
0.002373944967985153
0.0023034289479255676
0.0022357855923473835
0.0021708908025175333
0.0021086318884044886
0.0020488444715738297
0.0019913550931960344
0.001936146873049438
0.0018829988548532128
0.0018317963695153594
0.001782311126589775
0.001734563964419067
0.001688530552200973
0.0016441290499642491
0.0016012702835723758
0.0015598429599776864
0.0015197459142655134
0.0014808913692831993
0.0014433382311835885
0.0014070634497329593
0.0013720374554395676
0.0013383736368268728
0.0013059109915047884
0.0012745921267196536
0.001244325190782547
0.001215031836181879
