0.0957782045006752
0.11250843107700348
0.12818364799022675
0.1357998549938202
0.13953199982643127
0.14136053621768951
0.1428949534893036
0.1441992223262787
0.14515095949172974
0.14609533548355103
0.1469656378030777
0.14784210920333862
0.14872635900974274
0.14962734282016754
0.15061654150485992
0.15177911520004272
0.1529509723186493
0.154344379901886
0.15592071413993835
0.15850922465324402
0.1620248407125473
0.1658865511417389
0.1700965017080307
0.17483407258987427
0.17998214066028595
0.1854681372642517
0.19148457050323486
0.19840963184833527
0.20641764998435974
0.215266615152359
0.22463740408420563
0.23511888086795807
0.02585337683558464
0.015493500046432018
0.012715830467641354
0.011507783085107803
0.010959992185235023
0.010622537694871426
0.17188353836536407
0.1916906088590622
0.20651599764823914
0.2305934578180313
0.2612970173358917
0.296088308095932
0.3189889192581177
0.3498647212982178
0.3974963426589966
0.43588387966156006
0.4756389260292053
3.139305353164673
5.091316223144531
6.040206432342529
6.736583232879639
7.287989139556885
7.710162162780762
8.071878433227539
8.704488754272461
9.606653213500977
10.220308303833008
10.515305519104004
11.267202377319336
11.599024772644043
11.903371810913086
12.448356628417969
12.902613639831543
13.287575721740723
13.625579833984375
14.107876777648926
14.561789512634277
14.974824905395508
15.37747573852539
15.78232192993164
16.164669036865234
16.532238006591797
27.325654983520508
40.473045349121094
47.46810531616211
51.02819061279297
53.039913177490234
54.318336486816406
55.381813049316406
56.357704162597656
57.20866012573242
58.09950256347656
59.177425384521484
59.98748779296875
60.5590705871582
60.96335220336914
61.24113464355469
61.44011306762695
61.60191345214844
61.719730377197266
61.791080474853516
61.828861236572266
61.8480110168457
61.85940933227539
