0.02212500013411045
0.025193162262439728
0.029499685391783714
0.0306975319981575
0.031352926045656204
0.03151984140276909
0.03158704936504364
0.03170401230454445
0.03189356252551079
0.032082829624414444
0.03225259482860565
0.032415952533483505
0.032593511044979095
0.03279256820678711
0.03300433233380318
0.033271849155426025
0.03364909440279007
0.03412884473800659
0.034720610827207565
0.03542628139257431
0.03623976185917854
0.03714899346232414
0.03812483325600624
0.03915006294846535
0.04020824655890465
0.041305989027023315
0.042464617639780045
0.04367286339402199
0.04491593316197395
0.04621662572026253
0.04753578454256058
0.04865679144859314
0.0028737925458699465
0.002577373990789056
0.002515023108571768
0.002515590749680996
0.0025274495128542185
0.002542651491239667
0.04785345494747162
0.05001772567629814
0.05083772540092468
0.051298703998327255
0.05172440782189369
0.05244869738817215
0.052903126925230026
0.053447626531124115
0.05477936193346977
0.05386356636881828
0.052133116871118546
0.05048045516014099
0.048854127526283264
0.04723094403743744
0.04563085734844208
0.044047314673662186
0.04248541221022606
0.04094911366701126
0.03951217234134674
0.038135066628456116
0.03724557161331177
0.03680814802646637
0.035538408905267715
0.03491978719830513
0.03431301191449165
0.03315040469169617
0.032044101506471634
0.030970308929681778
0.029930831864476204
0.028928985819220543
0.027967551723122597
0.027045706287026405
0.026168273761868477
0.0253323744982481
0.024529892951250076
0.02375878393650055
0.023013530299067497
0.022300763055682182
0.02162032015621662
0.020969849079847336
0.020347118377685547
0.019749971106648445
0.01917560026049614
0.018622517585754395
0.018094955012202263
0.017591308802366257
0.017110032960772514
0.016650626435875893
0.016211755573749542
0.0157916359603405
0.015385053120553493
0.014992273412644863
0.014612742699682713
0.014245775528252125
0.0138900987803936
0.013545714318752289
0.013212157413363457
0.012887988239526749
