0.04452570900321007
0.05244676396250725
0.05486232787370682
0.05591873079538345
0.05662677809596062
0.057298772037029266
0.05775197595357895
0.05799051746726036
0.0581485852599144
0.058284543454647064
0.058436643332242966
0.05861726775765419
0.0588008388876915
0.05896821990609169
0.05912408605217934
0.05928928405046463
0.05956437438726425
0.05990862101316452
0.06033290922641754
0.060878951102495193
0.061505064368247986
0.06226092576980591
0.06312938779592514
0.06408527493476868
0.06511107832193375
0.06621106714010239
0.06737922877073288
0.06862135231494904
0.06994516402482986
0.07135071605443954
0.07283762842416763
0.07440512627363205
0.004076850600540638
0.004069759510457516
0.004063611850142479
0.004000529646873474
0.003946349490433931
0.0039032381027936935
0.0038709843065589666
0.0676412433385849
0.06991550326347351
0.07165568321943283
0.07436531782150269
0.07670330256223679
0.07892642170190811
0.08010581135749817
0.0812564268708229
0.0836070254445076
0.08615593612194061
0.08886487782001495
0.0916716456413269
0.09408856183290482
0.09592593461275101
0.09789306670427322
0.09980548918247223
0.10171861201524734
0.104428231716156
0.10712257772684097
0.10972855985164642
0.11233529448509216
0.11492133140563965
0.11746137589216232
0.11516206711530685
0.11038237810134888
0.10593116283416748
0.1018151193857193
0.09802846610546112
0.09618953615427017
0.09431000053882599
0.09059479832649231
0.08692122250795364
0.0833086222410202
0.07984603941440582
0.07662126421928406
0.07357506453990936
0.07054393738508224
0.06749145686626434
0.06437714397907257
0.06165430322289467
0.05907226353883743
0.05651337280869484
0.05399671569466591
0.051743969321250916
0.049578502774238586
0.04734036326408386
0.044983189553022385
0.04270104318857193
0.044218167662620544
0.0607965886592865
0.11940116435289383
0.20231007039546967
0.30383071303367615
0.4427776634693146
0.5774964094161987
6.217279434204102
14.760026931762695
