0.041060615330934525
0.044870972633361816
0.05035702884197235
0.055093392729759216
0.05593445524573326
0.05647538602352142
0.05704260990023613
0.057383064180612564
0.05762498825788498
0.05799512192606926
0.058423545211553574
0.058807842433452606
0.05914255231618881
0.05949869006872177
0.05993499979376793
0.06047499179840088
0.06118572875857353
0.062067337334156036
0.0630912035703659
0.06427939981222153
0.06565345823764801
0.06709946691989899
0.06861495971679688
0.07022078335285187
0.07188944518566132
0.07359037548303604
0.07532691955566406
0.07712334394454956
0.0790209025144577
0.0810428187251091
0.08316061645746231
0.08529642224311829
0.004441272001713514
0.004179936368018389
0.004112238064408302
0.004101600497961044
0.004108299966901541
0.004117446485906839
0.07520653307437897
0.07987837493419647
0.0826483964920044
0.08525559306144714
0.08821022510528564
0.08984095603227615
0.09155260026454926
0.0944543182849884
0.097040094435215
0.09983769804239273
0.104350745677948
0.10976716130971909
0.11548633873462677
0.12050873786211014
0.1252175122499466
0.13055607676506042
0.13580210506916046
0.14027410745620728
0.1444198489189148
0.14893026649951935
0.1452629715204239
0.1352965235710144
0.1271967887878418
0.12044917047023773
0.11448859423398972
0.10885106772184372
0.10390783101320267
0.09969790279865265
0.09585554897785187
0.09220267832279205
0.0886247530579567
0.08519984781742096
0.08195730298757553
0.07888440787792206
0.07613613456487656
0.07362430542707443
0.071234792470932
0.06896034628152847
0.0671842098236084
0.06566211581230164
0.0641898438334465
0.06274794787168503
0.06240294501185417
0.06375642120838165
0.06635605543851852
0.07044228911399841
0.0958598256111145
0.12520799040794373
0.192063570022583
0.31112441420555115
0.4000740349292755
0.4827214479446411
0.5680944323539734
0.6480109691619873
0.7358092665672302
