0.03947603702545166
0.043759774416685104
0.04818778485059738
0.05138077959418297
0.05241677910089493
0.05276375636458397
0.05365729704499245
0.05468630790710449
0.05610450729727745
0.05746622756123543
0.058905985206365585
0.06048549711704254
0.06223063915967941
0.06423865258693695
0.06661716848611832
0.06929139792919159
0.0722849890589714
0.07562536001205444
0.07941038906574249
0.0833655595779419
0.08813102543354034
0.09213712811470032
0.09639276564121246
0.10324152559041977
0.11101546883583069
0.11926775425672531
0.12800990045070648
0.13552840054035187
0.12668626010417938
0.1190003901720047
0.11213181167840958
0.10584080219268799
0.09995599836111069
0.09445782750844955
0.007046355400234461
0.006641451269388199
0.006496397778391838
0.0063918340019881725
0.006292213685810566
0.006208708044141531
0.10914149135351181
0.10135525465011597
0.09850824624300003
0.09607892483472824
0.09062055498361588
0.08721591532230377
0.08077314496040344
0.07530561089515686
0.07057325541973114
0.06642080843448639
0.0627320259809494
0.05941920354962349
0.0564151406288147
0.05366784334182739
0.05113644152879715
0.048791851848363876
0.046612344682216644
0.0445823073387146
0.04268643632531166
0.040909141302108765
0.039237115532159805
0.03766121342778206
0.03617392107844353
0.03476894274353981
0.03344254568219185
0.03219015151262283
0.031006166711449623
0.029884951189160347
0.0288205835968256
0.027808131650090218
0.026843104511499405
0.025923628360033035
0.02504650130867958
0.02420942857861519
0.023410428315401077
0.022646471858024597
0.021915599703788757
0.021215414628386497
0.020543664693832397
0.019898539409041405
0.019276820123195648
0.01867727003991604
0.018098462373018265
0.017540691420435905
0.01700514182448387
0.0164911150932312
0.015996713191270828
0.015519868582487106
0.015058983117341995
0.014612386003136635
0.014179821126163006
0.013761627487838268
0.013358637690544128
0.012967927381396294
0.012590623460710049
0.012225484475493431
0.01187158189713955
