0.024279756471514702
0.026810789480805397
0.030412083491683006
0.03340418264269829
0.03403926268219948
0.034401439130306244
0.03477324917912483
0.035043973475694656
0.03530365601181984
0.03552716225385666
0.035812072455883026
0.036152709275484085
0.03653496876358986
0.0369335301220417
0.03736769035458565
0.037838488817214966
0.038386549800634384
0.03903324156999588
0.03977617993950844
0.04060348868370056
0.04152526706457138
0.042500246316194534
0.04351327195763588
0.04457097873091698
0.04568109288811684
0.04684223234653473
0.04805706441402435
0.04933008924126625
0.050668708980083466
0.05208389461040497
0.05362435430288315
0.05531591922044754
0.0029917049687355757
0.002844776725396514
0.0028018015436828136
0.0027886219322681427
0.0027856933884322643
0.0027862912975251675
0.05153423547744751
0.05576048791408539
0.05782777816057205
0.059388089925050735
0.06084563955664635
0.06223943457007408
0.06361643970012665
0.06501384824514389
0.06649671494960785
0.06810387969017029
0.06985718756914139
0.07171525806188583
0.07363846898078918
0.07568131387233734
0.0755109116435051
0.07201956957578659
0.06887014955282211
0.06585777550935745
0.06288871169090271
0.05992263928055763
0.056958217173814774
0.05402218922972679
0.0511418841779232
0.04867712780833244
0.04649995639920235
0.04452367126941681
0.0427112840116024
0.041036125272512436
0.03947613388299942
0.038015980273485184
0.03664376214146614
0.03534906357526779
0.034122489392757416
0.032956693321466446
0.03184685483574867
0.030787520110607147
0.029773734509944916
0.028801655396819115
0.02786863036453724
0.02697307989001274
0.026115117594599724
0.025293683633208275
0.02450609765946865
0.023751365020871162
0.023027947172522545
0.02233445830643177
0.021669479086995125
0.021031590178608894
0.02041936106979847
0.019831545650959015
0.01926690712571144
0.018724095076322556
0.018202191218733788
0.017699966207146645
