0.04053650423884392
0.04401746764779091
0.04928593337535858
0.05472581088542938
0.0558592788875103
0.056200798600912094
0.056914836168289185
0.057411078363657
0.057688359171152115
0.05791217461228371
0.05834072083234787
0.05884213000535965
0.059295859187841415
0.059692587703466415
0.06006314978003502
0.060470178723335266
0.06100022792816162
0.061700597405433655
0.06255334615707397
0.06351770460605621
0.06458171457052231
0.06575813889503479
0.06705188751220703
0.06842958927154541
0.06990201026201248
0.07148143649101257
0.07315843552350998
0.07492226362228394
0.07676877081394196
0.07869865000247955
0.080720454454422
0.08285988867282867
0.004460947588086128
0.004182777367532253
0.004097743891179562
0.004076780751347542
0.004077633377164602
0.004085619933903217
0.07604039460420609
0.08154019713401794
0.08414285629987717
0.08589949458837509
0.08764888346195221
0.0896843895316124
0.09208176285028458
0.09420759975910187
0.09649433940649033
0.0991860181093216
0.10316798090934753
0.10851845890283585
0.11385796964168549
0.11960766464471817
0.12562519311904907
0.13185587525367737
0.13808098435401917
0.14423993229866028
0.15047010779380798
0.15693598985671997
0.1636824756860733
0.17067833244800568
0.1779116839170456
0.1854361891746521
0.1775771677494049
0.169199138879776
0.16198578476905823
0.1554318219423294
0.14939425885677338
0.14379827678203583
0.13858376443386078
0.13370366394519806
0.1291208118200302
0.12480219453573227
0.12071981281042099
0.11685149371623993
0.11317331343889236
0.10966270416975021
0.10630226880311966
0.10307750105857849
0.09997612982988358
0.09699397534132004
0.09412957727909088
0.09138137102127075
0.08874587714672089
0.08621858805418015
0.08379562944173813
0.08147331327199936
0.07924560457468033
0.07710829377174377
0.07505876570940018
0.07309280335903168
0.07120572775602341
0.06939291208982468
