0.008013893850147724
0.008685347624123096
0.008281292393803596
0.007962305098772049
0.007785300724208355
0.007661009673029184
0.007570309564471245
0.007504333276301622
0.0074456860311329365
0.007390554994344711
0.007339526899158955
0.007288570981472731
0.007238443940877914
0.007190138101577759
0.007144534960389137
0.007099776528775692
0.00705539807677269
0.00701172836124897
0.006969592999666929
0.006932195741683245
0.006897863000631332
0.006866954267024994
0.006837689783424139
0.006808646488934755
0.00677887536585331
0.006747491657733917
0.00671370979398489
0.006677290890365839
0.00663679139688611
0.00659523531794548
0.006552327889949083
0.0065085203386843204
0.000799525820184499
0.0007536279154010117
0.0007593128248117864
0.0007757056737318635
0.0007940876530483365
0.0008116200915537775
0.006696959957480431
0.006574127823114395
0.006422580219805241
0.006326637696474791
0.006255443673580885
0.006195882800966501
0.006140671670436859
0.006085999310016632
0.006027256138622761
0.005961171817034483
0.005884314887225628
0.005805955734103918
0.005725896451622248
0.005644695833325386
0.005563172046095133
0.005479143932461739
0.005391394719481468
0.005299816839396954
0.005204798188060522
0.00510655390098691
0.0050059533677995205
0.004903861321508884
0.0048013729974627495
0.004698688630014658
0.0045964946039021015
0.004495182074606419
0.004394909366965294
0.0042950063943862915
0.004195666406303644
0.004096924792975187
0.003998597152531147
0.0039011244662106037
0.0038048229180276394
0.0037099295295774937
0.0036168259102851152
0.0035257115960121155
0.0034366948530077934
0.0033499733544886112
0.00326556246727705
0.0031834610272198915
0.0031034976709634066
0.003025573678314686
0.0029495549388229847
0.0028753799851983786
0.002803091425448656
0.002732712309807539
0.002664168830960989
0.002597483340650797
0.0025330872740596533
0.0024706923868507147
0.0024099997244775295
0.002350977621972561
0.002293569967150688
0.0022377672139555216
