0.16531825065612793
0.1873219907283783
0.20396994054317474
0.20651954412460327
0.20792962610721588
0.20902733504772186
0.21002164483070374
0.21098166704177856
0.2120932936668396
0.21294860541820526
0.21367940306663513
0.2142987698316574
0.21520443260669708
0.21665866672992706
0.21819017827510834
0.219744011759758
0.2214234322309494
0.22321951389312744
0.22527167201042175
0.2277265042066574
0.23096933960914612
0.23483522236347198
0.23912930488586426
0.244007870554924
0.24942989647388458
0.25523045659065247
0.261209636926651
0.2674367129802704
0.2745627462863922
0.285480260848999
0.30110958218574524
0.3166923522949219
0.3340359926223755
0.014699909836053848
0.015046854503452778
0.015283549204468727
0.015312978997826576
0.015242796391248703
0.015125887468457222
0.2713015079498291
0.28406858444213867
0.3088598847389221
0.3426004648208618
0.34622883796691895
0.33588770031929016
0.3251588046550751
0.3144679665565491
0.30377113819122314
0.29289835691452026
0.28118187189102173
0.26912403106689453
0.2581789493560791
0.24766261875629425
0.24079382419586182
0.24410900473594666
0.25755369663238525
0.28002965450286865
0.30790045857429504
0.34315821528434753
0.38793766498565674
0.4524681270122528
0.5192300081253052
0.5890184640884399
11.923908233642578
20.32485580444336
25.406457901000977
28.500486373901367
30.55852699279785
32.170074462890625
33.70637512207031
35.05220031738281
36.201026916503906
37.17901611328125
38.122352600097656
38.92684555053711
39.56145477294922
40.06394577026367
40.46771240234375
40.81229019165039
41.13071060180664
41.446685791015625
41.74405288696289
42.041873931884766
42.32317352294922
42.56175231933594
42.73158264160156
42.847965240478516
43.10674285888672
43.45953369140625
43.82584762573242
44.17225646972656
44.48241424560547
44.77961349487305
