0.007702883332967758
0.008593491278588772
0.009691026993095875
0.0108694052323699
0.011164885014295578
0.011252380907535553
0.011328260414302349
0.011402135714888573
0.011536786332726479
0.011673002503812313
0.011791949160397053
0.011899697594344616
0.01200327929109335
0.012110480107367039
0.012235691770911217
0.012383612804114819
0.012562712654471397
0.012783984653651714
0.013041705824434757
0.013331658206880093
0.013648789376020432
0.013984200544655323
0.014322628267109394
0.014628040604293346
0.014954345300793648
0.015304495580494404
0.015667229890823364
0.016042865812778473
0.016430728137493134
0.016832871362566948
0.01725379005074501
0.017690889537334442
0.0009358585812151432
0.000897097634151578
0.0008961668936535716
0.0009031036752276123
0.0009112965781241655
0.0009189260308630764
0.01707921177148819
0.017911076545715332
0.018307466059923172
0.01861615478992462
0.018937867134809494
0.019315151497721672
0.01974189281463623
0.020218703895807266
0.020762987434864044
0.02137376368045807
0.02194415032863617
0.022473672404885292
0.023008640855550766
0.023559873923659325
0.024096742272377014
0.02364363893866539
0.022982589900493622
0.02234514057636261
0.02171965315937996
0.021102720871567726
0.020495451986789703
0.01989610493183136
0.01930561289191246
0.018727311864495277
0.018164027482271194
0.01761552132666111
0.017081160098314285
0.016560740768909454
0.016054781153798103
0.015563917346298695
0.015086301602423191
0.014619937166571617
0.014163516461849213
0.013719504699110985
0.013294845819473267
0.012889104895293713
0.012501130811870098
0.012129735201597214
0.011773567646741867
0.011430829763412476
0.011102013289928436
0.010785257443785667
0.010479756630957127
0.010186009109020233
0.009904018603265285
0.009633482433855534
0.009373956359922886
0.009124619886279106
0.00888487696647644
0.008654293604195118
0.008432434871792793
0.008218464441597462
0.008011650294065475
0.007811826188117266
