1500.0
1500.0
1500.0
1500.0
1500.0
1499.9998779296875
1500.0
1500.0
1500.0
1500.0
1500.0
1500.0
1499.9541015625
1500.0
1500.0
1499.9998779296875
1500.0
1500.0
1500.0
1500.0
1500.0
1500.0
1500.0
1500.0
1500.0
1500.0
1500.0
1500.0
1500.0
1500.0
1500.0
1500.0
100.0
100.0
100.0
100.0
100.0
100.0
1500.0
1500.0
1500.0
1500.0
1500.0
1500.0
1500.0
1500.0
1500.0
1500.0
1500.0
1500.0
1500.0
1500.0
1500.0
1500.0
1500.0
1483.0301513671875
1416.3701171875
1352.96875
1292.4493408203125
1234.001953125
1178.9332275390625
1126.97265625
1076.860107421875
1028.26611328125
980.8924560546875
934.2734375
889.3234252929688
846.3614501953125
806.48486328125
769.87646484375
735.8850708007812
703.9951782226562
673.82373046875
645.3491821289062
618.7621459960938
594.1920166015625
571.5341796875
550.3162231445312
529.9913940429688
510.4521179199219
491.6623840332031
473.64190673828125
456.71380615234375
448.52197265625
440.5423889160156
424.9855651855469
409.57513427734375
393.72320556640625
378.08673095703125
363.1042785644531
348.6065368652344
334.92974853515625
322.5309753417969
