1500.0
1403.2008056640625
1189.8746337890625
1093.6439208984375
1048.5469970703125
1022.019775390625
1004.9139404296875
993.099365234375
983.2943115234375
974.2273559570312
966.018798828125
958.0560913085938
949.2081298828125
939.1173706054688
928.9325561523438
919.2838134765625
910.11279296875
901.2919921875
892.6426391601562
884.1312866210938
875.8184204101562
867.5507202148438
859.4431762695312
851.3825073242188
843.2550048828125
834.7214965820312
825.5850830078125
815.5486450195312
804.4574584960938
792.300537109375
779.1627807617188
765.0997314453125
100.0
100.0
100.0
100.0
100.0
100.0
910.84375
798.8330688476562
738.873291015625
702.6950073242188
677.7960205078125
659.6123046875
645.039794921875
632.2313842773438
620.1007690429688
608.0798950195312
595.8660278320312
583.3508911132812
570.5403442382812
557.4951782226562
544.32275390625
531.071533203125
517.6878662109375
504.2183837890625
490.6749572753906
477.10333251953125
463.5659484863281
450.6350402832031
438.1788024902344
425.9306640625
413.8996276855469
402.0780334472656
390.2665100097656
378.4409484863281
366.75262451171875
355.30584716796875
344.1222229003906
333.16851806640625
322.441162109375
311.9397888183594
301.6890563964844
291.69879150390625
282.01214599609375
272.6219177246094
263.5755310058594
254.9027862548828
246.5448760986328
238.4464569091797
230.59817504882812
223.01673889160156
215.658447265625
208.5228729248047
201.6160125732422
194.94065856933594
188.48471069335938
182.24415588378906
176.22482299804688
170.4125518798828
164.6162872314453
159.11326599121094
