1499.9990234375
1500.0
1500.0
1500.0
1500.0
1500.0
1500.0
1500.0
1500.0
1500.0
1500.0
1500.0
1500.0
1500.0
1500.0
1500.0
1500.0
1500.0
1500.0
1500.0
1500.0
1500.0
1500.0
1500.0
1500.0
1500.0
1500.0
1500.0
1500.0
1500.0
1500.0
1500.0
100.00010681152344
100.0
100.0
100.0
100.0
100.0
1500.0
1500.0
1500.0
1500.0
1500.0
1500.0
1500.0
1500.0
1500.0
1500.0
1500.0
1500.0
1500.0
1500.0
1500.0
1500.0
1500.0
1500.0
1500.0
1492.3690185546875
1437.353759765625
1384.5465087890625
1333.348876953125
1283.96240234375
1236.3043212890625
1190.19140625
1145.61572265625
1102.403076171875
1060.5311279296875
1020.5555419921875
982.4699096679688
946.13427734375
911.3132934570312
877.8182373046875
845.69189453125
815.009033203125
785.5223999023438
757.1069946289062
729.4722290039062
703.1860961914062
690.6983032226562
678.5441284179688
655.412109375
633.439697265625
612.46728515625
592.2625732421875
572.7551879882812
553.7877197265625
535.3787841796875
517.6879272460938
500.626220703125
484.1815185546875
468.3600158691406
453.17071533203125
438.6106262207031
