1500.0
1500.0
1500.0
1499.9996337890625
1500.0240478515625
1500.0
1500.0
1500.0
1500.0
1500.0
1500.0
1500.0
1500.0
1500.0
1500.0
1500.0
1500.0
1500.0
1500.0
1500.0
1500.0
1500.0
1500.0
1500.0
1500.0
1500.0
1500.0
1500.0
1500.0
1500.0
1500.0
1500.0
100.0
99.9999771118164
100.0
100.0
100.0
100.0
1500.0
1500.0
1500.0
1500.0
1500.0
1500.0
1500.0
1500.0
1500.0
1500.0
1500.0
1500.0
1500.0
1500.0
1500.0
1500.0
1500.0
1500.0
1500.0
1500.0
1500.0
1500.0
1500.0
1473.052734375
1418.4571533203125
1363.7904052734375
1310.0498046875
1258.6640625
1208.0037841796875
1158.54248046875
1110.590087890625
1064.1737060546875
1019.290283203125
976.03369140625
934.1898803710938
893.6826782226562
854.7282104492188
818.7079467773438
785.0868530273438
753.0819702148438
722.4879150390625
693.054931640625
665.3120727539062
639.1829833984375
614.2991943359375
590.4036254882812
567.6542358398438
545.993896484375
525.143798828125
504.7498474121094
485.0195007324219
466.09979248046875
448.31927490234375
431.4712219238281
