1499.9998779296875
1500.0
1500.0
1499.9998779296875
1500.0
1500.0
1500.0
1500.0
1500.0
1500.0
1500.0
1500.0
1500.0
1500.0
1500.0
1500.0
1500.0
1500.0
1500.0
1500.0
1500.0
1500.0
1500.0
1500.0
1500.0
1500.0
1500.0
1500.0
1500.0
1500.0
1500.0
1500.0
100.0
100.0
100.0
100.0
100.0
100.0
1500.205810546875
1500.0
1500.0
1500.0
1500.0
1500.0
1500.0
1500.0
1500.0
1500.0
1500.0
1500.0
1500.0
1500.0
1500.0
1500.0
1500.0
1500.0
1480.1485595703125
1438.607666015625
1400.9534912109375
1364.095703125
1327.1417236328125
1290.15673828125
1253.1923828125
1216.2928466796875
1179.50439453125
1142.87109375
1106.6300048828125
1070.883056640625
1035.765869140625
1001.3543701171875
967.7435302734375
935.0554809570312
903.2415771484375
872.21826171875
841.9761352539062
812.6610107421875
784.5401000976562
757.616455078125
731.848388671875
707.1378784179688
683.3948974609375
660.5619506835938
638.5991821289062
617.44287109375
597.0327758789062
577.29833984375
558.2861328125
539.9796142578125
522.3215942382812
505.27093505859375
488.7850341796875
472.83428955078125
