1500.00048828125
1500.0
1499.9998779296875
1500.0
1500.0
1500.0
1500.0
1500.0
1500.0
1500.0
1500.0
1500.0
1500.0
1500.0
1500.0
1500.0
1500.0
1500.0
1500.0
1500.0
1500.0
1497.8543701171875
1484.745849609375
1471.2724609375
1456.162353515625
1439.290283203125
1420.396484375
1399.6611328125
1377.384765625
1353.7880859375
1329.1927490234375
1304.0166015625
100.00199127197266
100.0
100.0
100.0
100.0
100.0
1500.0
1407.0966796875
1302.65966796875
1246.6268310546875
1206.450439453125
1172.381591796875
1141.099609375
1111.2213134765625
1082.2225341796875
1053.709716796875
1025.5797119140625
997.725341796875
969.9954223632812
942.3687744140625
915.4669799804688
888.49365234375
861.4016723632812
834.3259887695312
807.2890625
780.3035278320312
752.7861328125
725.1575927734375
698.2763061523438
672.6658935546875
648.4654541015625
625.41796875
603.4507446289062
582.3965454101562
562.2830810546875
543.27490234375
525.14013671875
507.8866271972656
491.0178527832031
474.6244201660156
458.5564880371094
442.78594970703125
427.414794921875
412.322265625
397.8072204589844
383.58135986328125
370.6492919921875
359.0538024902344
348.5513000488281
338.8154296875
329.6036682128906
320.84527587890625
312.37640380859375
304.0820617675781
296.06842041015625
288.4548645019531
281.18365478515625
274.1597595214844
267.2451477050781
260.3934326171875
