1499.99951171875
1500.0
1500.0
1500.0
1500.0
1500.0
1500.0
1500.0
1500.0
1500.0
1500.0
1500.0
1500.0
1500.0
1500.0
1500.0
1500.0
1500.0
1500.0
1500.0
1500.0
1500.0
1500.0
1500.0
1500.0
1500.0
1500.0
1500.0
1500.0
1500.0
1500.0
1500.0
99.99061584472656
100.0
100.0
100.0
100.0
100.0
1500.0
1500.0
1500.0
1500.0
1500.0
1500.0
1500.0
1500.0
1500.0
1500.0
1500.0
1500.0
1500.0
1500.0
1500.0
1500.0
1500.0
1500.0
1500.0
1500.0
1487.6280517578125
1429.1239013671875
1372.583984375
1317.467041015625
1264.0164794921875
1212.3099365234375
1162.2879638671875
1113.865966796875
1067.0281982421875
1021.7893676757812
978.1712646484375
936.20263671875
895.8356323242188
857.0365600585938
819.7531127929688
783.99072265625
749.5208129882812
716.5557861328125
685.0484008789062
654.9462890625
626.2626342773438
598.9598999023438
572.9149780273438
548.1314086914062
524.5819702148438
502.1692810058594
480.8464050292969
460.54364013671875
441.1171569824219
422.70050048828125
405.02655029296875
387.2609558105469
371.5690612792969
356.7209777832031
