1500.0
1500.0
1500.0
1500.0
1500.0
1500.0
1499.9998779296875
1500.0
1500.0
1500.0
1500.0
1500.0
1500.0
1500.0
1500.0
1500.0
1500.0
1500.0
1500.0
1500.0
1500.0
1500.0
1500.0
1500.0
1500.0
1500.0
1500.0
1500.0
1500.0
1500.0
1500.0
1500.0
100.0
99.9975814819336
100.0
100.00007629394531
100.0
100.0
1500.0
1500.0
1500.0
1500.0
1500.0
1500.0
1500.0
1500.0
1500.0
1500.0
1500.0
1500.0
1500.0
1500.0
1496.70947265625
1449.392578125
1405.6767578125
1362.1129150390625
1318.0106201171875
1273.2747802734375
1228.204833984375
1183.1024169921875
1138.30322265625
1094.2578125
1051.1767578125
1008.9937133789062
968.0030517578125
928.5474243164062
891.0162353515625
855.2642211914062
821.0990600585938
788.2345581054688
756.7063598632812
726.38720703125
697.185302734375
669.0245971679688
641.918212890625
615.8746337890625
590.8401489257812
566.7656860351562
543.5838012695312
521.3535766601562
499.9900817871094
479.4093933105469
459.61053466796875
440.5939636230469
422.3144836425781
404.7890319824219
387.907958984375
371.38385009765625
355.4030456542969
340.87713623046875
326.8486022949219
312.9227600097656
