1500.0
1500.0
1500.0
1500.0
1500.00146484375
1500.0
1500.0
1500.0
1500.0
1499.9998779296875
1499.999755859375
1500.0
1500.0
1496.05078125
1460.54150390625
1418.8885498046875
1386.9083251953125
1361.1534423828125
1341.0281982421875
1323.095703125
1304.561279296875
1286.027099609375
1266.65625
1243.7784423828125
1220.7274169921875
1195.1431884765625
1169.898681640625
1146.0782470703125
1121.5206298828125
1099.0848388671875
1077.127197265625
1053.503173828125
99.99982452392578
99.9999771118164
100.0
100.0
100.0
100.0
1475.4578857421875
1094.1943359375
973.51318359375
922.577880859375
888.097412109375
856.2719116210938
826.8446655273438
799.7897338867188
773.0706787109375
746.0530395507812
718.2599487304688
692.1033935546875
672.797607421875
655.451171875
640.2824096679688
625.7481689453125
611.4046020507812
597.2991943359375
583.3712158203125
569.6373901367188
556.1864013671875
542.9946899414062
529.8262939453125
516.4261474609375
502.6849060058594
488.65032958984375
474.49298095703125
460.45465087890625
446.7838134765625
433.57989501953125
420.8055725097656
408.4536437988281
396.4466552734375
384.7000427246094
373.1430969238281
361.7810363769531
350.6447448730469
339.8302307128906
329.31134033203125
319.173583984375
309.4548645019531
304.75067138671875
300.1252746582031
291.329345703125
283.10113525390625
275.1268005371094
267.3704528808594
259.8681335449219
252.6536102294922
245.65179443359375
238.89256286621094
232.35787963867188
226.0458984375
219.96658325195312
214.1312713623047
