1499.9990234375
1500.0
1500.0
1500.0
1500.0
1500.0
1499.9998779296875
1500.0
1500.0
1500.0
1500.0
1500.0
1500.0
1500.0
1500.0
1500.0
1500.0
1500.0
1500.0
1500.0
1500.0
1500.0
1500.0
1500.0
1500.0
1500.0
1500.0
1500.0
1500.0
1500.0
1500.0
1500.0
100.00000762939453
100.0
99.99998474121094
100.0
100.0
100.0
1500.0
1500.0
1500.0
1500.0
1500.0
1500.0
1500.0
1500.0
1500.0
1500.0
1500.0
1500.0
1500.0
1500.0
1500.0
1500.0
1500.0
1500.0
1500.0
1500.0
1500.0
1500.0
1500.0
1430.5072021484375
1370.635986328125
1316.0086669921875
1264.08251953125
1214.0257568359375
1165.130615234375
1117.732177734375
1072.177734375
1028.3228759765625
985.9483642578125
945.0287475585938
905.5267333984375
867.4445190429688
830.8661499023438
795.7756958007812
761.1600341796875
731.5919189453125
705.8510131835938
682.62939453125
661.1243896484375
641.2432861328125
622.2451782226562
604.054931640625
587.1011352539062
570.8402099609375
555.254150390625
540.2939453125
526.4580078125
513.28271484375
500.889892578125
489.2847595214844
