1500.0
1500.0
1500.0
1500.0257568359375
1500.0
1500.0
1500.0
1499.9998779296875
1499.9998779296875
1500.0
1499.9996337890625
1500.0
1500.0
1500.0
1500.0
1500.0
1499.997314453125
1499.9998779296875
1499.999755859375
1499.9998779296875
1499.999755859375
1500.0
1500.0
1499.9998779296875
1500.0
1500.0
1500.0
1500.0
1499.998779296875
1500.0
1500.0
1500.0
1500.0
92.94486236572266
99.9999008178711
100.0
100.0
100.0
100.0
1500.0
1499.7152099609375
1499.9998779296875
1500.0
1441.3804931640625
1390.5555419921875
1356.0693359375
1321.642333984375
1285.107666015625
1247.810791015625
1211.0614013671875
1175.02978515625
1139.35546875
1104.5687255859375
1070.99755859375
1038.5487060546875
1007.3118896484375
976.8301391601562
946.8952026367188
917.41064453125
888.511474609375
860.3919067382812
833.1797485351562
807.0836791992188
782.106201171875
758.181884765625
735.178955078125
713.1935424804688
691.98095703125
671.5719604492188
651.7904052734375
632.6837768554688
614.2955932617188
596.7044067382812
579.9981079101562
564.0680541992188
548.849609375
534.5083618164062
520.8670654296875
507.831298828125
495.40533447265625
483.5196533203125
472.1354064941406
461.2305908203125
450.8343505859375
440.90386962890625
431.36773681640625
422.212890625
413.7439880371094
405.6267395019531
397.71966552734375
390.0072021484375
382.4963073730469
375.1988830566406
