1427.5084228515625
1113.12451171875
874.4241333007812
727.3411865234375
656.592041015625
627.9865112304688
608.0161743164062
588.4440307617188
568.499267578125
546.1639404296875
521.9659423828125
495.9959716796875
468.8923645019531
441.90771484375
415.0217590332031
389.1724548339844
366.3358459472656
346.7202453613281
330.86602783203125
319.5653381347656
315.0683898925781
310.78387451171875
306.6620788574219
302.87322998046875
298.9981384277344
295.0643310546875
291.1187438964844
287.1289978027344
283.103759765625
279.0693359375
274.9723815917969
270.82611083984375
100.0
100.0
100.0
100.0
100.0
100.0
339.2125549316406
291.5704345703125
267.7142639160156
256.2883605957031
248.03895568847656
241.6673583984375
236.633544921875
232.192138671875
228.29315185546875
224.9499969482422
221.9978485107422
219.30441284179688
216.77520751953125
214.35501098632812
211.98284912109375
209.61651611328125
207.21556091308594
204.83807373046875
203.47984313964844
202.45791625976562
199.9420166015625
197.30014038085938
194.48269653320312
191.5253448486328
188.49655151367188
185.38063049316406
182.22511291503906
180.52162170410156
179.20672607421875
175.98611450195312
172.9339141845703
169.9180450439453
166.91409301757812
163.94027709960938
160.99774169921875
158.06797790527344
155.26287841796875
152.5746612548828
150.07046508789062
147.58912658691406
145.11215209960938
142.61863708496094
140.12489318847656
137.65618896484375
135.19554138183594
132.72222900390625
130.23223876953125
127.72908782958984
125.22169494628906
122.73379516601562
120.31128692626953
117.95964813232422
115.65950775146484
113.40829467773438
111.21241760253906
109.07563018798828
