1499.999755859375
1500.0
1500.0
1500.0
1500.0
1500.0
1500.0
1500.0
1500.0
1500.0
1500.0
1500.0
1500.0
1500.0
1500.0
1500.0
1500.0
1500.0
1500.0
1500.0
1500.0
1500.0
1500.0
1500.0
1500.0
1500.0
1500.0
1500.0
1500.0
1500.0
1500.0
1500.0
100.0
100.0
100.0
100.0
100.0
100.0
1500.0
1500.0
1500.0
1500.0
1500.0
1500.0
1500.0
1500.0
1500.0
1500.0
1500.0
1500.0
1500.0
1500.0
1500.0
1500.0
1500.0
1500.0
1500.0
1500.0
1500.0
1500.0
1500.0
1500.0
1500.0
1500.0
1458.431396484375
1428.4241943359375
1400.6199951171875
1348.3458251953125
1298.5216064453125
1250.583740234375
1204.3768310546875
1159.7919921875
1116.7725830078125
1075.07080078125
1034.867431640625
996.2242431640625
959.0416259765625
923.2327270507812
888.7069091796875
855.4508666992188
823.4351806640625
792.7616577148438
763.37548828125
735.2490234375
708.3357543945312
682.5369873046875
657.8421630859375
634.2299194335938
611.6679077148438
590.1137084960938
569.534912109375
549.887451171875
531.1514892578125
