1499.9996337890625
1500.0
1500.0
1500.0
1500.000244140625
1500.0
1500.00048828125
1500.0
1500.0
1500.0
1499.9996337890625
1499.99755859375
1499.9998779296875
1499.999755859375
1499.9998779296875
1499.9998779296875
1499.9998779296875
1500.0
1500.0
1499.9996337890625
1499.9993896484375
1499.998779296875
1500.0
1500.0
1500.0
1500.0
1499.9993896484375
1499.9979248046875
1499.9990234375
1500.0
1500.0
1500.0
99.94831085205078
99.99989318847656
99.99995422363281
100.0
100.0
100.0
1499.9996337890625
1500.0
1499.9998779296875
1499.9896240234375
1499.95263671875
1500.0
1500.0
1500.0
1500.0
1500.0
1500.0
1500.0
1500.0
1500.0
1460.73388671875
1427.53466796875
1398.73291015625
1370.50244140625
1341.876708984375
1313.3153076171875
1285.3714599609375
1258.021240234375
1231.1759033203125
1204.8836669921875
1179.4700927734375
1154.2449951171875
1129.53515625
1117.6234130859375
1105.56396484375
1081.4041748046875
1057.341064453125
1033.13232421875
1009.1077270507812
985.3141479492188
961.7821655273438
938.6630249023438
916.1045532226562
894.4791870117188
873.6777954101562
853.6192626953125
834.2303466796875
815.4447631835938
797.1729125976562
779.2598266601562
762.0617065429688
745.365966796875
729.169921875
713.3410034179688
697.9608154296875
683.0840454101562
668.6749877929688
654.720458984375
641.2124633789062
628.1546630859375
615.5906982421875
