1499.9984130859375
1500.0
1500.0
1500.0
1500.0
1500.0
1500.0
1500.0
1500.0
1500.0
1500.0
1500.0
1500.0
1500.0
1500.0
1500.0
1500.0
1500.0
1500.0
1500.0
1500.0
1500.0
1500.0
1500.0
1500.0
1500.0
1500.0
1500.0
1500.0
1500.0
1500.0
1500.0
100.0
100.0
100.0
100.0
100.0
100.0
1500.0
1500.0
1500.0
1500.0
1500.0
1500.0
1500.0
1500.0
1500.0
1500.0
1500.0
1500.0
1500.0
1500.0
1480.54150390625
1417.540771484375
1357.7347412109375
1299.98486328125
1243.8798828125
1189.750244140625
1137.593994140625
1087.453125
1039.1981201171875
993.2822875976562
949.67724609375
908.1674194335938
868.6048583984375
830.849853515625
808.3883056640625
794.6132202148438
760.0567016601562
726.869140625
695.08056640625
664.6572875976562
635.5230102539062
607.7314453125
581.6715087890625
557.2040405273438
533.9385986328125
512.02294921875
491.3797912597656
471.889892578125
453.4608459472656
435.72930908203125
419.097900390625
403.54132080078125
388.8514709472656
374.97100830078125
361.8424072265625
349.29840087890625
337.62567138671875
326.73077392578125
316.6546325683594
307.27081298828125
298.5053405761719
290.3037414550781
