1499.9996337890625
1500.000244140625
1500.0
1500.0
1500.0
1500.0
1500.0
1500.0
1500.0
1500.0
1500.0
1500.0
1500.0
1500.0
1500.0
1500.0
1500.0
1500.0
1500.0
1500.0
1500.0
1500.0
1500.0
1500.0
1500.0
1500.0
1500.0
1500.0
1500.0
1500.0
1500.0
1500.0
93.94291687011719
100.0
100.0
100.0
100.0
100.0
1500.0
1500.0
1391.1287841796875
1294.842529296875
1234.607666015625
1190.1817626953125
1151.9080810546875
1116.4814453125
1081.9893798828125
1047.80078125
1013.444580078125
978.7565307617188
943.8707275390625
909.00439453125
874.353271484375
840.0325317382812
806.0371704101562
772.4363403320312
739.3624877929688
707.0360717773438
675.5582275390625
645.0953369140625
615.7206420898438
587.5728149414062
560.7067260742188
534.9617309570312
510.23394775390625
486.60284423828125
464.0508117675781
442.36517333984375
421.8573303222656
402.3743591308594
383.865966796875
366.30352783203125
349.5683288574219
333.3779602050781
318.313720703125
304.1509094238281
290.8400573730469
278.2350158691406
266.118896484375
254.72573852539062
243.90139770507812
233.6251678466797
223.89781188964844
214.728271484375
206.04042053222656
197.9037628173828
190.236328125
182.9854278564453
176.10740661621094
169.60250854492188
163.4488067626953
157.62014770507812
