1500.0
1500.0
1500.0
1500.0
1500.0
1500.0
1500.0
1500.0
1500.0
1500.0
1500.0
1500.0
1500.0
1500.0
1500.0
1500.0
1500.0
1500.0
1500.0
1500.0
1500.0
1500.0
1500.0
1500.0
1500.0
1500.0
1500.0
1500.0
1500.0
1500.0
1500.0
1500.0
99.9999771118164
100.0
100.0
100.0
100.0
100.0
1500.0
1499.9998779296875
1499.9998779296875
1500.0
1500.0
1500.0
1500.0
1500.0
1500.0
1500.0
1500.0
1500.0
1500.0
1500.0
1500.0
1500.0
1500.0
1500.0
1500.0
1500.0
1500.0
1500.0
1500.0
1500.0
1500.0
1411.4970703125
1340.0872802734375
1293.478271484375
1257.41943359375
1222.9970703125
1193.48681640625
1163.28125
1133.3280029296875
1103.4151611328125
1072.5224609375
1040.222412109375
1007.429443359375
975.1192626953125
944.6047973632812
912.9024047851562
882.8578491210938
856.9164428710938
830.32421875
803.3369140625
776.5676879882812
748.0064086914062
718.2960815429688
688.408935546875
658.4622192382812
628.47412109375
598.3635864257812
568.5798950195312
544.1505737304688
527.216064453125
