1500.0
1499.9998779296875
1500.0
1500.0
1500.0
1500.0
1500.0
1500.0
1500.0
1500.0
1500.0
1500.0
1500.0
1500.0
1500.0
1500.0
1500.0
1500.0
1500.0
1500.0
1500.0
1500.0
1500.0
1500.0
1500.0
1500.0
1500.0
1500.0
1500.0
1500.0
1500.0
1500.0
100.00080871582031
100.00000762939453
99.99713134765625
100.0
100.0
100.0
1500.0
1500.0
1500.0
1500.0
1500.0
1500.0
1500.0
1500.0
1500.0
1500.0
1500.0
1500.0
1500.0
1500.0
1500.0
1500.0
1500.0
1500.0
1500.0
1498.15380859375
1441.30908203125
1386.814453125
1333.0621337890625
1280.1148681640625
1228.6953125
1178.9560546875
1130.8834228515625
1084.5076904296875
1039.66796875
996.632080078125
955.517578125
916.1873168945312
878.473876953125
842.2040405273438
807.289306640625
773.6845092773438
741.4090576171875
710.1437377929688
680.093505859375
651.3784790039062
637.8126220703125
624.6450805664062
599.5784912109375
575.8659057617188
553.326416015625
531.791015625
511.11474609375
491.4523620605469
472.7489013671875
454.933349609375
437.9212646484375
421.6775817871094
406.1309509277344
391.37103271484375
377.3368835449219
