1414.2978515625
1104.1826171875
869.7061157226562
724.4820556640625
657.9507446289062
631.4188232421875
612.8359985351562
594.7283325195312
576.1091918945312
555.361083984375
532.5598754882812
508.37939453125
482.9195861816406
456.9859619140625
430.7471008300781
404.9548645019531
381.51568603515625
360.7598876953125
342.6825256347656
327.83758544921875
317.4861755371094
313.43365478515625
309.21392822265625
304.927734375
301.1398010253906
297.3057861328125
293.4599609375
289.5224914550781
285.53448486328125
281.4996032714844
277.4655456542969
273.4313659667969
100.0
100.0
100.0
100.0
100.0
100.0
345.64007568359375
294.7330322265625
270.32855224609375
259.5340270996094
251.50579833984375
244.90682983398438
240.07919311523438
235.78173828125
231.9908447265625
228.74229431152344
225.7891082763672
223.07273864746094
220.58181762695312
218.2357635498047
215.9563446044922
213.68197631835938
211.37332153320312
209.00244140625
206.55215454101562
204.10389709472656
201.58383178710938
198.89857482910156
196.03274536132812
192.98391723632812
189.8668670654297
186.71630859375
183.544677734375
180.4062957763672
177.33169555664062
174.30055236816406
171.29241943359375
168.31060791015625
165.3555145263672
162.42807006835938
159.51100158691406
156.6962432861328
153.990966796875
151.419921875
148.9407501220703
146.45887756347656
143.96517944335938
141.46803283691406
138.97454833984375
136.49826049804688
134.01654052734375
131.52377319335938
129.02003479003906
126.50958251953125
124.01058197021484
121.54789733886719
119.15298461914062
116.82499694824219
114.55113220214844
112.33285522460938
