1499.9996337890625
1500.0
1500.0059814453125
1500.0
1500.0
1500.0
1500.0
1500.0
1500.0
1500.0
1500.0
1500.0
1500.0
1500.0
1500.0
1500.0
1500.0
1500.0
1500.0
1500.0
1500.0
1500.0
1500.0
1500.0
1500.0
1500.0
1500.0
1500.0
1500.0
1500.0
1500.0
1500.0
99.99958801269531
99.99992370605469
100.0
100.0
100.0
100.0
1494.9351806640625
1500.0
1500.0
1500.0
1500.0
1500.0
1500.0
1500.0
1500.0
1500.0
1500.0
1500.0
1500.0
1484.571533203125
1452.921142578125
1423.053466796875
1393.96044921875
1364.915283203125
1335.0347900390625
1304.7076416015625
1273.23193359375
1241.5299072265625
1210.6407470703125
1180.2022705078125
1149.7127685546875
1119.0643310546875
1088.661376953125
1058.4219970703125
1028.3294677734375
998.34716796875
968.48876953125
938.7311401367188
909.19287109375
879.9517822265625
851.070068359375
822.5165405273438
794.3088989257812
766.5921020507812
739.4547119140625
712.9999389648438
687.3305053710938
662.495849609375
638.462158203125
615.2603149414062
592.8572998046875
571.1915283203125
550.2446899414062
529.9180297851562
510.2495422363281
491.2524719238281
472.92559814453125
455.2185974121094
438.1678466796875
421.7480773925781
