2020.89794921875
2764.394287109375
3269.541259765625
2722.472412109375
2518.416748046875
2438.14453125
2381.205078125
2327.3671875
2289.811279296875
2265.84033203125
2259.804443359375
2266.64404296875
2277.056884765625
2286.2060546875
2294.117919921875
2300.606201171875
2305.214599609375
2309.5
2318.083251953125
2326.6171875
2335.5
2324.235107421875
2291.751708984375
2273.37841796875
2269.48876953125
2274.255859375
2289.900634765625
2315.620849609375
2349.09521484375
2387.720458984375
2428.322998046875
2469.78125
105.20124816894531
90.37167358398438
90.36296844482422
89.85179901123047
89.86433410644531
90.35497283935547
1580.2501220703125
2670.001953125
2732.231689453125
2701.781982421875
2725.3564453125
2754.5205078125
2781.52734375
2806.65283203125
2830.3505859375
2852.354736328125
2871.901123046875
2890.010986328125
2911.138916015625
2924.81591796875
2936.76220703125
2946.589111328125
2950.67724609375
2950.2783203125
2950.005859375
2944.078125
2932.9501953125
2923.365234375
2916.268798828125
2901.187255859375
2876.173583984375
2841.46826171875
2795.294189453125
2743.271728515625
2686.390869140625
2626.43359375
2564.5029296875
2501.556884765625
2438.283935546875
2374.85546875
2310.90966796875
2245.65087890625
2180.57568359375
2116.40234375
2053.546630859375
1992.7276611328125
1934.42138671875
1878.7943115234375
1825.814453125
1775.123291015625
1725.2486572265625
1676.1085205078125
1628.7884521484375
1583.1666259765625
1538.9833984375
1497.163330078125
1456.9739990234375
1417.433349609375
1378.255859375
1340.1693115234375
