2085.179931640625
2076.33349609375
2050.6484375
2028.6529541015625
2014.9442138671875
2014.96728515625
2049.06689453125
2066.590087890625
2070.687744140625
2067.01953125
2062.59814453125
2063.766357421875
2069.240234375
2072.330322265625
2072.84228515625
2075.12744140625
2084.679443359375
2097.638671875
2106.83447265625
2116.559326171875
2129.507568359375
2147.096923828125
2165.4755859375
2190.03466796875
2217.51318359375
2236.56298828125
2255.949462890625
2281.968994140625
2321.12841796875
2386.7109375
2466.130126953125
2546.869873046875
124.99237823486328
126.17513275146484
127.10089111328125
127.07239532470703
127.32814025878906
127.52882385253906
2063.308837890625
2382.21533203125
2592.187255859375
2775.49462890625
2951.888671875
3122.200927734375
3297.9853515625
3484.80322265625
3676.757568359375
3869.682373046875
4062.27783203125
4255.501953125
4450.576171875
4661.6708984375
4890.4892578125
5133.99169921875
5391.509765625
5649.57666015625
5950.357421875
6275.3720703125
6675.2685546875
7041.67138671875
7252.16650390625
7504.22998046875
7707.68408203125
7911.23046875
8103.4296875
8232.2744140625
8311.0048828125
8309.548828125
8294.1005859375
8298.484375
8315.640625
8346.837890625
8390.228515625
8444.7890625
8509.7470703125
8578.2548828125
8633.1796875
8184.763671875
7889.287109375
7644.21875
7420.990234375
7222.443359375
7037.8203125
6853.10693359375
6662.61328125
6460.75634765625
6262.20703125
6073.08935546875
5891.873046875
5711.771484375
5527.90185546875
5347.3837890625
