2080.199462890625
2054.48828125
2030.13818359375
2012.060546875
2036.2672119140625
2032.505615234375
2022.1937255859375
2013.9124755859375
2037.2584228515625
2037.9871826171875
2042.589111328125
2057.203857421875
2098.346435546875
2124.90966796875
2147.513916015625
2178.173583984375
2212.11572265625
2247.857421875
2299.360107421875
2370.52587890625
2464.39306640625
2578.8837890625
2706.171875
2841.033203125
2981.77001953125
3127.87890625
3279.122802734375
3435.534912109375
3596.196533203125
3763.9833984375
3938.7734375
4120.9658203125
171.76023864746094
172.802734375
177.18798828125
180.32644653320312
182.19204711914062
183.2855682373047
4061.360595703125
4381.50048828125
4551.83154296875
4696.34619140625
4854.64892578125
5034.82568359375
5235.1435546875
5450.9072265625
5680.173828125
5920.9443359375
6184.19189453125
6481.353515625
6803.32861328125
7141.953125
7544.1044921875
7947.1142578125
8337.9736328125
8718.759765625
9095.4453125
9463.3388671875
9819.279296875
10155.1611328125
10470.3271484375
10766.693359375
11044.609375
11301.552734375
11537.3232421875
11752.052734375
11945.8544921875
12118.5048828125
12269.45703125
12399.3046875
12508.158203125
12595.048828125
12662.4560546875
12708.634765625
12733.912109375
12740.294921875
12729.0908203125
12707.5927734375
12669.9052734375
12619.826171875
12564.2001953125
12504.0419921875
12444.8681640625
12149.021484375
11700.9326171875
11295.55859375
10916.96484375
10558.75
10217.4794921875
9891.0771484375
9578.0791015625
9277.2001953125
