2085.486328125
2076.93359375
2051.308837890625
2029.9033203125
2016.662841796875
2006.363525390625
2014.1112060546875
2050.072021484375
2046.7099609375
2057.653564453125
2064.0927734375
2063.746337890625
2066.559326171875
2071.949951171875
2075.081787109375
2076.8427734375
2079.203857421875
2091.862060546875
2103.710205078125
2110.804443359375
2118.069580078125
2132.518310546875
2158.348876953125
2196.145751953125
2224.1044921875
2248.75537109375
2273.068359375
2299.251953125
2330.20458984375
2375.84619140625
2436.57666015625
2511.47998046875
125.12751770019531
126.39851379394531
127.04637908935547
127.43595886230469
127.72919464111328
127.9556655883789
1994.8277587890625
2359.392822265625
2554.329833984375
2718.191650390625
2877.291259765625
3034.587158203125
3196.060791015625
3369.42138671875
3558.67138671875
3761.84765625
3959.7119140625
4115.50048828125
4271.90087890625
4424.06640625
4570.53076171875
4706.5400390625
4864.4384765625
5063.13232421875
5253.76220703125
5424.27392578125
5613.1279296875
5809.32373046875
6005.7646484375
6243.087890625
6490.25244140625
6775.88916015625
7126.4384765625
7442.63037109375
7736.14404296875
8024.22802734375
8294.080078125
8582.90234375
8876.3994140625
9217.5908203125
9346.2158203125
9308.029296875
9295.794921875
9382.6328125
9515.111328125
8016.4921875
7864.76220703125
7347.94482421875
6998.37890625
6722.6474609375
6460.0751953125
6207.39306640625
5970.07080078125
5746.7919921875
5560.66552734375
5397.73828125
5252.83447265625
5114.18896484375
4977.83203125
4852.07666015625
4732.11962890625
