2071.438232421875
2041.1873779296875
2009.5474853515625
2029.236083984375
2025.533935546875
2047.9007568359375
2047.44189453125
2083.435791015625
2093.61767578125
2101.063720703125
2107.2041015625
2128.725830078125
2156.114501953125
2185.273681640625
2214.602294921875
2245.384765625
2291.441162109375
2336.789306640625
2380.19482421875
2425.994873046875
2474.44287109375
2530.633544921875
2595.26025390625
2673.015625
2765.12841796875
2870.71435546875
2986.79736328125
3110.902099609375
3241.48193359375
3378.422119140625
3520.7744140625
3667.494140625
154.0354461669922
145.73193359375
140.7223663330078
137.348876953125
134.75473022460938
132.9112091064453
2863.5205078125
3299.59765625
3577.13720703125
3793.262939453125
3987.64892578125
4176.91943359375
4367.28369140625
4561.86474609375
4760.93994140625
4963.4111328125
5167.48291015625
5371.70166015625
5576.75341796875
5788.01318359375
6018.5146484375
6251.5400390625
6499.28466796875
6752.5361328125
7001.15185546875
7235.00634765625
7460.78662109375
7672.216796875
7882.0166015625
8070.44921875
8236.9404296875
8384.17578125
8518.4326171875
8635.9091796875
8735.6376953125
8818.0751953125
8882.359375
8925.8251953125
8950.4912109375
8958.90234375
8847.9296875
8473.857421875
8136.5830078125
7823.71630859375
7527.80029296875
7245.8330078125
6973.7041015625
6705.40966796875
6437.56982421875
6171.36572265625
5908.16455078125
5647.10107421875
5398.40673828125
5169.18701171875
4956.74462890625
4765.1533203125
4593.763671875
4433.43115234375
4279.1259765625
4129.92724609375
