2071.12060546875
2042.556396484375
2013.5068359375
2024.8916015625
2046.6964111328125
2055.859130859375
2044.717529296875
2042.777587890625
2059.488037109375
2066.75244140625
2086.10498046875
2124.153076171875
2154.255126953125
2174.687255859375
2192.705322265625
2212.97314453125
2236.696044921875
2267.935546875
2302.48095703125
2337.9990234375
2383.252197265625
2439.80712890625
2509.973388671875
2592.80029296875
2686.77197265625
2792.585693359375
2910.92626953125
3040.655517578125
3179.853271484375
3326.221435546875
3479.54150390625
3637.5693359375
130.592529296875
132.22665405273438
136.46632385253906
139.54742431640625
141.52142333984375
142.7130584716797
3423.08251953125
3787.008056640625
3978.239990234375
4109.90771484375
4228.4697265625
4357.69482421875
4504.88427734375
4670.4560546875
4851.81640625
5046.611328125
5252.076171875
5467.0771484375
5693.76318359375
5932.35986328125
6205.76708984375
6488.13037109375
6777.72607421875
7068.40087890625
7372.83837890625
7677.32861328125
7984.482421875
8280.3330078125
8585.21484375
8882.15234375
9176.8466796875
9466.87109375
9751.25
10030.4404296875
10218.2998046875
10085.26171875
9964.5
9847.80078125
9730.2236328125
9607.478515625
9477.6923828125
9341.689453125
9200.0380859375
9054.8974609375
8905.0166015625
8750.3212890625
8592.3955078125
8431.431640625
8266.830078125
8099.267578125
7929.16943359375
7757.19873046875
7583.73388671875
7409.3251953125
7234.02392578125
7057.33544921875
6880.314453125
6705.4775390625
6537.0869140625
6374.47802734375
