2079.57177734375
2053.59765625
2029.250732421875
2014.492919921875
2040.5411376953125
2029.41748046875
2019.0673828125
2019.481689453125
2034.4825439453125
2037.39599609375
2038.5059814453125
2059.268798828125
2097.939453125
2121.5947265625
2144.37060546875
2175.379150390625
2208.823486328125
2245.67919921875
2299.439453125
2373.37939453125
2470.4853515625
2587.7822265625
2716.7421875
2852.947265625
2995.07470703125
3143.067138671875
3296.4853515625
3455.13330078125
3618.62451171875
3789.462646484375
3967.603515625
4153.27490234375
176.25607299804688
177.55718994140625
181.21128845214844
183.60963439941406
184.9652099609375
185.80450439453125
4110.99169921875
4433.337890625
4601.6611328125
4746.64453125
4907.927734375
5092.20361328125
5296.1953125
5515.6181640625
5748.69970703125
5993.60009765625
6273.51318359375
6578.99365234375
6908.47705078125
7259.65185546875
7664.44775390625
8057.517578125
8444.6435546875
8824.0810546875
9201.564453125
9572.2802734375
9924.1357421875
10255.423828125
10565.302734375
10856.7177734375
11127.791015625
11376.9541015625
11605.625
11814.3466796875
12002.2861328125
12168.49609375
12312.326171875
12435.3173828125
12537.0078125
12617.9560546875
12678.4697265625
12717.5595703125
12736.837890625
12737.677734375
12721.8447265625
12698.8662109375
12657.5712890625
12607.4072265625
12551.796875
12494.033203125
12421.408203125
11943.8115234375
11520.91015625
11128.865234375
10759.1416015625
10407.5849609375
10071.8115234375
9750.43359375
9441.939453125
9145.048828125
