2069.21630859375
2038.4288330078125
2008.9727783203125
2026.697509765625
2055.263916015625
2053.129638671875
2046.0357666015625
2055.037841796875
2061.276611328125
2078.94873046875
2115.982421875
2165.319580078125
2188.2451171875
2208.166259765625
2235.529541015625
2273.7470703125
2321.652099609375
2376.424560546875
2442.1142578125
2525.6201171875
2624.483154296875
2735.27099609375
2857.67431640625
2993.05615234375
3141.72998046875
3301.46533203125
3471.108642578125
3649.475830078125
3836.1865234375
4029.272705078125
4228.91162109375
4435.10009765625
169.26202392578125
161.77149963378906
164.34544372558594
169.04188537597656
173.9619598388672
178.62692260742188
4339.06396484375
4741.6474609375
4936.14208984375
5077.5625
5218.14501953125
5373.7734375
5550.728515625
5750.51513671875
5976.93994140625
6244.115234375
6524.93310546875
6828.75537109375
7162.9306640625
7521.3037109375
7939.40625
8343.171875
8760.0234375
9183.796875
9575.8115234375
9945.9501953125
10121.8408203125
9986.2255859375
9851.708984375
9712.533203125
9567.298828125
9413.6611328125
9251.0556640625
9080.021484375
8902.1044921875
8717.681640625
8527.47265625
8332.7939453125
8135.6123046875
7937.818359375
7739.66259765625
7541.56787109375
7343.8408203125
7147.0751953125
6950.38427734375
6754.1953125
6559.84130859375
6367.96484375
6178.97314453125
5993.13427734375
5810.5478515625
5632.09228515625
5460.55419921875
5295.77587890625
5137.32666015625
4985.09130859375
4838.71533203125
4697.83154296875
4561.81884765625
4429.705078125
