1925.912109375
1443.085205078125
1124.610595703125
963.0036010742188
888.5538940429688
884.3112182617188
865.3886108398438
843.4813842773438
821.452392578125
799.9927978515625
779.3508911132812
759.57568359375
739.9352416992188
726.8759155273438
715.1386108398438
700.4332885742188
684.3795776367188
667.9769897460938
651.255126953125
634.1168212890625
616.6241455078125
598.5148315429688
579.6063842773438
560.2221069335938
540.4270629882812
523.4498291015625
512.9719848632812
498.37689208984375
482.020751953125
465.068359375
448.2404479980469
431.80230712890625
124.45525360107422
126.91273498535156
128.10877990722656
128.2746124267578
128.46826171875
128.6365203857422
504.64678955078125
369.2822570800781
461.9071044921875
473.87994384765625
445.679443359375
410.5192565917969
381.2554931640625
362.70806884765625
353.7309875488281
350.9342956542969
352.5439147949219
353.57379150390625
353.85284423828125
353.3713073730469
352.401611328125
354.73272705078125
357.1879577636719
358.92205810546875
360.4933776855469
364.281494140625
368.7189025878906
374.84588623046875
384.5616149902344
396.6547546386719
410.76043701171875
426.2782287597656
444.38751220703125
465.68597412109375
490.3965759277344
518.3582153320312
548.6321411132812
579.6211547851562
609.9398193359375
638.486083984375
664.5595092773438
687.2608032226562
707.2470092773438
725.3018798828125
741.9713134765625
757.8034057617188
772.676513671875
786.4498291015625
798.65869140625
809.0096435546875
817.4486694335938
824.0323486328125
828.6619262695312
831.4376220703125
832.57763671875
832.2099609375
830.512939453125
827.6205444335938
823.6116943359375
818.6538696289062
