2085.009033203125
2061.283935546875
2031.246337890625
2008.768310546875
2009.001708984375
2054.632568359375
2047.949951171875
2036.283447265625
2028.4219970703125
2046.1414794921875
2061.898193359375
2085.384521484375
2108.015869140625
2133.3203125
2167.560302734375
2205.3349609375
2246.898193359375
2309.8515625
2392.365478515625
2495.109375
2616.6201171875
2752.318359375
2899.62744140625
3058.836669921875
3227.40625
3402.634765625
3583.607666015625
3772.648681640625
3966.785400390625
4164.99853515625
4366.783203125
4573.70166015625
184.6990966796875
172.62393188476562
168.1292266845703
167.29473876953125
168.57501220703125
170.13150024414062
171.39854431152344
4147.56982421875
4283.6669921875
4309.8779296875
4432.1640625
4529.98974609375
4601.56591796875
4832.56298828125
5096.94775390625
5385.6328125
5690.59716796875
6027.689453125
6368.275390625
6740.27880859375
7096.97412109375
7427.61328125
7708.025390625
7920.8935546875
8072.8330078125
8171.896484375
8234.126953125
8258.5556640625
8265.64453125
8259.1806640625
8235.283203125
8202.0458984375
8163.04296875
8142.41943359375
8122.05908203125
8076.22998046875
8021.9736328125
7949.79296875
7870.7939453125
7781.71826171875
7691.150390625
7606.14453125
7506.5830078125
7394.9697265625
7277.69189453125
7002.111328125
6684.45166015625
6394.97705078125
6115.40380859375
5851.064453125
5604.47900390625
5374.2978515625
5161.5341796875
4965.90185546875
4783.6904296875
4611.380859375
4445.7197265625
4286.64892578125
4133.28759765625
3985.6572265625
3844.51220703125
3706.826904296875
3567.885498046875
3429.914306640625
