2036.056884765625
2042.9627685546875
2367.343017578125
2452.940185546875
2391.007080078125
2319.070068359375
2261.84521484375
2232.252197265625
2228.1572265625
2236.78271484375
2255.94677734375
2277.427978515625
2297.005859375
2315.13720703125
2339.40380859375
2374.135986328125
2432.888671875
2529.888916015625
2664.6396484375
2830.849609375
3025.244140625
3244.101318359375
3484.326416015625
3742.977783203125
4019.29833984375
4310.125
4626.82763671875
4963.16162109375
5318.3818359375
5575.7587890625
5652.27783203125
5787.3505859375
203.4647216796875
160.49407958984375
146.8005828857422
143.2373046875
170.48782348632812
196.95582580566406
7667.15380859375
7656.94970703125
7559.7060546875
7593.4150390625
7665.9345703125
7753.216796875
7844.564453125
7934.68505859375
8011.2626953125
8070.21533203125
8110.39892578125
8130.55615234375
8129.67041015625
8107.15576171875
8063.51708984375
8000.3115234375
7920.07470703125
7823.67724609375
7709.30712890625
7578.78564453125
7433.83349609375
7276.5380859375
7108.7529296875
6932.62841796875
6750.2548828125
6563.52685546875
6374.6220703125
6184.994140625
5995.22265625
5802.72265625
5611.48974609375
5424.6484375
5242.017578125
5064.50048828125
4893.04345703125
4727.244140625
4566.90380859375
4414.46923828125
4268.92529296875
4128.95654296875
3994.69091796875
3865.805419921875
3742.129150390625
3623.519775390625
3509.658203125
3400.272216796875
3295.421142578125
3195.0771484375
3098.82373046875
3006.36279296875
2917.928955078125
2833.0771484375
2751.312255859375
2672.744384765625
