2032.2427978515625
1826.827392578125
1785.977294921875
1590.4842529296875
1472.3798828125
1411.5531005859375
1395.170166015625
1387.483154296875
1373.9569091796875
1361.07177734375
1345.9248046875
1330.5936279296875
1322.78857421875
1319.126708984375
1316.5423583984375
1317.81103515625
1324.337890625
1335.391357421875
1354.4703369140625
1383.5294189453125
1421.8787841796875
1467.1646728515625
1516.9027099609375
1569.762939453125
1627.233154296875
1683.8994140625
1738.7181396484375
1792.30908203125
1844.7774658203125
1895.3885498046875
1943.460205078125
1989.1209716796875
231.46998596191406
215.6016387939453
230.67555236816406
253.4019775390625
275.9696350097656
295.4321594238281
2327.09814453125
2334.516357421875
2320.008544921875
2325.719482421875
2334.689453125
2345.944091796875
2393.76904296875
2432.62646484375
2454.3076171875
2475.854736328125
2523.435302734375
2565.085693359375
2596.8037109375
2618.500732421875
2630.94775390625
2634.47021484375
2629.56591796875
2617.005126953125
2597.230224609375
2571.133544921875
2540.067138671875
2503.58544921875
2462.30712890625
2416.71875
2367.560302734375
2315.5048828125
2260.652099609375
2204.05126953125
2146.5478515625
2088.628173828125
2030.7041015625
1973.1370849609375
1916.1693115234375
1859.718017578125
1803.8702392578125
1749.1766357421875
1695.3702392578125
1642.9610595703125
1591.772705078125
1542.05810546875
1494.1097412109375
1447.48193359375
1402.2750244140625
1359.0003662109375
1317.422119140625
1277.62109375
1239.5001220703125
1202.9793701171875
1167.9537353515625
1134.320556640625
1102.078857421875
1071.137451171875
1041.3905029296875
1012.7670288085938
985.21533203125
958.6846313476562
933.140625
