2082.34375
2050.7958984375
2015.707763671875
2002.211181640625
2035.0079345703125
2075.0908203125
2117.84716796875
2144.72021484375
2177.483154296875
2210.54833984375
2248.944580078125
2281.23046875
2306.407470703125
2328.406494140625
2348.09619140625
2366.67529296875
2385.56103515625
2408.05859375
2434.6259765625
2465.67529296875
2495.7294921875
2530.569091796875
2575.271240234375
2631.54443359375
2698.494873046875
2778.06982421875
2873.128173828125
2982.41259765625
3104.813232421875
3236.689453125
3371.1005859375
3507.248046875
147.8993377685547
140.75643920898438
139.4641571044922
138.86264038085938
138.4927520751953
138.1839599609375
2582.101806640625
3183.896484375
3581.3017578125
3857.046875
4073.7021484375
4262.9638671875
4447.75244140625
4637.1259765625
4835.009765625
5042.126953125
5256.09423828125
5472.05615234375
5696.48779296875
5934.73583984375
6220.66552734375
6533.24755859375
6879.94970703125
7225.2939453125
7547.689453125
7842.65771484375
8121.64794921875
8385.9521484375
8633.6884765625
8868.263671875
9108.080078125
9322.3583984375
9511.93359375
9669.103515625
9812.0771484375
9940.8525390625
9925.1083984375
9564.6484375
9248.26171875
8950.916015625
8664.0234375
8388.037109375
8125.25732421875
7876.15673828125
7637.8525390625
7407.837890625
7176.7646484375
6952.396484375
6738.3232421875
6533.83935546875
6337.21533203125
6145.3837890625
5960.02978515625
5781.40673828125
5606.93896484375
5437.15869140625
5275.154296875
5120.57763671875
4972.87841796875
4829.62841796875
