2058.800537109375
2025.4661865234375
2032.644287109375
2034.0877685546875
2047.292236328125
2047.2249755859375
2044.0467529296875
2078.937744140625
2139.02734375
2198.291259765625
2253.026123046875
2310.542724609375
2377.720458984375
2454.274169921875
2560.396484375
2702.521484375
2876.99267578125
3081.0341796875
3312.70361328125
3564.1533203125
3830.109619140625
4110.9599609375
4407.00634765625
4715.61474609375
5036.431640625
5367.47216796875
5706.19921875
6064.33447265625
6440.8427734375
6854.32763671875
7258.25048828125
7691.171875
360.54901123046875
353.3429260253906
354.5334777832031
361.4840087890625
366.78314208984375
370.77008056640625
374.90338134765625
8109.04248046875
8721.7939453125
8997.9814453125
9138.3427734375
9271.7578125
9440.255859375
9556.1484375
9305.2333984375
9098.7265625
8911.7568359375
8731.890625
8553.13671875
8367.974609375
8170.5439453125
7960.67333984375
7741.68505859375
7515.830078125
7285.986328125
7053.09423828125
6816.587890625
6584.2822265625
6354.79638671875
6126.99072265625
5899.03369140625
5683.0693359375
5477.880859375
5377.24365234375
5278.31640625
5087.71826171875
4901.90673828125
4721.71923828125
4547.38623046875
4379.39306640625
4217.55419921875
4061.75634765625
3911.895751953125
3767.7490234375
3629.447265625
3496.6904296875
3369.32177734375
3247.07275390625
3129.72509765625
3016.9765625
2908.42138671875
2804.036865234375
2703.553955078125
2606.88916015625
2513.66943359375
2423.867431640625
2337.294677734375
2253.924560546875
2173.185546875
2094.66845703125
2018.1043701171875
1943.5634765625
