2056.576416015625
2018.7745361328125
2038.1561279296875
2051.462646484375
2071.822509765625
2084.31982421875
2122.69384765625
2161.647705078125
2180.12060546875
2178.199462890625
2178.5244140625
2179.4541015625
2180.23095703125
2183.6982421875
2190.449951171875
2198.0048828125
2215.68701171875
2232.82470703125
2252.396728515625
2292.373779296875
2350.838623046875
2425.90234375
2509.665283203125
2606.343017578125
2712.883056640625
2827.257080078125
2948.092041015625
3073.4931640625
3201.08642578125
3331.98291015625
3466.75927734375
3605.694580078125
130.24855041503906
138.64744567871094
141.546142578125
140.7739715576172
138.43031311035156
135.80233764648438
2857.498291015625
3062.15966796875
3226.3876953125
3479.922119140625
3694.494873046875
3893.679931640625
4085.663330078125
4277.2822265625
4468.42626953125
4678.65234375
4882.11083984375
5090.10205078125
5305.84814453125
5516.3447265625
5721.9072265625
5925.873046875
6108.6201171875
6270.44384765625
6401.94580078125
6504.80419921875
6587.31298828125
6654.748046875
6715.88134765625
6743.3505859375
6750.43798828125
6754.61865234375
6761.67236328125
6769.16455078125
6692.59716796875
6344.583984375
6039.10986328125
5770.6767578125
5523.12060546875
5284.36376953125
5047.2685546875
4809.47509765625
4565.9482421875
4334.24267578125
4124.068359375
3925.92822265625
3731.7314453125
3547.70654296875
3371.51025390625
3198.333984375
3026.21630859375
2855.6123046875
2704.179931640625
2580.017822265625
2448.156494140625
2301.1767578125
2135.595703125
1993.7115478515625
1837.611572265625
1660.6201171875
1551.8641357421875
