2035.20751953125
1810.8590087890625
1810.0654296875
1611.7425537109375
1502.6751708984375
1444.56982421875
1411.095947265625
1398.015625
1389.43505859375
1377.981201171875
1368.6422119140625
1359.4669189453125
1348.504150390625
1336.434814453125
1328.1409912109375
1322.4993896484375
1317.4566650390625
1314.0299072265625
1313.059814453125
1313.593505859375
1315.4141845703125
1319.48095703125
1328.5010986328125
1345.134521484375
1370.2255859375
1403.5198974609375
1444.046630859375
1490.1954345703125
1541.3232421875
1596.5341796875
1657.667724609375
1718.648681640625
134.23849487304688
131.74093627929688
135.98089599609375
141.61477661132812
147.20779418945312
152.7330780029297
2030.4169921875
2146.123291015625
2159.68994140625
2185.648193359375
2215.48291015625
2246.00634765625
2278.025390625
2312.446533203125
2348.62939453125
2396.5869140625
2455.615478515625
2525.0302734375
2590.534912109375
2654.56689453125
2714.876220703125
2767.780517578125
2818.359619140625
2864.985595703125
2904.80322265625
2937.7080078125
2963.834228515625
2983.25634765625
2995.777587890625
3002.132080078125
3002.526123046875
2997.060546875
2986.19580078125
2969.830810546875
2948.2236328125
2921.94482421875
2892.067626953125
2857.969970703125
2819.81591796875
2778.10107421875
2733.05078125
2685.458740234375
2635.656005859375
2584.015625
2530.060791015625
2475.15673828125
2419.420654296875
2363.233154296875
2306.94384765625
2250.838134765625
2195.217529296875
2140.296142578125
2084.9111328125
2030.0780029296875
1976.96875
1950.86181640625
1925.04541015625
1874.88330078125
1826.3485107421875
1779.243896484375
1733.537841796875
