2032.7154541015625
2031.2886962890625
2069.27001953125
2153.672119140625
2162.0908203125
2157.750732421875
2183.6103515625
2214.8876953125
2253.134033203125
2301.201416015625
2353.736328125
2413.465576171875
2494.415283203125
2609.181884765625
2754.768798828125
2927.947265625
3127.233154296875
3345.804443359375
3583.78955078125
3839.272216796875
4108.43017578125
4391.08544921875
4683.51708984375
4982.65087890625
5289.35986328125
5597.52490234375
5916.162109375
6246.904296875
6590.5263671875
6966.45068359375
7410.453125
7915.99072265625
278.203857421875
263.7882995605469
259.95556640625
265.0198059082031
279.113037109375
296.8686218261719
315.4959411621094
8285.8359375
9574.4560546875
9666.626953125
9669.751953125
9707.1806640625
9722.724609375
9710.517578125
9667.603515625
9597.0654296875
9503.74609375
9390.5146484375
9259.4208984375
9110.1728515625
8944.9189453125
8768.23828125
8582.8095703125
8389.7763671875
8190.24658203125
7985.7216796875
7777.20703125
7565.73486328125
7353.3173828125
7140.5693359375
6927.64892578125
6714.9404296875
6502.97509765625
6292.4248046875
6084.76416015625
5981.62109375
5879.39892578125
5680.1357421875
5486.03076171875
5297.24560546875
5114.1123046875
4936.83642578125
4765.73974609375
4601.212890625
4443.2724609375
4291.70849609375
4146.29052734375
4006.73876953125
3871.674072265625
3742.0947265625
3618.95751953125
3501.3935546875
3388.9560546875
3281.165771484375
3177.94140625
3079.16796875
2984.55078125
2893.92529296875
2807.147216796875
2724.1416015625
2644.52099609375
2568.203369140625
