2072.2666015625
2037.9925537109375
2000.537109375
2021.5625
2054.420654296875
2070.08984375
2072.021240234375
2090.847412109375
2110.50830078125
2125.712646484375
2146.771484375
2179.468505859375
2210.0419921875
2235.28271484375
2259.570556640625
2284.193115234375
2310.9453125
2346.801025390625
2396.533935546875
2469.15380859375
2563.537841796875
2672.360595703125
2791.198974609375
2922.5537109375
3067.947265625
3224.897216796875
3394.326904296875
3579.2099609375
3779.112548828125
3990.99267578125
4210.68896484375
4434.32666015625
174.78309631347656
160.5195770263672
155.94703674316406
154.64096069335938
154.7713165283203
155.36276245117188
3938.8388671875
4195.73583984375
4323.28466796875
4457.46728515625
4601.982421875
4806.21875
5062.5126953125
5353.80126953125
5668.45166015625
6031.43896484375
6446.5537109375
6861.63232421875
7282.64013671875
7676.34765625
8044.3525390625
8352.85546875
8615.9033203125
8854.8349609375
9056.11328125
9182.505859375
9264.009765625
9308.2646484375
9302.0830078125
9272.73828125
9237.7666015625
9219.2802734375
9223.6953125
9233.7783203125
9332.4970703125
9475.9541015625
9436.9013671875
9350.6982421875
8911.58203125
8556.8876953125
8245.0673828125
7959.16015625
7686.79931640625
7424.34130859375
7170.8125
6926.470703125
6685.341796875
6444.287109375
6211.3515625
5996.2783203125
5790.74658203125
5593.201171875
5400.45361328125
5209.9794921875
5030.48046875
4863.435546875
4706.1015625
4556.66064453125
4413.57666015625
4275.24267578125
4139.6826171875
