2085.272216796875
2076.00341796875
2046.8526611328125
2024.11767578125
2009.926513671875
2004.859130859375
2029.0023193359375
2060.113037109375
2065.880615234375
2073.6123046875
2078.3466796875
2077.46337890625
2076.025146484375
2082.79296875
2092.060302734375
2100.176513671875
2113.6845703125
2129.5478515625
2158.915771484375
2187.529296875
2227.0859375
2271.28076171875
2338.423583984375
2436.941650390625
2536.06640625
2639.682373046875
2777.228271484375
2953.11474609375
3147.399658203125
3347.337158203125
3559.38232421875
3792.914794921875
181.74923706054688
178.62339782714844
178.40625
173.5487823486328
166.1611328125
157.7047119140625
149.38421630859375
3141.252197265625
3349.4462890625
3503.850341796875
3820.358642578125
4153.49267578125
4493.94580078125
4867.01416015625
5291.798828125
5740.19287109375
6018.7685546875
6309.99609375
6586.349609375
6848.775390625
7028.7119140625
7242.59130859375
7528.24560546875
7719.2158203125
7856.88818359375
7951.27587890625
8025.6044921875
8076.26123046875
8100.15478515625
8106.37841796875
8110.5849609375
8113.04638671875
8108.58251953125
8105.53173828125
8106.4501953125
7889.30517578125
7435.94189453125
7077.90380859375
6762.919921875
6477.5
6205.23974609375
5947.08544921875
5698.57275390625
5457.8232421875
5220.29541015625
4977.38720703125
4722.46044921875
4496.3681640625
4313.80908203125
4142.9521484375
3975.653564453125
3812.04345703125
3651.673828125
3494.329833984375
3340.187744140625
3192.81396484375
3051.8544921875
2917.40771484375
2788.73974609375
2673.85302734375
2566.632080078125
2462.88037109375
