2064.895751953125
2032.79248046875
2078.251708984375
2053.8271484375
2043.7098388671875
2042.3941650390625
2039.2513427734375
2043.6268310546875
2041.1748046875
2036.2069091796875
2036.7452392578125
2042.267578125
2051.296875
2057.5
2079.472412109375
2094.495361328125
2110.62255859375
2132.5322265625
2172.744140625
2219.020751953125
2274.486083984375
2336.833984375
2409.03662109375
2540.118896484375
2727.245849609375
2938.69140625
3025.19677734375
2920.1142578125
2789.35986328125
2590.351318359375
2491.998779296875
2545.20166015625
131.66815185546875
168.85816955566406
172.49111938476562
165.64199829101562
153.69032287597656
142.537353515625
133.1958770751953
2020.649658203125
2137.11376953125
2153.6455078125
2279.888427734375
2455.9638671875
2608.3505859375
2725.815185546875
2801.463134765625
2852.22607421875
2878.745849609375
2884.9169921875
2872.5478515625
2839.374267578125
2798.20068359375
2751.8046875
2703.028076171875
2652.386962890625
2599.998291015625
2548.894775390625
2500.122314453125
2452.969970703125
2409.01513671875
2363.8779296875
2316.31787109375
2267.083984375
2217.715087890625
2167.58984375
2117.93310546875
2070.03076171875
2024.9853515625
1982.3341064453125
1941.2772216796875
1900.737548828125
1861.09375
1822.6458740234375
1784.9879150390625
1747.7493896484375
1710.9603271484375
1675.00439453125
1639.7215576171875
1605.267578125
1571.2587890625
1537.681640625
1504.8206787109375
1472.7706298828125
1441.06982421875
1409.5482177734375
1378.37060546875
1347.2669677734375
1316.3199462890625
1285.591552734375
1255.2701416015625
1225.582763671875
1196.6085205078125
1168.3740234375
