2045.94287109375
2036.4241943359375
2036.4661865234375
2043.8035888671875
2075.198974609375
2119.31298828125
2159.072265625
2166.178955078125
2163.888916015625
2170.12255859375
2172.320068359375
2172.77197265625
2180.28759765625
2200.000732421875
2223.472412109375
2243.99072265625
2271.71240234375
2306.471435546875
2365.424560546875
2456.46435546875
2574.18310546875
2704.690673828125
2849.081787109375
3002.067626953125
3162.391357421875
3326.864013671875
3490.702880859375
3651.16552734375
3808.313720703125
3963.61376953125
4121.24560546875
4281.7822265625
186.9053497314453
190.2051544189453
190.16233825683594
186.88931274414062
181.47076416015625
175.50755310058594
170.51307678222656
3709.9091796875
4062.63427734375
4352.26806640625
4633.37890625
4912.64111328125
5171.59130859375
5425.34423828125
5675.33203125
5926.0146484375
6166.2021484375
6386.8974609375
6590.98291015625
6777.78515625
6949.86376953125
7111.34619140625
7267.09912109375
7425.17822265625
7582.4140625
7742.6865234375
7890.900390625
7806.10498046875
7500.2275390625
7237.421875
6997.228515625
6762.087890625
6531.7080078125
6299.6494140625
6056.9306640625
5812.15869140625
5575.28759765625
5349.04638671875
5137.27099609375
4936.6328125
4745.36279296875
4564.12841796875
4395.109375
4225.83740234375
4061.3642578125
3900.995361328125
3741.888671875
3585.94384765625
3433.843505859375
3286.479248046875
3144.123046875
3009.13134765625
2881.85595703125
2754.785400390625
2632.0986328125
2514.4267578125
2399.07958984375
2284.84814453125
2172.95361328125
2065.34814453125
1958.976806640625
