2085.474609375
2078.14208984375
2052.97900390625
2030.234375
2015.8292236328125
2016.322998046875
2040.25390625
2057.845947265625
2058.39111328125
2061.479736328125
2059.676025390625
2055.724365234375
2051.697021484375
2054.4794921875
2058.61865234375
2060.69091796875
2060.6806640625
2060.34619140625
2071.510498046875
2081.361328125
2086.7529296875
2090.556396484375
2099.402099609375
2115.19970703125
2132.59814453125
2146.660888671875
2160.861572265625
2175.594970703125
2188.339599609375
2200.478515625
2214.996337890625
2240.105712890625
127.42274475097656
128.5506591796875
129.13999938964844
129.52809143066406
129.76852416992188
129.93557739257812
1892.191162109375
2032.716552734375
2187.93701171875
2305.65380859375
2402.301025390625
2485.79541015625
2561.577880859375
2633.548095703125
2704.331787109375
2784.21240234375
2877.719970703125
2982.60791015625
3096.492431640625
3214.019287109375
3340.578369140625
3483.032470703125
3640.687744140625
3805.254638671875
3973.1953125
4140.515625
4309.69873046875
4487.708984375
4682.0869140625
4896.78271484375
5121.98828125
5354.4287109375
5596.53955078125
5858.076171875
6144.4462890625
6435.2890625
6749.0107421875
7066.5048828125
7330.4912109375
7513.73681640625
7692.19677734375
7873.88427734375
8036.2080078125
8143.939453125
8237.822265625
8391.5576171875
8505.8115234375
8541.271484375
8539.673828125
8548.421875
8572.171875
8597.8955078125
8610.12890625
8609.7666015625
8605.6796875
8613.9951171875
8584.7353515625
8549.7333984375
8601.2978515625
8725.978515625
