2069.45166015625
2036.989990234375
2008.4935302734375
2011.5355224609375
2075.633544921875
2061.35400390625
2051.8193359375
2090.791015625
2163.29052734375
2255.409423828125
2350.884765625
2441.05078125
2542.53955078125
2663.366943359375
2814.8876953125
2989.9892578125
3183.53125
3395.937255859375
3620.923583984375
3856.525146484375
4105.10986328125
4363.5830078125
4631.20654296875
4907.25732421875
5191.51513671875
5482.94384765625
5779.9482421875
6087.21484375
6409.77783203125
6800.5615234375
7227.685546875
7730.67626953125
316.11236572265625
307.5909423828125
313.8861083984375
321.9819030761719
329.99249267578125
337.1612548828125
7369.02294921875
7929.23046875
8214.4833984375
8438.7353515625
8652.8916015625
8851.994140625
9053.427734375
8800.05859375
8539.0380859375
8312.646484375
8108.7197265625
7914.33349609375
7720.150390625
7523.12158203125
7324.0712890625
7123.16455078125
6921.5283203125
6718.89013671875
6513.759765625
6305.91015625
6096.880859375
5886.8857421875
5673.34130859375
5464.431640625
5260.82763671875
5061.98388671875
4867.60693359375
4678.20166015625
4493.18017578125
4312.13671875
4134.39111328125
3957.426025390625
3783.874755859375
3615.390625
3453.655517578125
3298.50146484375
3149.491943359375
3006.4775390625
2871.56298828125
2744.818359375
2626.418701171875
2515.601318359375
2411.441650390625
2314.33056640625
2224.096435546875
2139.186767578125
2058.5546875
1981.059326171875
1907.2117919921875
1838.0811767578125
1775.1651611328125
1718.9276123046875
1667.0146484375
1617.932861328125
