1499.9991455078125
1500.0
1500.0
1500.0
1500.0
1500.0
1500.001220703125
1500.0
1499.9998779296875
1500.0
1500.0
1500.0
1499.998779296875
1499.9993896484375
1500.0
1499.9998779296875
1500.0
1499.9998779296875
1499.9998779296875
1499.9998779296875
1500.0
1499.9998779296875
1500.0
1500.0
1500.0
1500.0
1500.0
1500.0
1500.0
1500.0
1500.0
1499.999267578125
99.93001556396484
99.99987030029297
100.0
100.0
100.0
100.0
1500.0
1500.0
1499.99951171875
1500.0
1500.0
1500.0
1500.0
1500.0
1500.0
1500.0
1500.0
1500.0
1500.0
1500.0
1500.0
1500.0
1499.9957275390625
1500.0
1500.0
1500.0
1468.161865234375
1431.032958984375
1397.9747314453125
1366.030517578125
1334.6343994140625
1303.6995849609375
1273.2818603515625
1243.33447265625
1213.639892578125
1184.571533203125
1155.2923583984375
1126.1029052734375
1097.294189453125
1069.08203125
1041.5931396484375
1014.9725341796875
989.5450439453125
965.3770141601562
942.2883911132812
920.128173828125
898.5167236328125
877.3632202148438
856.73779296875
836.6281127929688
816.919677734375
797.6238403320312
778.9352416992188
760.9569091796875
743.474365234375
726.5668334960938
710.2479248046875
694.5049438476562
679.374267578125
664.8389282226562
