1499.9954833984375
1500.0
1500.0
1500.0
1500.0
1500.0
1500.0
1500.0
1500.0
1500.0
1500.0
1500.0
1500.0
1500.0
1500.0
1500.0
1500.0
1500.0
1500.0
1500.0
1500.0
1500.0
1500.0
1500.0
1500.0
1500.0
1500.0
1500.0
1500.0
1500.0
1500.0
1500.0
100.0
100.0
100.0
100.0
100.0
100.0
1499.998046875
1500.0
1500.0
1500.0
1500.0
1500.0
1500.0
1500.0
1500.0
1500.0
1500.0
1500.0
1500.0
1500.0
1500.0
1500.0
1500.0
1500.0
1500.0
1500.0
1500.0
1500.0
1500.0
1500.0
1499.9993896484375
1500.0
1500.0
1500.0
1500.0
1499.997314453125
1500.0
1500.0
1500.0
1500.0
1500.0
1499.9996337890625
1499.998291015625
1499.9998779296875
1499.9993896484375
1500.0
1499.9736328125
1499.999267578125
1500.0
1499.92041015625
1464.89794921875
1403.731689453125
1350.154541015625
1302.9932861328125
1262.6148681640625
1221.6878662109375
1176.12744140625
1131.0225830078125
1091.311767578125
1055.2030029296875
1020.1759033203125
