1480.1978759765625
1282.9990234375
1153.7708740234375
1055.0836181640625
1011.1278686523438
991.9660034179688
983.2933349609375
975.741943359375
967.4708862304688
959.1825561523438
949.0380859375
938.860107421875
928.5983276367188
918.4247436523438
908.0897827148438
897.3289184570312
886.7699584960938
876.2830810546875
865.6561279296875
854.9833374023438
843.8182373046875
832.05126953125
819.43408203125
805.7261962890625
790.777587890625
774.6090087890625
757.345703125
739.4278564453125
721.519775390625
704.7904663085938
687.8527221679688
671.072265625
100.0
100.0
100.0
100.0
100.0
100.0
695.5156860351562
644.0780639648438
606.8203735351562
582.6588134765625
564.4971923828125
548.8448486328125
534.1116943359375
519.6124877929688
505.05926513671875
490.2197570800781
475.0794982910156
459.5357666015625
444.6578369140625
430.36199951171875
416.26434326171875
402.2408447265625
388.0394287109375
373.9397888183594
360.0130920410156
346.29547119140625
332.7605895996094
319.49005126953125
306.52716064453125
293.90478515625
281.7425231933594
270.0897521972656
258.9871520996094
248.4429473876953
238.33419799804688
228.61099243164062
219.29251098632812
210.32666015625
201.71742248535156
193.48165893554688
185.58428955078125
177.93917846679688
170.5130157470703
163.51698303222656
156.87884521484375
150.58010864257812
144.59469604492188
138.90188598632812
133.4691162109375
128.2881622314453
123.34742736816406
118.57414245605469
113.86973571777344
109.48772430419922
105.31901550292969
101.31637573242188
97.49119567871094
93.85452270507812
90.30594635009766
86.82650756835938
