1499.9998779296875
1500.0
1500.0
1500.0
1500.0
1500.0
1500.0
1500.0
1500.0
1500.0
1500.0
1500.0
1500.0
1500.0
1500.0
1500.0
1500.0
1500.0
1500.0
1499.9998779296875
1500.0
1500.0
1500.0
1500.0
1500.0
1500.0
1500.0
1500.0
1500.0
1500.0
1500.0
1500.0
100.12935638427734
100.0
100.0
100.0
100.0
100.0
1500.0
1500.0
1500.0
1500.0
1500.0
1500.0
1500.0
1500.0
1500.0
1500.0
1500.0
1500.0
1500.0
1500.0
1500.0
1500.0
1500.0
1500.0
1500.0
1500.0
1500.0
1451.987060546875
1390.732177734375
1330.999267578125
1272.9874267578125
1216.8204345703125
1162.67822265625
1110.3988037109375
1059.8837890625
1011.0020751953125
963.6425170898438
917.770751953125
873.44580078125
830.7371826171875
789.8165283203125
750.6981811523438
713.3601684570312
677.46728515625
643.628173828125
611.4136352539062
580.9361572265625
550.744140625
523.9275512695312
498.4886169433594
474.5395812988281
452.02655029296875
430.8382263183594
410.5931701660156
391.5824279785156
373.5809326171875
356.6575622558594
340.6948547363281
325.5217590332031
311.1847839355469
