1268.5853271484375
1013.1678466796875
812.5298461914062
707.731201171875
675.52294921875
653.3673706054688
634.865966796875
618.5363159179688
603.526123046875
589.3697509765625
575.1033325195312
560.3814697265625
545.1522216796875
529.8422241210938
513.1022338867188
497.96417236328125
483.6318054199219
469.5724792480469
455.0639953613281
440.5491943359375
425.859619140625
411.0184326171875
396.04315185546875
381.11572265625
366.18450927734375
351.49249267578125
337.02362060546875
322.7870788574219
311.9455261230469
302.12603759765625
293.5920104980469
288.1963195800781
100.0
100.0
100.0
100.0
100.0
100.0
336.0926818847656
300.7212829589844
280.0714111328125
269.48724365234375
263.7531433105469
259.2092590332031
255.14353942871094
251.3465118408203
247.788330078125
244.84275817871094
242.04888916015625
239.39126586914062
236.73143005371094
234.00880432128906
231.23585510253906
228.4374542236328
225.53273010253906
222.49636840820312
219.22865295410156
215.5320281982422
211.8759765625
208.42906188964844
204.92503356933594
201.5330352783203
198.0999298095703
194.53013610839844
190.8590087890625
187.16983032226562
183.4745330810547
179.78610229492188
176.22433471679688
172.72149658203125
169.1736602783203
165.599853515625
162.0437469482422
158.5272979736328
155.06292724609375
151.58511352539062
148.1206817626953
144.67147827148438
141.30369567871094
138.01173400878906
134.74195861816406
131.51919555664062
128.3601531982422
125.2581558227539
122.22991943359375
119.28822326660156
116.45879364013672
113.7396011352539
111.13619232177734
108.62332916259766
106.20044708251953
103.86863708496094
