1500.0
1366.9259033203125
1082.29736328125
1006.5818481445312
963.4784545898438
931.4545288085938
903.9741821289062
879.439697265625
859.6592407226562
839.42333984375
819.3015747070312
802.206787109375
788.995361328125
778.1181030273438
767.2130126953125
756.152587890625
744.8845825195312
733.6437377929688
722.107421875
710.2991333007812
698.519775390625
686.3085327148438
673.1809692382812
659.0869140625
645.60107421875
632.9998779296875
621.1919555664062
610.6221923828125
601.42578125
594.3553466796875
588.6913452148438
583.16064453125
99.99820709228516
100.0
100.0
100.0
100.0
100.0
745.127197265625
666.3838500976562
612.9799194335938
569.257568359375
547.6221313476562
533.5103149414062
522.2936401367188
511.76690673828125
501.2431945800781
491.11163330078125
481.0964660644531
470.45965576171875
459.51849365234375
448.37384033203125
436.466064453125
423.8268127441406
410.491943359375
398.36773681640625
386.4119567871094
374.43133544921875
366.2577209472656
359.07171630859375
352.07342529296875
345.9764709472656
339.89581298828125
333.83746337890625
327.79852294921875
322.2898864746094
316.7427978515625
311.11279296875
305.4731750488281
299.883544921875
294.2945251464844
288.6839904785156
283.0263671875
277.3785400390625
271.7645263671875
266.18804931640625
260.648193359375
255.1249542236328
249.60916137695312
244.16549682617188
238.79339599609375
233.52708435058594
228.3289337158203
223.22222900390625
218.210205078125
213.2931671142578
208.4659881591797
203.73446655273438
199.12477111816406
194.61517333984375
190.20474243164062
185.9551544189453
