1499.99951171875
1500.275146484375
1500.0
1500.0
1500.0
1500.0
1500.0
1500.0
1500.0
1500.0
1500.0
1500.0
1500.0
1500.0
1500.0
1500.0
1500.0
1500.0
1500.0
1500.0
1500.0
1500.0
1500.0
1500.0
1500.0
1500.0
1500.0
1500.0
1500.0
1500.0
1500.0
1500.0
99.99675750732422
100.0
100.0
100.0
100.0
100.0
1500.00244140625
1500.0
1500.0
1478.5164794921875
1442.590087890625
1405.8941650390625
1365.728271484375
1322.2144775390625
1276.6092529296875
1230.277099609375
1185.938232421875
1142.0628662109375
1098.3485107421875
1055.5362548828125
1014.9253540039062
976.0162353515625
938.5051879882812
902.2617797851562
866.9540405273438
832.4443359375
798.723876953125
765.5870361328125
732.913818359375
701.0217895507812
670.2308349609375
640.6392211914062
612.2868041992188
584.3265380859375
558.163818359375
531.4065551757812
507.2220458984375
484.2532958984375
462.406982421875
441.4519348144531
421.4117126464844
401.6718444824219
382.9671325683594
365.1064453125
348.3703918457031
332.468994140625
317.8353576660156
304.6819152832031
292.60052490234375
281.3318176269531
270.6889343261719
260.5624084472656
250.89718627929688
241.65521240234375
232.79322814941406
224.29122924804688
216.10923767089844
208.25657653808594
200.7223358154297
193.5399932861328
