1499.9989013671875
1499.9998779296875
1500.0
1500.0
1500.0
1500.0
1500.0
1500.0
1500.0
1500.0
1500.0
1500.0
1500.0
1500.0
1500.0
1500.0
1500.0
1500.0
1500.0
1500.0
1500.0
1500.0
1500.0
1500.0
1500.0
1500.0
1500.0
1500.0
1500.0
1500.0
1500.0
1500.0
99.9999008178711
100.0
100.0
100.0
100.0
100.0
1500.0675048828125
1500.0
1500.0
1500.0
1500.0
1500.0
1500.0
1500.0
1500.0
1500.0
1500.0
1500.0
1500.0
1500.0
1500.0
1500.0
1500.0
1500.0
1500.0
1500.0
1500.0
1500.0
1500.0
1500.0
1500.0
1500.0
1500.0
1500.0
1500.0
1500.0
1500.0
1473.696044921875
1420.1568603515625
1369.1767578125
1319.6151123046875
1271.0582275390625
1224.064208984375
1178.3216552734375
1134.24072265625
1091.5673828125
1050.22216796875
1010.383544921875
972.1371459960938
935.3969116210938
899.6774291992188
864.6060180664062
831.0780639648438
798.5601806640625
770.302490234375
745.8359985351562
723.1625366210938
701.68408203125
681.1123046875
661.4769897460938
