1499.999755859375
1500.0
1500.0
1500.0
1500.0001220703125
1500.0
1500.0
1500.0
1500.0
1499.9998779296875
1500.0
1500.0
1500.0
1500.0
1500.0
1500.0
1500.0
1500.0
1500.0
1500.0
1500.0
1500.0
1500.0
1500.0
1500.0
1500.0
1500.0
1500.0
1500.0
1500.0
1500.0
1500.0
100.0
99.9009780883789
99.99991607666016
99.99993896484375
99.99995422363281
99.99999237060547
1500.0
1500.0
1500.0
1500.0018310546875
1500.001220703125
1500.0013427734375
1500.001220703125
1499.9984130859375
1500.0010986328125
1500.0009765625
1499.9984130859375
1500.0006103515625
1500.0
1500.0
1500.0
1500.0
1500.0
1500.0
1500.0
1500.0
1500.0
1500.0
1500.0
1500.0
1500.0
1500.0
1500.0
1500.0
1500.0
1486.81298828125
1430.384521484375
1378.5902099609375
1329.200439453125
1281.7257080078125
1235.9541015625
1191.7568359375
1149.0682373046875
1107.830322265625
1068.009521484375
1029.427001953125
992.1565551757812
956.2802734375
921.7660522460938
888.6419067382812
856.8932495117188
826.4166870117188
797.1718139648438
769.1375732421875
742.2484130859375
716.4216918945312
691.6404418945312
667.8531494140625
645.0466918945312
623.1844482421875
