1500.0
1500.0
1500.0
1500.0008544921875
1500.0
1500.0
1500.0
1500.0
1499.998291015625
1500.0
1500.0
1500.0
1500.0
1499.9998779296875
1500.0
1499.9998779296875
1500.0
1500.0
1500.0
1500.0
1475.2738037109375
1414.438720703125
1347.191162109375
1275.8837890625
1198.0894775390625
1117.149658203125
1036.828125
960.3157958984375
891.164794921875
828.2096557617188
781.8999633789062
743.8245239257812
100.0
100.0
100.0
100.0
100.0
100.0
1187.6737060546875
889.052490234375
843.3261108398438
789.3984985351562
754.7781982421875
702.9973754882812
657.3684692382812
636.4114990234375
615.92431640625
580.31005859375
547.3265380859375
517.3675537109375
490.57586669921875
466.4803771972656
444.87542724609375
425.01446533203125
406.3880310058594
388.8663330078125
372.8578796386719
357.58392333984375
343.2139892578125
329.6674499511719
317.0540771484375
305.38507080078125
294.59552001953125
284.6576843261719
275.5948791503906
267.389892578125
259.8928527832031
252.90814208984375
246.2860565185547
239.9146270751953
233.7096710205078
227.75906372070312
222.0467529296875
216.53622436523438
211.2970428466797
206.27288818359375
201.38656616210938
196.64715576171875
192.0688934326172
187.64503479003906
183.37075805664062
179.2386474609375
175.2405242919922
171.3667449951172
167.60812377929688
163.96192932128906
160.4300079345703
157.01731872558594
153.720947265625
150.5307159423828
147.44003295898438
144.45013427734375
141.56346130371094
138.7800750732422
136.16688537597656
