1499.999755859375
1500.0
1500.0
1500.0
1500.0
1500.0
1500.0
1500.0
1500.0
1500.0
1500.0
1500.0
1500.0
1500.0
1500.0
1500.0
1500.0
1500.0
1500.0
1500.0
1500.0
1500.0
1500.0
1500.0
1500.0
1500.0
1500.0
1500.0
1500.0
1500.0
1500.0
1500.0
100.0
99.87183380126953
100.00252532958984
99.9951400756836
100.0
100.0
1500.0
1500.0
1500.0
1500.0018310546875
1500.0009765625
1500.0008544921875
1500.0003662109375
1500.00048828125
1500.000244140625
1500.0003662109375
1500.0
1500.0
1500.0
1500.0
1499.999267578125
1500.0
1500.0
1500.00048828125
1500.0
1500.0
1500.0
1500.0
1500.0
1497.02197265625
1444.76708984375
1394.9847412109375
1346.4578857421875
1298.992919921875
1252.705322265625
1207.745849609375
1164.14501953125
1121.877197265625
1080.8773193359375
1041.081787109375
1002.5042724609375
965.1848754882812
929.0536499023438
894.140380859375
860.3937377929688
827.8464965820312
796.310302734375
766.0170288085938
736.9592895507812
709.1278686523438
682.483642578125
656.9269409179688
632.424560546875
608.9104614257812
586.3970947265625
564.9369506835938
544.4728393554688
524.8814697265625
506.2296142578125
488.41021728515625
