1499.9998779296875
1500.0
1499.999755859375
1500.0
1500.0
1500.0
1500.0
1500.0
1500.0
1500.0
1500.0
1500.0
1500.0
1500.0
1500.0
1500.0
1500.0
1500.0
1500.0
1500.0
1500.0
1500.0
1500.0
1500.0
1500.0
1500.0
1500.0
1500.0
1500.0
1453.8839111328125
1410.5057373046875
1370.2890625
100.0
100.00004577636719
100.0
100.0
100.0
100.0
1500.0
1500.0
1312.0172119140625
1163.1585693359375
1099.524658203125
1062.3564453125
1032.0927734375
1002.7997436523438
988.2479858398438
973.5872802734375
943.2660522460938
912.318359375
881.0535888671875
849.8265380859375
818.6167602539062
787.5621948242188
756.7542114257812
726.2993774414062
696.332275390625
666.949462890625
638.2808227539062
610.465087890625
583.4736328125
557.4238891601562
532.3939208984375
508.3492736816406
485.25726318359375
463.12457275390625
441.9044189453125
421.60302734375
402.2245788574219
383.76708984375
366.2184753417969
349.4286804199219
333.5318908691406
318.4559631347656
304.1557922363281
290.5921630859375
277.5826110839844
265.1027526855469
253.0282745361328
241.59402465820312
231.33128356933594
221.47361755371094
212.03268432617188
203.009521484375
194.36962890625
186.12779235839844
178.4188995361328
171.0879669189453
164.1710205078125
157.60963439941406
151.31639099121094
145.35629272460938
139.76223754882812
134.48236083984375
