1500.0
1500.0
1500.0
1500.00146484375
1500.0
1500.0
1500.0
1500.0
1500.0
1500.0
1500.0
1500.0
1500.0
1500.0
1500.0
1499.9996337890625
1500.0
1500.0
1500.0
1500.0
1500.0
1500.0
1500.0
1500.0
1500.0
1500.0
1500.0
1500.0
1500.0
1500.0
1500.0
1500.0
100.00020599365234
100.0
100.0
100.0
100.0
100.0
1500.0
1496.48779296875
1500.0
1500.000244140625
1466.137939453125
1372.5250244140625
1284.1875
1201.7177734375
1122.6412353515625
1057.055908203125
999.6585693359375
954.405029296875
920.3206176757812
886.5943603515625
852.3555908203125
825.3271484375
800.8551635742188
778.5057983398438
757.7146606445312
737.1488037109375
716.6411743164062
696.2471923828125
675.9569091796875
655.8363647460938
635.9663696289062
616.4351806640625
597.056640625
577.72314453125
558.7200927734375
540.6192626953125
523.709228515625
507.63885498046875
492.25494384765625
477.6015625
463.6235656738281
450.30938720703125
437.514404296875
425.070068359375
412.88873291015625
400.9067687988281
389.4486083984375
378.54144287109375
367.93853759765625
357.6597595214844
347.755859375
338.3143005371094
329.27655029296875
320.6819152832031
312.50830078125
304.6772766113281
297.0982360839844
289.71868896484375
282.54766845703125
275.640625
