1500.0
1500.000244140625
1500.0
1500.0
1500.0
1499.9998779296875
1499.9998779296875
1500.0
1500.0
1500.0
1500.0
1500.0
1500.0
1500.0
1500.0
1499.9986572265625
1500.0
1500.0
1500.0
1500.0
1500.0
1500.0
1500.0
1500.0
1500.0
1500.0
1500.0
1500.0
1500.0
1500.0
1500.0
1500.0
78.302490234375
99.99909210205078
100.0
99.98837280273438
99.99959564208984
99.99993133544922
1499.1279296875
1492.0203857421875
1499.9981689453125
1499.9998779296875
1499.999755859375
1499.95849609375
1500.0
1499.87451171875
1372.051025390625
1263.7872314453125
1177.1011962890625
1101.8865966796875
1033.079345703125
968.3264770507812
907.3929443359375
850.2689208984375
798.0545043945312
750.9846801757812
708.6532592773438
672.1168823242188
640.84814453125
613.3580932617188
588.6697998046875
566.2515869140625
546.189208984375
527.535400390625
511.2397766113281
496.3049011230469
485.0213928222656
475.6291809082031
470.9758605957031
466.4099426269531
456.9414367675781
447.1473083496094
437.13348388671875
426.7106628417969
416.7099914550781
406.944091796875
397.0404357910156
386.96783447265625
378.8522033691406
373.3210754394531
369.0024108886719
364.7357482910156
359.37396240234375
352.5340881347656
344.6097412109375
335.5902404785156
330.0142517089844
320.71026611328125
306.6912536621094
293.402099609375
278.6484375
264.4698486328125
256.5433349609375
