1499.9998779296875
1500.0
1500.0
1499.999755859375
1500.0
1500.0
1500.0
1500.0
1500.0
1500.0
1500.0
1462.288330078125
1423.9698486328125
1398.373291015625
1380.0084228515625
1362.1485595703125
1342.2236328125
1320.68017578125
1298.30517578125
1275.4493408203125
1252.1942138671875
1227.396484375
1205.0408935546875
1182.8712158203125
1160.544921875
1138.2618408203125
1115.6075439453125
1092.1915283203125
1069.126708984375
1044.4498291015625
1018.6643676757812
993.5613403320312
100.00000762939453
99.99998474121094
100.0
100.0
100.0
100.0
1397.4599609375
1142.03125
1007.2637939453125
922.0655517578125
873.4013061523438
840.8306884765625
822.16162109375
803.632568359375
781.5485229492188
756.4468383789062
728.926025390625
699.675048828125
675.0928955078125
656.9320068359375
640.8748168945312
626.9554443359375
613.671630859375
600.6639404296875
587.8842163085938
575.3406982421875
563.0099487304688
550.7537841796875
538.545654296875
526.3983154296875
514.3087158203125
502.30010986328125
490.3830871582031
478.5599365234375
466.80267333984375
455.126953125
443.5306091308594
432.0852966308594
420.785400390625
409.7086181640625
398.9170227050781
388.44415283203125
378.31463623046875
368.53338623046875
359.10076904296875
350.0383605957031
341.2446594238281
332.7318115234375
324.522705078125
316.5775451660156
308.8916320800781
301.49951171875
294.365478515625
287.505859375
280.944580078125
274.675048828125
271.2105712890625
268.66259765625
262.9356384277344
257.4468688964844
252.32000732421875
