1500.0018310546875
1499.9993896484375
1500.0
1500.0
1500.0
1500.0
1500.0
1500.0
1500.0
1500.0
1500.0
1500.0
1500.0
1500.0
1500.0
1500.0
1500.0
1500.0
1500.0
1500.0
1500.0
1500.0
1500.0
1500.0
1500.0
1500.0
1500.0
1500.0
1500.0
1500.0
1500.0
1500.0
99.9522933959961
99.99995422363281
100.0
100.0
100.0
100.0
1499.964599609375
1500.0
1500.0
1500.0
1499.9998779296875
1499.2572021484375
1459.7470703125
1422.06103515625
1384.6375732421875
1347.0526123046875
1309.2869873046875
1271.108154296875
1232.543701171875
1195.6436767578125
1159.47705078125
1123.59326171875
1087.8824462890625
1052.5203857421875
1017.5707397460938
984.2763061523438
952.7036743164062
922.7833251953125
893.3977661132812
864.112548828125
835.224609375
806.624755859375
778.2408447265625
750.054443359375
722.307861328125
694.8079223632812
667.7927856445312
641.6679077148438
616.419921875
591.9733276367188
567.4649047851562
543.9841918945312
521.2734985351562
499.3667297363281
478.33966064453125
458.2338562011719
438.5858154296875
419.51153564453125
401.4376525878906
384.0380859375
367.73406982421875
352.471923828125
338.45355224609375
325.72698974609375
313.9894104003906
303.1091613769531
292.9458923339844
283.41522216796875
274.4703369140625
270.1455078125
265.9497375488281
