1500.0
1500.0
1500.000732421875
1500.0
1500.0
1500.0
1500.0
1500.0
1500.0
1500.0
1500.0
1500.0
1500.0
1500.0
1500.0
1500.0
1500.0
1500.0
1500.0
1500.0
1500.0
1500.0
1500.0
1500.0
1500.0
1500.0
1500.0
1500.0
1500.0
1500.0
1500.0
1500.0
100.00830078125
100.0
100.0
100.0
100.0
100.0
1500.0
1499.7178955078125
1499.960205078125
1500.0
1500.0
1500.0
1500.0
1483.018798828125
1424.880615234375
1371.5772705078125
1319.0706787109375
1266.8154296875
1214.9122314453125
1163.4095458984375
1112.24658203125
1061.7647705078125
1012.4740600585938
964.7780151367188
941.7118530273438
928.964111328125
919.4810791015625
892.21728515625
877.5950317382812
838.1627197265625
798.7518310546875
761.9534301757812
726.7845458984375
692.7755126953125
660.923828125
631.21142578125
603.6795043945312
577.990478515625
554.0380249023438
531.6646118164062
510.7767333984375
491.286376953125
473.08697509765625
456.1748352050781
440.6422424316406
426.6036071777344
411.6517333984375
397.4199523925781
384.9107666015625
373.8876953125
364.0530700683594
355.2525634765625
347.3397521972656
340.2564697265625
333.7249755859375
327.54254150390625
321.6013488769531
315.8900146484375
310.3016357421875
304.8500061035156
299.5603332519531
294.4058837890625
289.37298583984375
284.4949035644531
279.8265686035156
