1500.0
1500.0
1498.7451171875
1500.0
1500.0
1500.0
1499.9993896484375
1500.0
1500.0
1500.0
1500.0
1500.0
1500.0
1500.0
1500.0
1500.0
1500.0
1500.0
1500.0
1500.0
1499.9998779296875
1500.0
1500.0
1500.0
1500.0
1457.2392578125
1386.7523193359375
1304.5283203125
1205.5418701171875
1087.605712890625
985.2461547851562
912.1312866210938
100.0
100.0
100.0
100.0
100.0
100.0
1241.8524169921875
1093.6051025390625
906.4330444335938
821.49609375
772.4007568359375
729.8833618164062
692.647705078125
660.082763671875
630.3363037109375
602.520751953125
577.757568359375
555.6546630859375
535.1991577148438
515.9718017578125
497.8278503417969
480.2178955078125
463.01104736328125
446.4284362792969
430.5166015625
422.770751953125
415.23016357421875
400.766357421875
386.819091796875
373.32025146484375
360.2259826660156
347.8117980957031
335.91363525390625
324.48822021484375
313.7228088378906
303.5925598144531
294.0827331542969
285.1137390136719
276.522216796875
268.29547119140625
260.43927001953125
252.94056701660156
245.79600524902344
239.0087432861328
232.52601623535156
226.31471252441406
220.3822479248047
214.69712829589844
209.27162170410156
204.0762939453125
199.09429931640625
194.3189239501953
189.7806396484375
185.4383544921875
181.29995727539062
177.36851501464844
173.61483764648438
170.02688598632812
166.5874786376953
163.30010986328125
160.14878845214844
