1500.0
1500.0
1500.0003662109375
1500.0
1499.9998779296875
1499.9998779296875
1500.0
1500.0
1500.0
1500.0
1500.0
1499.9969482421875
1500.0
1500.0
1500.0
1500.0
1500.0
1500.0
1500.0
1500.0
1500.0
1500.0
1500.0
1500.0
1500.0
1500.0
1500.0
1500.0
1500.0
1500.0
1500.0
1500.0
100.0
100.00089263916016
99.99966430664062
100.0
100.0
100.0
1500.0
1500.0
1500.0
1499.982421875
1499.5816650390625
1500.001953125
1500.0009765625
1499.99951171875
1499.988525390625
1499.9979248046875
1481.1087646484375
1437.3787841796875
1396.89599609375
1356.732177734375
1316.5360107421875
1276.32373046875
1236.3978271484375
1196.72021484375
1157.3177490234375
1118.1866455078125
1079.36572265625
1040.875244140625
1002.9638061523438
965.735107421875
929.2832641601562
893.63623046875
858.9403076171875
825.2184448242188
792.8500366210938
762.14501953125
732.9447631835938
705.0741577148438
678.3720092773438
652.714599609375
628.0360717773438
604.255615234375
581.3111572265625
559.1372680664062
537.7556762695312
517.1387329101562
497.318359375
478.329345703125
460.1484680175781
442.74493408203125
426.0829162597656
410.0611572265625
394.70697021484375
380.0277099609375
365.956787109375
352.461669921875
339.5297546386719
327.11895751953125
315.280517578125
303.4204406738281
