1499.999267578125
1347.5687255859375
1065.874755859375
982.86181640625
936.2764892578125
900.51953125
871.1480712890625
844.3067626953125
824.9971923828125
807.2781372070312
789.5245361328125
773.024658203125
758.500732421875
744.4658203125
730.4641723632812
716.43115234375
701.6619873046875
685.70166015625
670.386474609375
655.5536499023438
640.917724609375
626.3524169921875
611.9052734375
597.9170532226562
584.2498168945312
570.9049072265625
558.7083129882812
547.509521484375
535.7676391601562
523.3214111328125
510.7933654785156
498.37420654296875
99.99992370605469
100.0
100.0
100.0
100.0
100.0
667.7615356445312
579.5904541015625
491.4671325683594
440.78668212890625
411.9673767089844
394.12164306640625
385.361083984375
378.21331787109375
370.9634094238281
363.9526062011719
356.7548522949219
349.579345703125
342.70233154296875
335.7784423828125
328.5882263183594
321.1935729980469
313.58856201171875
305.90911865234375
298.1318664550781
291.0146789550781
284.2878723144531
277.53839111328125
270.74847412109375
263.98089599609375
257.2698974609375
250.6405487060547
244.11537170410156
237.68357849121094
231.31849670410156
225.0999755859375
219.0031280517578
213.0382843017578
207.23037719726562
201.568603515625
196.0498809814453
190.69288635253906
185.57176208496094
180.70651245117188
175.98193359375
173.6804962158203
171.3956756591797
166.9665985107422
162.72166442871094
158.65371704101562
154.75421142578125
151.00341796875
147.39683532714844
143.92816162109375
140.59617614746094
137.39405822753906
134.30401611328125
131.3201141357422
128.4687042236328
125.72297668457031
123.07286071777344
