1499.9918212890625
1499.999755859375
1500.0
1500.0
1500.0
1500.0
1500.0
1500.0
1500.0
1500.0
1500.0
1500.0
1500.0
1500.0
1500.0
1500.0
1500.0
1500.0
1500.0
1500.0
1500.0
1500.0
1500.0
1500.0
1500.0
1500.0
1500.0
1500.0
1500.0
1500.0
1500.0
1500.0
100.0
99.99999237060547
100.0
100.0
100.0
100.0
1500.0
1500.0
1500.0
1500.0
1500.0
1500.0
1500.0
1500.0
1500.0
1500.0
1500.0
1500.0
1500.0
1500.0
1500.0
1500.0
1500.0
1500.0
1500.0
1500.0
1500.0
1500.0
1500.0
1500.0
1500.0
1499.9998779296875
1500.0
1500.0
1500.0
1500.0
1500.0
1500.0
1500.0
1499.9990234375
1500.0
1499.956787109375
1500.0
1499.99951171875
1499.98095703125
1500.0
1499.9996337890625
1500.0
1499.9951171875
1500.0
1500.0
1499.9974365234375
1499.9903564453125
1500.0
1474.3143310546875
1351.06103515625
1256.4879150390625
1213.9302978515625
1176.5745849609375
1137.0555419921875
