1500.0
1500.0
1500.0
1491.2169189453125
1500.0
1500.0
1500.0
1500.0
1500.0
1500.0
1500.0
1499.998046875
1500.0
1500.0
1500.0
1499.999755859375
1500.0
1500.0
1500.0
1500.0
1500.0
1500.0
1500.0
1500.0
1500.0
1500.0
1500.0
1500.0
1500.0
1500.0
1500.0
1500.0
100.00022888183594
100.0
100.0
100.0
100.0
100.0
1500.0
1498.8924560546875
1499.7373046875
1499.998779296875
1467.2828369140625
1374.5113525390625
1287.4019775390625
1205.6011962890625
1126.73583984375
1057.208251953125
997.8118286132812
952.29931640625
917.8948364257812
883.7354125976562
849.825439453125
822.822021484375
798.1299438476562
775.7350463867188
754.7733154296875
734.1205444335938
713.5111083984375
693.0736694335938
672.7836303710938
652.699462890625
632.8656005859375
613.3192749023438
593.8700561523438
574.6722412109375
556.0535278320312
538.276611328125
521.5496215820312
505.55511474609375
490.3515930175781
475.8052062988281
461.883544921875
448.636962890625
435.9381103515625
423.5959167480469
411.4820861816406
399.5892028808594
388.1904296875
377.36907958984375
366.8507080078125
356.584228515625
346.6585998535156
337.1502685546875
328.1061706542969
319.54229736328125
311.4006042480469
303.5856018066406
296.0175476074219
288.65911865234375
281.5279235839844
274.67718505859375
