1499.9991455078125
1499.9998779296875
1500.0
1500.0
1500.0
1500.0
1500.0
1500.0
1500.0
1500.0
1500.0
1499.986572265625
1500.0
1500.0
1500.0
1500.0
1500.0
1500.0
1500.0
1500.0
1500.0
1500.0
1500.0
1500.0
1500.0
1500.0
1500.0
1500.0
1500.0
1500.0
1500.0
1500.0
99.99978637695312
99.99835205078125
100.0
100.0
100.0
100.0
1499.9998779296875
1500.0
1500.0
1500.0
1500.0
1500.0
1500.0
1500.0
1500.0
1500.0
1500.0
1500.0
1500.0
1500.0
1500.0
1500.0
1500.0
1500.0
1500.0
1500.0
1500.0
1500.0
1500.0
1500.0
1500.0
1500.0
1500.0
1500.0
1500.0
1500.0
1500.0
1500.0
1500.0
1500.0
1454.967041015625
1404.503662109375
1357.1116943359375
1311.6063232421875
1267.5068359375
1224.591552734375
1182.818359375
1141.939453125
1101.932861328125
1062.7862548828125
1024.521728515625
987.5155639648438
952.3076171875
919.0955200195312
887.7501831054688
857.8975830078125
829.2393188476562
801.8032836914062
775.1885375976562
749.1807861328125
