1499.999755859375
1500.0
1500.0
1500.0
1500.0
1500.0
1500.0
1500.0
1500.0
1500.0
1500.0
1500.0
1500.0
1500.0
1500.0
1500.0
1500.0
1500.0
1500.0
1500.0
1500.0
1500.0
1500.0
1500.0
1500.0
1500.0
1500.0
1500.0
1500.0
1500.0
1500.0
1500.0
100.0
100.0
100.0
100.0
100.0
100.0
1500.0
1500.0
1499.9915771484375
1500.0001220703125
1500.0
1500.0
1500.0
1500.0
1500.0
1500.0
1500.0
1500.0
1500.0
1500.0
1500.0
1500.0
1493.77392578125
1422.2119140625
1357.74169921875
1296.8297119140625
1267.3319091796875
1238.490234375
1182.9193115234375
1129.7027587890625
1078.6292724609375
1029.497314453125
982.5670166015625
937.7166137695312
894.7857666015625
853.7620849609375
814.5968017578125
777.284423828125
741.8150634765625
708.1427001953125
676.1553955078125
645.7592163085938
616.9273681640625
589.5938720703125
563.7138671875
539.274658203125
516.17578125
494.3646545410156
473.69976806640625
454.1055603027344
435.5810546875
417.9757080078125
401.3277893066406
385.556640625
370.4549560546875
356.0994567871094
342.4269104003906
329.2036437988281
316.951416015625
305.588623046875
294.74554443359375
284.3931884765625
274.5221252441406
