1500.0
1367.159423828125
1082.6385498046875
1007.31494140625
964.60009765625
932.954345703125
905.8011474609375
881.34033203125
861.4671020507812
841.4725952148438
821.0170288085938
803.8718872070312
790.47607421875
779.60888671875
768.8314208984375
757.779541015625
746.5823364257812
735.4281005859375
724.0120849609375
712.2896728515625
700.5516967773438
688.5096435546875
675.707275390625
661.6443481445312
648.1339721679688
635.5156860351562
623.7194213867188
613.0095825195312
603.7403564453125
596.1514282226562
590.17041015625
584.6881103515625
99.99813079833984
100.0
100.0
100.0
100.0
100.0
749.0277709960938
667.5236206054688
614.5321655273438
571.088134765625
549.9437866210938
536.3555908203125
525.4185791015625
515.3801879882812
505.0061340332031
494.7765808105469
484.5147705078125
473.8949890136719
462.85577392578125
451.9756774902344
440.49932861328125
428.3453063964844
415.468017578125
402.6426696777344
390.9320373535156
378.9578552246094
369.2687072753906
362.2320556640625
354.9459533691406
347.9308776855469
341.8177185058594
335.80035400390625
329.7790222167969
324.2505798339844
318.7257080078125
313.1209716796875
307.4813232421875
301.9037780761719
296.3448791503906
290.7705078125
285.1611022949219
279.5252990722656
273.9149169921875
268.3448181152344
262.8133544921875
257.3062744140625
251.79916381835938
246.32403564453125
240.93344116210938
235.65025329589844
230.43858337402344
225.31614685058594
220.2869873046875
215.35513305664062
210.5183563232422
205.77099609375
201.14366149902344
196.62240600585938
192.20330810546875
187.8861846923828
