2068.3095703125
2037.609130859375
2007.31396484375
2027.40087890625
2059.83251953125
2050.81689453125
2045.3460693359375
2059.783935546875
2073.408935546875
2099.98681640625
2138.206787109375
2164.548095703125
2179.56689453125
2202.69091796875
2234.18896484375
2274.159912109375
2316.114501953125
2361.80322265625
2425.429931640625
2509.36767578125
2606.822021484375
2716.019287109375
2838.55224609375
2977.61474609375
3133.0361328125
3302.009033203125
3482.2685546875
3672.87841796875
3871.804931640625
4076.912841796875
4289.64404296875
4509.18896484375
172.8029327392578
167.08212280273438
170.88401794433594
176.46376037597656
182.16319274902344
187.60614013671875
4539.06103515625
4951.240234375
5127.89404296875
5240.83056640625
5354.9658203125
5494.52880859375
5668.8662109375
5883.21875
6144.5380859375
6432.3896484375
6752.189453125
7102.435546875
7467.7998046875
7875.38232421875
8310.0654296875
8749.6171875
9201.4404296875
9621.0693359375
10027.67578125
10361.400390625
10242.6923828125
10130.400390625
10012.7001953125
9889.01953125
9757.5166015625
9615.7568359375
9463.65234375
9302.4658203125
9132.9150390625
8955.7734375
8772.58984375
8585.9970703125
8397.609375
8207.5615234375
8015.791015625
7822.49267578125
7628.2060546875
7433.3369140625
7237.1103515625
7041.6767578125
6848.13671875
6656.14892578125
6466.09423828125
6278.53564453125
6097.33447265625
5922.83349609375
5754.5439453125
5590.93017578125
5432.42578125
5280.052734375
5133.28857421875
4991.5029296875
4854.36572265625
4721.232421875
