2076.226318359375
2051.18994140625
2033.62548828125
2022.887451171875
2005.435546875
2014.0145263671875
2024.3648681640625
2028.38671875
2052.083984375
2064.11572265625
2086.3154296875
2129.3916015625
2170.78515625
2232.158203125
2301.498291015625
2380.209716796875
2482.792724609375
2616.417724609375
2775.885498046875
2955.106201171875
3151.675537109375
3361.5595703125
3583.0390625
3816.431396484375
4065.291259765625
4329.27197265625
4606.96337890625
4896.48681640625
5199.59814453125
5520.58837890625
5856.12158203125
6210.7353515625
6598.4453125
331.458251953125
373.5863342285156
389.4744873046875
395.1998291015625
398.7392578125
402.4935302734375
7238.10986328125
7878.75
8114.7607421875
8208.166015625
8457.8564453125
8769.4248046875
9137.9423828125
9552.8330078125
9983.6298828125
10416.9619140625
10838.083984375
11239.2578125
11617.9560546875
11972.9931640625
12307.765625
12630.4931640625
12942.5888671875
13241.75390625
13527.46875
13797.29296875
14050.6875
14281.828125
14485.7431640625
14657.5166015625
14797.2177734375
14891.8896484375
14940.1357421875
14933.873046875
14874.3076171875
14758.4775390625
14589.0146484375
14378.8623046875
14144.0771484375
13892.376953125
13630.728515625
13019.345703125
12380.19140625
11807.3046875
11272.8056640625
10768.61328125
10294.1669921875
9847.8916015625
9426.9326171875
9029.9521484375
8656.5390625
8304.9013671875
7972.0458984375
7654.759765625
7352.4453125
7061.97900390625
6781.73095703125
6511.7841796875
6252.19775390625
6004.619140625
5769.74853515625
