2067.50341796875
2036.754638671875
2013.961669921875
1999.378173828125
2034.0390625
2040.46435546875
2070.55224609375
2089.930908203125
2108.112548828125
2130.270751953125
2170.521484375
2220.167236328125
2287.277099609375
2363.483642578125
2440.182861328125
2520.349365234375
2618.786376953125
2747.772705078125
2909.2548828125
3095.803466796875
3297.644775390625
3509.332275390625
3725.89013671875
3945.26171875
4165.98193359375
4385.7568359375
4603.5322265625
4818.35302734375
5029.1162109375
5240.763671875
5456.666015625
5670.125
5889.6708984375
247.3096160888672
229.3406219482422
217.02760314941406
202.15597534179688
186.3651885986328
171.5843048095703
4357.69287109375
4639.658203125
4792.86376953125
5046.474609375
5326.58642578125
5634.25048828125
5975.56884765625
6332.89697265625
6690.64990234375
7026.1142578125
7356.31201171875
7660.85595703125
7907.38037109375
8089.28076171875
8218.015625
8228.6474609375
7957.59326171875
7705.6845703125
7247.20263671875
6813.82275390625
6389.76171875
5991.6962890625
5621.88330078125
5267.82275390625
4941.70458984375
4647.9423828125
4357.76708984375
4080.4814453125
3848.070556640625
3666.250732421875
3490.7333984375
3319.128662109375
3149.36474609375
2986.289794921875
2837.789306640625
2702.4931640625
2570.48583984375
2451.676513671875
2353.4541015625
2277.412109375
2214.177978515625
2155.549072265625
2097.65966796875
2039.2740478515625
1978.4697265625
1901.9432373046875
1827.107421875
1753.1571044921875
1679.4083251953125
1605.937744140625
1534.7218017578125
1467.003173828125
1402.5126953125
1341.347900390625
1282.941650390625
1235.508544921875
