2072.691650390625
2042.2589111328125
2011.303955078125
1986.388916015625
2087.72705078125
2075.9306640625
2065.428466796875
2059.000244140625
2100.795654296875
2150.9384765625
2189.65478515625
2222.68359375
2253.05224609375
2286.23681640625
2330.12060546875
2388.984130859375
2466.1806640625
2567.854248046875
2693.332275390625
2838.05859375
2998.42578125
3172.805419921875
3357.750732421875
3550.745849609375
3750.189453125
3959.493896484375
4175.5625
4397.43994140625
4623.98876953125
4854.49609375
5093.30517578125
5339.564453125
203.76768493652344
189.14859008789062
193.47811889648438
201.40667724609375
209.52223205566406
216.905517578125
5235.9189453125
5594.18310546875
5703.7724609375
5795.80419921875
5930.01220703125
6107.86376953125
6328.1689453125
6578.3408203125
6855.34423828125
7191.6123046875
7550.49560546875
7942.4931640625
8306.28125
8680.0791015625
9029.869140625
9306.8232421875
9125.3017578125
8960.876953125
8796.8564453125
8624.4716796875
8441.333984375
8247.9609375
8045.46337890625
7835.95947265625
7621.78564453125
7404.5703125
7185.20166015625
6964.4560546875
6743.0126953125
6521.87744140625
6300.66796875
6080.46630859375
5863.16796875
5650.17724609375
5444.15234375
5247.884765625
5061.09765625
4883.35693359375
4711.9384765625
4547.00537109375
4388.5546875
4235.47705078125
4087.198974609375
3943.685302734375
3804.886474609375
3670.816650390625
3541.549072265625
3417.080322265625
3297.2490234375
3181.82666015625
3070.619873046875
2963.5107421875
2860.43212890625
2761.383544921875
