2066.8291015625
2035.165283203125
2009.931884765625
2080.862060546875
2170.037841796875
2195.57080078125
2178.782958984375
2163.35009765625
2158.31787109375
2163.460693359375
2180.07275390625
2197.2119140625
2209.120361328125
2219.07177734375
2230.006103515625
2244.14892578125
2264.487060546875
2286.865478515625
2310.9580078125
2343.138671875
2393.0791015625
2461.3427734375
2551.12841796875
2661.18017578125
2791.359619140625
2940.09716796875
3104.559326171875
3282.54541015625
3469.717041015625
3663.872314453125
3862.675537109375
4065.589599609375
157.02691650390625
146.59158325195312
151.1676025390625
158.1138916015625
164.2867889404297
168.642578125
3885.615234375
4513.275390625
4670.2646484375
4708.16259765625
4763.95703125
4869.90771484375
5021.8466796875
5212.35107421875
5430.48583984375
5682.88671875
5946.06982421875
6220.314453125
6501.30224609375
6794.509765625
7106.021484375
7446.72998046875
7779.296875
7667.24560546875
7582.65478515625
7505.49658203125
7426.77685546875
7339.724609375
7244.396484375
7136.38134765625
7013.8037109375
6878.48095703125
6733.69140625
6578.98388671875
6416.33154296875
6247.60546875
6075.556640625
5901.67236328125
5727.94287109375
5553.90185546875
5380.76611328125
5210.07861328125
5039.95703125
4872.01806640625
4707.0107421875
4545.2197265625
4387.82763671875
4234.5263671875
4084.86669921875
3939.845703125
3799.05859375
3662.050048828125
3529.456298828125
3401.505126953125
3278.522216796875
3160.88427734375
3048.507568359375
2940.698974609375
2837.279541015625
2737.787841796875
