2032.17529296875
1757.7178955078125
1433.72314453125
1401.7303466796875
1303.98583984375
1232.7806396484375
1175.640380859375
1133.7059326171875
1114.664306640625
1089.119873046875
1060.25830078125
1035.8441162109375
1010.6058349609375
984.5650634765625
958.3494262695312
938.4205322265625
926.7317504882812
912.5008544921875
897.2622680664062
883.708251953125
869.8949584960938
855.8460083007812
843.4447631835938
832.4850463867188
823.6058959960938
813.23828125
803.1719360351562
793.0794677734375
783.1297607421875
773.9105224609375
768.9287109375
787.7164306640625
806.9494018554688
114.46473693847656
116.89608001708984
118.26541137695312
119.16034698486328
119.76920318603516
120.19112396240234
651.8834228515625
834.3258056640625
945.1539916992188
983.8661499023438
1004.0118408203125
1025.3887939453125
1052.8543701171875
1084.300537109375
1117.6875
1151.072998046875
1182.8101806640625
1211.9171142578125
1236.939208984375
1257.381591796875
1273.3006591796875
1285.06591796875
1293.1505126953125
1297.9051513671875
1299.86376953125
1300.599853515625
1299.3460693359375
1295.2095947265625
1288.331298828125
1278.94287109375
1267.61572265625
1254.279296875
1239.2222900390625
1222.833251953125
1205.430419921875
1187.431640625
1168.6912841796875
1149.4627685546875
1129.9068603515625
1110.1763916015625
1090.360595703125
1070.4490966796875
1050.580078125
1030.94091796875
1011.64599609375
992.5180053710938
973.5274658203125
954.6690063476562
935.9926147460938
917.5183715820312
899.2388916015625
881.2557983398438
863.5191650390625
846.1741943359375
829.1138305664062
812.2750244140625
795.7271728515625
779.68994140625
764.0570068359375
748.870849609375
