2085.3359375
2076.6064453125
2051.635986328125
2031.90625
2021.62451171875
2048.089111328125
2050.4140625
2043.8843994140625
2047.91015625
2051.66552734375
2055.090087890625
2055.270751953125
2054.71630859375
2061.216552734375
2078.802490234375
2106.286376953125
2136.606201171875
2190.405029296875
2253.1416015625
2336.551025390625
2444.526611328125
2557.352294921875
2674.45849609375
2844.591552734375
3046.552490234375
3250.872314453125
3458.6025390625
3685.732666015625
3948.638916015625
4238.06298828125
4584.92236328125
4942.1787109375
221.99905395507812
213.45384216308594
202.02268981933594
186.6062774658203
169.96685791015625
157.21192932128906
4047.331298828125
4469.03271484375
4818.53369140625
5176.60205078125
5578.44580078125
6027.1025390625
6492.2783203125
6920.291015625
7310.4501953125
7679.7421875
8072.86376953125
8487.1025390625
8757.361328125
9076.3779296875
9365.2548828125
9463.4345703125
8707.3134765625
7831.6015625
7199.23583984375
6739.77197265625
6310.64208984375
5931.35693359375
5622.32568359375
5367.61279296875
5146.9794921875
4940.673828125
4745.45947265625
4561.62060546875
4387.09228515625
4220.33984375
4058.116455078125
3901.1533203125
3753.517822265625
3606.829345703125
3466.21240234375
3332.058349609375
3203.880126953125
3080.7587890625
2962.8837890625
2850.305908203125
2743.08984375
2637.95458984375
2539.185546875
2443.17333984375
2351.271484375
2263.45947265625
2179.22509765625
2098.654052734375
2021.5504150390625
1949.7880859375
1882.891357421875
1820.93798828125
1764.3555908203125
1711.30419921875
