2055.9404296875
2016.6827392578125
2074.43896484375
2092.680908203125
2094.036376953125
2119.89453125
2126.364501953125
2120.046630859375
2119.490234375
2122.9248046875
2137.91943359375
2148.24609375
2150.088134765625
2149.3359375
2158.78759765625
2174.759033203125
2190.09521484375
2204.44482421875
2221.114990234375
2239.66357421875
2258.67236328125
2277.33447265625
2296.078369140625
2316.134765625
2336.800048828125
2360.645263671875
2385.556396484375
2412.42529296875
2449.4697265625
2496.8154296875
2550.71044921875
2614.8291015625
121.73043823242188
120.00582885742188
119.7702407836914
119.57677459716797
119.83218383789062
120.05258178710938
1745.5169677734375
1923.5736083984375
2263.12890625
2562.876953125
2817.415771484375
3029.3837890625
3213.692626953125
3381.87890625
3539.275390625
3685.583740234375
3827.193115234375
3964.3740234375
4099.9052734375
4235.6337890625
4372.00390625
4511.0107421875
4652.36962890625
4799.24560546875
4957.994140625
5120.853515625
5293.1123046875
5470.70263671875
5641.5283203125
5827.7080078125
6040.33349609375
6250.998046875
6487.638671875
6729.15625
6984.86279296875
7249.41845703125
7525.29931640625
7347.99658203125
7127.6953125
6949.1669921875
6785.2041015625
6627.228515625
6473.8037109375
6319.7509765625
6157.396484375
5992.75341796875
5833.3115234375
5681.20654296875
5536.25048828125
5394.11962890625
5249.693359375
5099.0224609375
4949.3447265625
4802.01220703125
4663.1669921875
4526.5263671875
4391.177734375
4257.56494140625
4126.36376953125
3998.392822265625
