2085.10693359375
2064.0458984375
2033.7568359375
2008.32177734375
2017.984619140625
2022.781982421875
2045.489013671875
2045.800048828125
2054.463134765625
2068.11181640625
2077.017822265625
2087.115966796875
2104.7109375
2125.150634765625
2140.298583984375
2163.997314453125
2184.7890625
2204.2763671875
2222.582275390625
2240.54052734375
2256.438720703125
2274.50830078125
2310.708740234375
2363.34912109375
2431.177001953125
2506.93310546875
2592.123046875
2687.296630859375
2792.894775390625
2910.715576171875
3039.104248046875
3173.842041015625
136.98780822753906
132.75428771972656
131.53897094726562
130.22776794433594
128.8264923095703
127.59590148925781
2498.060791015625
2882.521240234375
3109.222412109375
3294.575927734375
3476.0830078125
3662.853759765625
3858.332763671875
4062.37158203125
4273.60546875
4488.86865234375
4705.73095703125
4921.818359375
5136.65380859375
5352.2470703125
5578.67333984375
5831.6513671875
6084.32470703125
6321.39306640625
6549.3408203125
6776.5595703125
7004.13427734375
7236.9228515625
7462.90673828125
7652.64501953125
7810.87353515625
7942.8330078125
8041.7939453125
8113.87060546875
8166.0
8195.7783203125
8206.177734375
8197.48828125
8167.978515625
8133.28955078125
8098.04248046875
8065.44873046875
8017.35107421875
7956.072265625
7889.40283203125
7822.49462890625
7756.576171875
7692.5888671875
7505.14599609375
7210.5654296875
6945.27001953125
6699.58251953125
6469.2021484375
6240.19580078125
6013.349609375
5789.38720703125
5569.306640625
5357.0966796875
5155.34326171875
4963.587890625
