2042.379150390625
1930.1583251953125
1776.735595703125
1671.0303955078125
1610.5250244140625
1542.590576171875
1481.5137939453125
1443.09375
1421.1397705078125
1401.9632568359375
1383.753173828125
1373.41064453125
1367.01611328125
1359.625732421875
1350.6202392578125
1343.4459228515625
1341.0479736328125
1339.5458984375
1337.5035400390625
1334.7305908203125
1332.05126953125
1329.25341796875
1327.84765625
1330.81201171875
1339.356689453125
1354.84521484375
1377.2042236328125
1405.4700927734375
1438.5811767578125
1475.2293701171875
1514.3052978515625
1555.60400390625
122.81259155273438
124.0107192993164
126.26493835449219
128.23204040527344
129.949462890625
131.47984313964844
1619.05224609375
1830.002197265625
1888.78515625
1911.2021484375
1922.6431884765625
1932.9989013671875
1946.2027587890625
1963.50244140625
1984.8233642578125
2010.20849609375
2038.82470703125
2069.60546875
2103.123046875
2138.424072265625
2173.812744140625
2213.213623046875
2255.557373046875
2292.46044921875
2334.864013671875
2399.965087890625
2456.9990234375
2508.50390625
2560.132568359375
2607.807373046875
2650.85498046875
2688.205078125
2719.793212890625
2745.319091796875
2764.324462890625
2776.682861328125
2783.00830078125
2783.819580078125
2779.48095703125
2770.177978515625
2756.46484375
2738.8837890625
2718.168701171875
2694.686279296875
2667.22607421875
2636.816162109375
2603.829833984375
2568.554931640625
2531.213134765625
2492.19091796875
2451.942138671875
2410.652099609375
2368.648193359375
2326.25341796875
2283.59326171875
2240.869384765625
2198.253662109375
2155.936279296875
2113.955078125
2072.342529296875
