2064.55029296875
2040.4381103515625
2017.5042724609375
1996.6781005859375
2037.625
2065.04443359375
2063.5341796875
2052.60205078125
2067.580322265625
2101.60205078125
2151.271240234375
2201.706787109375
2253.94677734375
2318.802734375
2399.245849609375
2502.161865234375
2626.353515625
2767.937255859375
2925.601318359375
3098.1171875
3285.47119140625
3488.626708984375
3706.993896484375
3940.204833984375
4188.08740234375
4450.24560546875
4726.91845703125
5018.083984375
5317.3251953125
5611.95849609375
5926.80810546875
6262.72607421875
280.4974365234375
270.7453918457031
277.6029357910156
286.98565673828125
296.28839111328125
305.0684814453125
6944.2607421875
7794.78662109375
8589.693359375
9339.57421875
9960.7900390625
10553.07421875
11111.6572265625
11632.1376953125
12141.3076171875
12666.3232421875
13205.00390625
13756.96875
14332.0400390625
14932.400390625
15557.6298828125
16203.5087890625
16865.978515625
17541.18359375
18221.2265625
18899.80078125
18648.458984375
18363.58203125
18085.1015625
17800.259765625
17505.708984375
17200.43359375
16884.833984375
16559.828125
16225.9619140625
15884.337890625
15534.2177734375
15180.232421875
14824.04296875
14466.142578125
14106.869140625
13747.2392578125
13388.1533203125
13032.1298828125
12680.4443359375
12332.8935546875
11992.76171875
11658.7392578125
11324.6796875
11003.564453125
10693.552734375
10392.482421875
10099.443359375
9815.7900390625
9542.373046875
9278.80078125
9024.9384765625
8780.853515625
8545.6689453125
8319.4169921875
