2084.988037109375
2063.783447265625
2038.649658203125
2022.804931640625
2026.0787353515625
2053.608642578125
2063.269287109375
2055.181396484375
2054.317138671875
2065.4169921875
2079.54541015625
2086.0078125
2096.424560546875
2138.109375
2189.1162109375
2223.090576171875
2241.302490234375
2251.862060546875
2300.3974609375
2348.55810546875
2406.224853515625
2493.150146484375
2627.48828125
2763.65234375
2889.0380859375
2976.822509765625
3089.730224609375
3180.185546875
3264.228271484375
3333.9580078125
3400.296875
3590.261962890625
3791.61328125
3979.469970703125
89.22356414794922
87.35616302490234
84.28428649902344
85.33749389648438
86.43651580810547
87.41764831542969
1428.458740234375
2103.853271484375
3698.371337890625
4539.21728515625
5472.33642578125
5671.1611328125
5429.439453125
5342.61767578125
5300.4765625
5265.77880859375
5265.46044921875
5282.6708984375
5304.98486328125
5317.3837890625
5325.11572265625
5338.81884765625
5357.8388671875
5379.8896484375
5401.67626953125
5417.59326171875
5423.75927734375
5417.00537109375
5395.08447265625
5359.1025390625
5310.33544921875
5251.10498046875
5184.00341796875
5110.689453125
5032.3154296875
4950.0458984375
4865.3212890625
4778.73486328125
4691.48486328125
4603.91796875
4515.82177734375
4427.771484375
4339.685546875
4251.591796875
4163.67236328125
4076.063720703125
3988.93994140625
3902.69580078125
3817.576171875
3733.747314453125
3651.358642578125
3570.605224609375
3491.73095703125
3415.130615234375
3341.199462890625
3269.43798828125
3199.447998046875
3132.648193359375
3069.322021484375
3009.169677734375
2951.898193359375
2897.32373046875
2845.34912109375
