1997.9029541015625
2385.794677734375
2193.17626953125
2235.7802734375
2217.5244140625
2172.03369140625
2155.8046875
2153.8779296875
2180.19970703125
2217.91064453125
2253.66796875
2300.066650390625
2368.221435546875
2447.194580078125
2530.573974609375
2633.447998046875
2765.751708984375
2927.80419921875
3114.384765625
3315.70263671875
3524.800048828125
3737.268798828125
3943.96240234375
3976.6826171875
4019.47412109375
4064.1796875
4104.2919921875
4141.578125
4169.19091796875
4205.3857421875
4232.02294921875
4259.7548828125
201.92193603515625
223.1905517578125
249.06817626953125
263.25213623046875
264.5914611816406
259.7712707519531
4367.4599609375
4142.8876953125
4075.310302734375
4034.64111328125
3970.863037109375
3932.94921875
3912.6630859375
3896.340576171875
3893.002685546875
3874.3056640625
3839.006103515625
3781.0859375
3702.019775390625
3609.9296875
3503.079833984375
3381.505615234375
3248.283447265625
3107.84130859375
2963.076904296875
2816.2626953125
2672.160400390625
2531.51416015625
2396.542236328125
2270.42333984375
2153.44921875
2045.8529052734375
1943.5374755859375
1846.9649658203125
1756.7481689453125
1673.9747314453125
1597.5894775390625
1525.2462158203125
1456.96875
1392.737548828125
1333.3414306640625
1278.9888916015625
1229.0855712890625
1183.2039794921875
1140.751220703125
1101.187255859375
1064.023681640625
1028.7371826171875
995.673583984375
964.6845703125
935.199462890625
906.8494873046875
879.5474243164062
853.1708984375
827.6975708007812
803.3740844726562
780.1354370117188
757.6356811523438
735.62890625
714.33642578125
694.6918334960938
