2020.7598876953125
2823.200439453125
3260.919677734375
2726.806640625
2521.743896484375
2437.425537109375
2377.134521484375
2326.767333984375
2288.138427734375
2269.14599609375
2266.2666015625
2269.985107421875
2276.5439453125
2282.648193359375
2284.984130859375
2283.436279296875
2281.479248046875
2279.49658203125
2278.932373046875
2278.05322265625
2279.2822265625
2281.97998046875
2249.943603515625
2224.674560546875
2214.6845703125
2216.56005859375
2229.71142578125
2251.5810546875
2280.0146484375
2315.069580078125
2353.568359375
2393.890380859375
107.47069549560547
92.70777893066406
91.26737976074219
90.06401062011719
90.2359390258789
90.49372863769531
1581.37744140625
2575.669677734375
2652.552978515625
2629.159423828125
2664.944091796875
2705.121826171875
2740.525390625
2772.650634765625
2803.00439453125
2832.146728515625
2859.3642578125
2884.3447265625
2914.205322265625
2937.265380859375
2957.8095703125
2975.41748046875
2988.451416015625
2995.681640625
3000.237548828125
3002.518310546875
2999.813720703125
2998.03369140625
2995.75146484375
2985.357666015625
2968.6982421875
2936.032958984375
2895.751708984375
2850.80419921875
2803.05224609375
2752.482177734375
2696.49560546875
2638.0751953125
2576.53857421875
2512.98974609375
2450.510498046875
2387.776611328125
2325.122802734375
2261.399658203125
2195.412841796875
2128.9541015625
2064.07470703125
2001.925048828125
1942.9105224609375
1887.03125
1833.5809326171875
1781.96923828125
1731.0045166015625
1678.242919921875
1626.2799072265625
1575.7923583984375
1528.1492919921875
1481.626708984375
1436.241943359375
1394.5166015625
