2070.680419921875
2043.0521240234375
2000.352783203125
2059.12548828125
2164.105712890625
2226.885498046875
2214.932861328125
2186.128662109375
2166.9921875
2164.173583984375
2171.245361328125
2187.94384765625
2201.182861328125
2212.329833984375
2217.282470703125
2221.871337890625
2230.982666015625
2241.747802734375
2256.01953125
2276.11328125
2297.83349609375
2318.624755859375
2339.7783203125
2368.2373046875
2406.3056640625
2454.750244140625
2517.11572265625
2595.003662109375
2687.2216796875
2791.4169921875
2905.147705078125
3026.5625
124.16710662841797
122.31147003173828
122.70132446289062
123.05389404296875
123.3558120727539
123.6487045288086
2246.23876953125
2990.104736328125
3367.22607421875
3520.3095703125
3597.8271484375
3670.175048828125
3760.243408203125
3871.286376953125
3999.358154296875
4139.291015625
4286.33544921875
4438.001953125
4590.41455078125
4743.17138671875
4897.04296875
5052.43505859375
5208.255859375
5364.36376953125
5525.5498046875
5705.00927734375
5893.55712890625
6074.98486328125
6249.1689453125
6428.60302734375
6617.259765625
6815.97998046875
7033.8798828125
7273.98828125
7408.57177734375
7301.9921875
7223.50439453125
7154.599609375
7085.85400390625
7012.7177734375
6934.15087890625
6850.46142578125
6761.12841796875
6666.36181640625
6569.17138671875
6468.54833984375
6361.63134765625
6248.564453125
6130.8662109375
6009.55078125
5885.25244140625
5757.52587890625
5626.5400390625
5492.86669921875
5357.15625
5219.2236328125
5078.853515625
4937.0439453125
4794.75
4652.77783203125
