2019.570068359375
2789.140625
3239.723876953125
2732.4453125
2532.85888671875
2444.739013671875
2383.90673828125
2333.56787109375
2295.98828125
2277.213623046875
2274.174072265625
2277.61962890625
2283.6201171875
2289.67626953125
2292.45556640625
2290.978271484375
2288.34765625
2284.376708984375
2283.3974609375
2282.261962890625
2283.1484375
2286.05029296875
2259.371826171875
2232.705322265625
2219.909423828125
2220.59423828125
2232.76318359375
2253.896728515625
2281.789794921875
2316.001220703125
2353.930908203125
2393.7646484375
106.50303649902344
92.10050201416016
90.4043197631836
89.41024017333984
89.5931625366211
89.864501953125
1558.6541748046875
2535.017578125
2656.77099609375
2635.1064453125
2669.57861328125
2708.49462890625
2743.06005859375
2774.627685546875
2804.46728515625
2833.135986328125
2859.934326171875
2884.359130859375
2911.823974609375
2935.388671875
2953.736572265625
2972.4482421875
2986.16748046875
2993.739990234375
2996.615966796875
2998.107666015625
2993.98876953125
2989.43310546875
2985.7529296875
2974.7626953125
2957.590087890625
2931.216552734375
2893.610595703125
2851.558837890625
2805.709228515625
2757.98583984375
2705.161865234375
2648.74609375
2588.337890625
2525.0732421875
2462.71044921875
2400.58642578125
2338.4404296875
2275.14013671875
2210.019287109375
2143.86181640625
2078.647216796875
2046.6119384765625
2015.2139892578125
1955.5762939453125
1899.22802734375
1845.882080078125
1794.5948486328125
1744.7119140625
1693.4176025390625
1642.4869384765625
1593.4830322265625
1545.6016845703125
1498.0733642578125
1454.4287109375
1414.7239990234375
