2085.273681640625
2076.52099609375
2048.23681640625
2025.36181640625
2011.972900390625
2017.552490234375
2050.002197265625
2060.68212890625
2063.740234375
2059.695068359375
2053.884033203125
2049.105224609375
2051.884521484375
2055.91357421875
2056.799072265625
2055.754638671875
2058.505859375
2066.921142578125
2071.3720703125
2076.601318359375
2084.627197265625
2098.5
2121.939697265625
2147.499267578125
2173.404296875
2201.121826171875
2224.857666015625
2247.081298828125
2271.67138671875
2303.634521484375
2351.3720703125
2412.142822265625
126.08406829833984
127.32919311523438
127.8472671508789
128.17681884765625
128.42356872558594
128.62539672851562
1943.9388427734375
2275.52099609375
2452.361083984375
2598.673828125
2736.7763671875
2875.099853515625
3026.19091796875
3185.560302734375
3348.64599609375
3520.227783203125
3697.16064453125
3859.279296875
4010.606689453125
4169.0078125
4337.55126953125
4514.2919921875
4669.45556640625
4824.79345703125
4983.19775390625
5147.54638671875
5315.7509765625
5495.3330078125
5678.71142578125
5871.439453125
6086.05419921875
6331.9638671875
6584.57958984375
6848.43115234375
7121.02490234375
7413.6611328125
7703.7236328125
8006.61572265625
8351.982421875
8725.2568359375
9073.9072265625
9438.6767578125
9487.7763671875
9589.9462890625
9821.537109375
9446.1728515625
8925.7216796875
8498.6005859375
8027.12060546875
7652.7666015625
7311.041015625
6989.6123046875
6715.55908203125
6468.93896484375
6258.494140625
6051.15673828125
5889.76611328125
5745.6005859375
5613.83349609375
5496.8427734375
5384.92529296875
