2076.097412109375
2050.97265625
2033.3692626953125
2022.566650390625
2003.6322021484375
2013.680908203125
2025.4501953125
2031.5604248046875
2057.511962890625
2068.509521484375
2096.714111328125
2148.08203125
2199.408203125
2269.359375
2348.0146484375
2442.3271484375
2568.183349609375
2724.17724609375
2902.64794921875
3099.3486328125
3310.725341796875
3533.7470703125
3765.64599609375
4011.337890625
4270.8212890625
4544.9775390625
4831.9130859375
5131.70361328125
5446.91943359375
5777.3720703125
6125.673828125
6502.11181640625
6916.6259765625
344.4124450683594
388.30865478515625
406.1443786621094
412.50421142578125
415.8713073730469
419.0602722167969
7563.08056640625
8218.3701171875
8439.2412109375
8503.8125
8715.0458984375
8999.7109375
9345.2958984375
9534.611328125
9729.4189453125
10131.396484375
10527.1796875
10901.1376953125
11255.501953125
11592.0478515625
11913.3115234375
12217.0498046875
12509.0712890625
12784.640625
12916.7626953125
13045.8251953125
13288.84765625
13509.66015625
13697.9375
13844.97265625
13947.6376953125
14002.35546875
14007.916015625
13959.859375
13863.4306640625
13729.4755859375
13561.7529296875
13359.576171875
13132.7041015625
12893.33203125
12647.466796875
12398.05859375
12150.3115234375
11670.794921875
11097.9384765625
10599.953125
10141.6787109375
9707.1474609375
9289.9443359375
8888.0302734375
8503.0244140625
8132.853515625
7782.6513671875
7451.53857421875
7138.16552734375
6840.275390625
6557.8779296875
6291.6708984375
6039.1064453125
5802.29833984375
5579.58642578125
5366.0537109375
5162.0634765625
