2076.128173828125
2048.28369140625
2017.6822509765625
1993.7542724609375
2037.3726806640625
2088.7265625
2075.954833984375
2069.024169921875
2060.5068359375
2061.26171875
2111.1923828125
2161.927734375
2197.412109375
2220.5556640625
2240.50048828125
2264.965087890625
2294.80419921875
2331.330810546875
2376.448974609375
2429.623291015625
2492.72998046875
2571.509765625
2668.4365234375
2782.848388671875
2913.266357421875
3056.238037109375
3209.012451171875
3367.975830078125
3529.439453125
3691.87451171875
3855.555908203125
4022.508056640625
132.21055603027344
127.27691650390625
127.25060272216797
128.7080078125
130.55865478515625
132.42242431640625
3680.45458984375
4223.05419921875
4421.83740234375
4524.1923828125
4612.291015625
4714.71923828125
4837.76806640625
4980.5498046875
5140.3603515625
5312.55224609375
5494.34375
5684.27001953125
5881.37109375
6088.4462890625
6342.2861328125
6612.8427734375
6885.46484375
7166.35693359375
7466.15576171875
7824.83251953125
8155.26806640625
8463.443359375
8759.7119140625
9056.015625
9356.330078125
9650.4853515625
9846.6796875
9697.0888671875
9564.61328125
9436.8525390625
9308.18359375
9175.6572265625
9036.2626953125
8889.30859375
8736.2119140625
8576.8408203125
8412.0146484375
8242.7685546875
8070.95751953125
7896.4267578125
7719.91064453125
7541.673828125
7362.064453125
7181.86279296875
7001.58935546875
6821.6728515625
6641.2568359375
6461.43994140625
6280.22509765625
6100.81298828125
5926.59619140625
5758.1279296875
5594.83251953125
5436.4462890625
