2064.9072265625
2040.74853515625
2017.6856689453125
1996.6119384765625
2039.328857421875
2067.564697265625
2065.28564453125
2054.51025390625
2071.226806640625
2107.7626953125
2164.36083984375
2219.095947265625
2276.0888671875
2345.8525390625
2435.228759765625
2548.98681640625
2683.08935546875
2835.11181640625
3003.184326171875
3187.091064453125
3386.86279296875
3603.317138671875
3835.376708984375
4083.438232421875
4346.84814453125
4625.58203125
4919.83984375
5226.69677734375
5529.2509765625
5845.5009765625
6185.98779296875
6546.85205078125
301.3479919433594
290.2688903808594
296.4812927246094
305.53912353515625
314.7666320800781
323.84033203125
7292.60986328125
8264.65234375
9223.0537109375
9973.36328125
10659.5068359375
11291.6728515625
11867.1884765625
12407.375
12949.51171875
13496.833984375
14051.5830078125
14626.2333984375
15224.94140625
15848.0361328125
16490.666015625
17149.380859375
17820.001953125
18494.267578125
18873.10546875
18541.615234375
18246.5546875
17952.505859375
17651.001953125
17339.8046875
17017.859375
16685.79296875
16344.466796875
15994.9287109375
15637.6669921875
15273.7958984375
14907.59765625
14539.5869140625
14170.3515625
13800.4033203125
13430.205078125
13063.9501953125
12701.748046875
12344.376953125
11994.583984375
11651.7216796875
11312.6708984375
10979.9375
10661.2900390625
10353.7470703125
10055.8291015625
9767.3056640625
9489.4638671875
9222.5498046875
8966.0546875
8719.134765625
8481.7529296875
8253.2197265625
8032.93994140625
7820.64013671875
