2075.12158203125
2041.4720458984375
2001.638671875
2008.924072265625
2102.6123046875
2097.8623046875
2076.86865234375
2066.517822265625
2066.71826171875
2081.28564453125
2087.000244140625
2099.99072265625
2122.38232421875
2155.217529296875
2177.93798828125
2189.089599609375
2202.5078125
2220.382568359375
2239.716796875
2263.616455078125
2296.874267578125
2339.325927734375
2387.4130859375
2449.66357421875
2536.522705078125
2645.929443359375
2769.865234375
2897.619873046875
3030.4404296875
3170.01904296875
3317.738525390625
3472.009765625
116.94715118408203
119.42965698242188
120.64935302734375
121.3989028930664
121.9083023071289
122.16069030761719
2404.733154296875
3153.237060546875
3426.070068359375
3633.27783203125
3865.293701171875
4138.9755859375
4465.75537109375
4818.34619140625
5180.2314453125
5548.47900390625
5631.02197265625
5523.732421875
5439.2763671875
5359.8173828125
5260.77001953125
5151.85009765625
5034.39013671875
4908.66357421875
4795.9931640625
4675.1943359375
4546.05517578125
4413.1982421875
4279.912109375
4148.8447265625
4013.831298828125
3876.25634765625
3737.887939453125
3600.07373046875
3462.690185546875
3327.48291015625
3195.607666015625
3067.299072265625
2942.87158203125
2820.54833984375
2699.48876953125
2579.052978515625
2459.889892578125
2344.904541015625
2244.408203125
2152.61376953125
2066.20361328125
1984.0347900390625
1906.2127685546875
1837.8123779296875
1775.554931640625
1716.463623046875
1662.578857421875
1613.2127685546875
1567.1168212890625
1523.8175048828125
1482.8709716796875
1443.7369384765625
1406.221923828125
1370.2557373046875
