2056.636962890625
2021.686279296875
1992.059814453125
2087.4033203125
2079.2431640625
2060.013671875
2052.704345703125
2044.06396484375
2043.0047607421875
2083.980224609375
2109.842041015625
2124.119384765625
2155.663818359375
2196.32421875
2243.29931640625
2298.322509765625
2367.65087890625
2466.41015625
2595.71826171875
2750.377197265625
2925.79541015625
3118.321044921875
3324.3857421875
3540.230712890625
3764.326416015625
3997.51953125
4238.10888671875
4488.79931640625
4750.23291015625
5017.9931640625
5293.41650390625
5579.53271484375
194.65435791015625
198.177734375
218.03309631347656
236.6310272216797
251.79063415527344
264.0484924316406
6441.1513671875
7094.16455078125
7498.99658203125
7854.29150390625
8161.42236328125
8474.8984375
8863.8310546875
9260.2861328125
9683.330078125
10159.904296875
10685.0478515625
11240.5029296875
11816.337890625
12414.060546875
13030.6640625
13603.671875
13529.4833984375
13474.9755859375
13408.5498046875
13325.6044921875
13224.4345703125
13104.3935546875
12965.3515625
12808.4150390625
12634.8203125
12445.822265625
12242.947265625
12027.4111328125
11800.7060546875
11564.65234375
11319.44921875
11067.14453125
10810.6572265625
10550.8681640625
10288.953125
10026.7890625
9766.904296875
9508.7724609375
9254.20703125
9002.5009765625
8754.97265625
8512.162109375
8274.4169921875
8038.9052734375
7805.8857421875
7584.767578125
7372.64208984375
7168.92333984375
6973.27099609375
6785.26708984375
6604.3212890625
6430.05810546875
6262.8388671875
6101.53125
