2034.755859375
2284.790283203125
2425.961181640625
2351.42724609375
2310.1201171875
2242.85009765625
2182.7822265625
2146.13427734375
2125.423095703125
2112.839599609375
2123.205322265625
2143.279296875
2177.387939453125
2221.626220703125
2259.427001953125
2286.689453125
2306.4609375
2327.272705078125
2355.05126953125
2393.099853515625
2437.380126953125
2483.5009765625
2529.437255859375
2581.234130859375
2646.1259765625
2725.7783203125
2822.4736328125
2935.49560546875
3063.09375
3202.07080078125
3348.640380859375
3500.0341796875
111.4045181274414
104.03400421142578
106.58270263671875
107.30320739746094
107.90534210205078
108.45864868164062
2218.58935546875
3352.256591796875
3842.7705078125
4057.4404296875
4176.26806640625
4126.58935546875
4119.49658203125
4139.13525390625
4172.78515625
4212.97119140625
4255.30908203125
4299.1611328125
4349.0947265625
4409.1484375
4457.22216796875
4498.6630859375
4536.0126953125
4569.46435546875
4602.02880859375
4638.71826171875
4680.82470703125
4732.626953125
4769.9287109375
4798.27978515625
4830.3173828125
4853.97412109375
4862.96240234375
4859.0390625
4843.7392578125
4817.3037109375
4779.958984375
4731.90087890625
4673.9208984375
4607.14453125
4533.3369140625
4454.205078125
4370.41650390625
4282.71826171875
4191.7421875
4098.0185546875
4000.781494140625
3897.845947265625
3793.854248046875
3689.06982421875
3583.76220703125
3478.306396484375
3374.06640625
3272.08349609375
3174.941162109375
3082.3017578125
2993.19921875
2906.726318359375
2821.984375
2738.82470703125
