2051.093505859375
2009.3931884765625
2045.1534423828125
2102.023681640625
2064.856689453125
2043.799072265625
2031.5496826171875
2025.397705078125
2035.7825927734375
2039.6849365234375
2038.5146484375
2032.2977294921875
2038.9991455078125
2073.205322265625
2109.177978515625
2146.34716796875
2189.013916015625
2235.572509765625
2291.723876953125
2363.932861328125
2462.978759765625
2578.071044921875
2708.3466796875
2860.02734375
3028.36669921875
3204.342529296875
3380.857177734375
3556.8037109375
3734.67822265625
3940.406005859375
4196.12646484375
4437.5166015625
4650.16845703125
119.45618438720703
141.55111694335938
155.56304931640625
159.8968505859375
158.8977508544922
155.2469482421875
3490.150390625
3742.7626953125
4079.73193359375
4543.90234375
4640.22900390625
4572.5595703125
4492.458984375
4392.47119140625
4271.6982421875
4131.52392578125
4003.643798828125
3871.453369140625
3714.437744140625
3544.265380859375
3369.23779296875
3198.296630859375
3001.5302734375
2771.10595703125
2522.11328125
2254.5615234375
2056.221435546875
1867.4705810546875
1660.9404296875
1517.743896484375
1401.5675048828125
1295.8765869140625
1248.101318359375
1213.9058837890625
1185.9969482421875
1157.9713134765625
1127.3568115234375
1098.5118408203125
1071.3011474609375
1044.7105712890625
1018.0512084960938
992.2274780273438
967.1448364257812
942.4886474609375
917.8861694335938
893.5379028320312
870.6170043945312
849.292236328125
829.4574584960938
810.7012329101562
793.0233764648438
776.1912841796875
759.8704223632812
743.8651123046875
728.1236572265625
712.693115234375
697.6951293945312
683.2178344726562
669.130126953125
655.8593139648438
