1666.973388671875
1320.358642578125
1109.1412353515625
992.536376953125
924.9471435546875
884.8273315429688
845.4277954101562
809.218505859375
775.766357421875
743.6594848632812
711.0892944335938
681.024169921875
656.6869506835938
631.7066040039062
610.5994873046875
586.9957275390625
561.2636108398438
537.47021484375
517.2606811523438
495.40496826171875
473.40740966796875
451.55804443359375
437.8220520019531
434.29852294921875
425.6512451171875
417.2474670410156
411.8374938964844
406.9161071777344
401.73828125
396.9688720703125
393.8597717285156
388.7881774902344
381.0242919921875
119.84318542480469
121.66767120361328
122.62930297851562
123.21537017822266
123.59888458251953
123.81697082519531
323.8481140136719
362.7019348144531
424.0106506347656
458.39117431640625
462.51226806640625
442.0603332519531
424.37030029296875
418.5228271484375
416.9134521484375
424.3309631347656
438.2331237792969
461.2139587402344
489.7665100097656
524.7553100585938
562.4381103515625
600.4247436523438
637.476318359375
672.7701416015625
705.6392211914062
736.1497802734375
763.211181640625
786.07080078125
804.8092041015625
819.5142211914062
830.4056396484375
837.9320678710938
842.5386352539062
844.7462768554688
844.8272705078125
843.0023803710938
839.4061889648438
834.3158569335938
827.9712524414062
820.5884399414062
812.3750610351562
803.46337890625
794.0501708984375
784.1449584960938
773.673828125
762.7495727539062
751.4862670898438
739.9421997070312
728.1726684570312
716.2195434570312
704.1566162109375
692.0508422851562
679.9415283203125
667.865234375
655.8858032226562
644.128173828125
632.6932983398438
621.7210083007812
611.2549438476562
601.2965698242188
591.8311157226562
582.8729858398438
