2031.9786376953125
1988.483642578125
2072.268310546875
2080.96923828125
2052.265869140625
2138.208984375
2309.165283203125
2426.286865234375
2549.434814453125
2666.51416015625
2781.541748046875
2937.391845703125
3152.105224609375
3423.295166015625
3739.099853515625
4086.03173828125
4453.27099609375
4839.53662109375
5244.02001953125
5679.57470703125
6177.15673828125
6753.4716796875
7336.39501953125
7974.12841796875
8615.5615234375
9285.427734375
9433.0048828125
8868.658203125
8431.3701171875
8043.9658203125
7673.0986328125
7308.65771484375
6950.177734375
6600.6201171875
569.5972290039062
585.7091064453125
601.2616577148438
610.3178100585938
611.3446655273438
607.772216796875
8039.93212890625
6675.20947265625
6207.630859375
5868.912109375
5393.5048828125
5019.92138671875
4706.27880859375
4431.68212890625
4185.18212890625
3960.695068359375
3754.093994140625
3562.604736328125
3383.80224609375
3215.75390625
3057.1962890625
2907.283935546875
2765.476806640625
2630.8095703125
2502.134765625
2378.999755859375
2261.146240234375
2148.865234375
2042.3731689453125
1942.623291015625
1849.6666259765625
1762.89990234375
1681.3629150390625
1604.076171875
1530.7640380859375
1461.5146484375
1395.746826171875
1332.815185546875
1272.439208984375
1214.5213623046875
1158.8885498046875
1105.9481201171875
1055.6788330078125
1007.5942993164062
961.93310546875
918.4122314453125
878.0065307617188
839.3090209960938
802.2164916992188
766.90283203125
733.1160888671875
700.8585815429688
670.0089721679688
640.3235473632812
611.675537109375
583.9503173828125
557.1438598632812
531.4216918945312
506.916748046875
483.5404357910156
461.0234375
