2076.757080078125
2040.894775390625
1995.0042724609375
2038.6253662109375
2132.222900390625
2104.8662109375
2088.04931640625
2085.543701171875
2092.563232421875
2111.74951171875
2150.995361328125
2197.856201171875
2233.5947265625
2262.751953125
2289.60400390625
2320.22998046875
2367.111328125
2429.89794921875
2510.6025390625
2618.022705078125
2754.77001953125
2914.104248046875
3086.841064453125
3273.9638671875
3474.035400390625
3685.26318359375
3905.87890625
4139.0185546875
4398.84521484375
4674.6796875
4995.25146484375
5352.70263671875
177.19351196289062
148.3377685546875
145.8067169189453
150.507568359375
157.2896270751953
164.32249450683594
4546.5146484375
4873.42333984375
4982.619140625
5197.26904296875
5524.46826171875
5453.68212890625
5370.48876953125
5335.775390625
5295.48974609375
5232.82177734375
5148.2587890625
5065.392578125
4966.2919921875
4847.83056640625
4713.7060546875
4566.09033203125
4408.8974609375
4245.50390625
4078.033447265625
3907.22802734375
3734.298095703125
3560.705810546875
3387.41015625
3222.28759765625
3075.25048828125
2943.0576171875
2822.3369140625
2711.009521484375
2607.801513671875
2511.81494140625
2422.257080078125
2338.498779296875
2260.013916015625
2186.278564453125
2116.8974609375
2051.37109375
1989.2608642578125
1930.1898193359375
1873.836181640625
1819.93994140625
1793.62158203125
1767.869384765625
1718.4591064453125
1671.0733642578125
1625.542236328125
1581.7388916015625
1539.56494140625
1498.9381103515625
1459.7933349609375
1422.0960693359375
1385.798828125
1350.863525390625
1317.2401123046875
1284.8656005859375
1253.6768798828125
