2025.767822265625
2468.293701171875
2566.69091796875
2313.185302734375
2188.044677734375
2139.767822265625
2119.17041015625
2130.028564453125
2160.311279296875
2192.725341796875
2223.288818359375
2251.93994140625
2278.29296875
2307.062744140625
2339.306640625
2369.344482421875
2402.720947265625
2463.719482421875
2562.4921875
2688.579345703125
2833.762451171875
2995.1279296875
3172.814697265625
3368.044189453125
3580.272216796875
3810.780029296875
3899.0517578125
3968.621826171875
4048.80859375
4128.13720703125
4203.4326171875
4273.30126953125
188.36514282226562
140.02024841308594
135.8369903564453
138.7417449951172
137.68682861328125
137.77935791015625
4946.0537109375
4935.4462890625
4731.455078125
4616.4453125
4582.2548828125
4556.66943359375
4531.07275390625
4527.01904296875
4530.45849609375
4557.68359375
4585.30517578125
4615.96435546875
4633.4794921875
4642.328125
4637.6435546875
4612.04150390625
4571.54296875
4506.484375
4425.7841796875
4331.8330078125
4227.68798828125
4115.89599609375
3997.843994140625
3875.3095703125
3749.18896484375
3616.343505859375
3484.69482421875
3353.906982421875
3224.628173828125
3101.725830078125
2983.77685546875
2925.976318359375
2868.927001953125
2757.29638671875
2648.000732421875
2541.033203125
2436.87109375
2335.3798828125
2236.840087890625
2144.654541015625
2100.18896484375
2057.345947265625
1976.6116943359375
1900.021240234375
1826.93212890625
1757.002685546875
1690.088623046875
1626.1259765625
1564.9991455078125
1506.6168212890625
1450.757080078125
1397.183349609375
1345.5911865234375
1295.794189453125
1247.532958984375
1200.8431396484375
1155.883544921875
1112.8265380859375
1071.8992919921875
