2061.643798828125
2028.9884033203125
2012.232421875
2043.69775390625
2051.30126953125
2059.05810546875
2074.94287109375
2109.410400390625
2155.163818359375
2185.025390625
2223.283447265625
2270.9267578125
2319.513427734375
2368.755615234375
2433.501708984375
2529.071044921875
2647.970458984375
2788.441650390625
2953.81640625
3144.46240234375
3357.464111328125
3590.233642578125
3836.89404296875
4093.711669921875
4361.76171875
4642.015625
4934.5244140625
5238.7705078125
5552.66162109375
5876.947265625
6212.80078125
6575.447265625
291.96923828125
285.3596496582031
288.6038818359375
294.16607666015625
300.405517578125
306.8779296875
6961.873046875
7550.935546875
7783.505859375
8044.53955078125
8201.32421875
8378.908203125
8475.9755859375
8584.1572265625
8852.748046875
9168.875
9527.2685546875
9612.96875
9488.8740234375
9395.1533203125
9298.7431640625
9192.8974609375
9070.6435546875
8929.453125
8769.2236328125
8595.6142578125
8410.712890625
8216.421875
8014.62646484375
7807.76904296875
7596.2998046875
7379.919921875
7160.748046875
6940.30810546875
6720.01513671875
6503.5634765625
6295.384765625
6093.935546875
5898.95751953125
5710.63330078125
5528.42919921875
5351.09033203125
5178.3876953125
5011.18603515625
4956.8076171875
4848.974609375
4693.91748046875
4544.2421875
4400.1064453125
4261.24072265625
4126.82470703125
3996.650390625
3870.533935546875
3748.27783203125
3629.828125
3514.98974609375
3403.808837890625
3296.30078125
3191.875244140625
3090.47265625
2992.071533203125
2896.66650390625
2804.295166015625
