1865.89013671875
1402.63916015625
1063.513427734375
875.4462280273438
841.7210693359375
803.0181274414062
769.742431640625
742.9320678710938
721.0667724609375
699.5941162109375
679.182861328125
659.7230834960938
640.8734741210938
622.8468627929688
608.2036743164062
600.5128173828125
597.219482421875
590.78955078125
582.4912109375
572.9134521484375
562.3528442382812
551.0450439453125
539.2325439453125
527.5477905273438
515.70556640625
503.557861328125
494.166259765625
488.0146484375
480.742919921875
472.525390625
463.5426330566406
453.7780456542969
120.53446960449219
122.78929901123047
122.90447998046875
123.20602416992188
123.53873443603516
123.88439178466797
488.5153503417969
427.96759033203125
428.24493408203125
416.66143798828125
406.9455261230469
401.109130859375
401.8061218261719
402.7867431640625
399.4815368652344
394.4486083984375
388.6856689453125
382.69903564453125
379.7401123046875
380.6628723144531
383.61871337890625
388.5211181640625
395.818603515625
405.8737487792969
418.8330993652344
433.4876708984375
447.9567565917969
461.018798828125
472.20880126953125
481.36712646484375
490.1168518066406
498.1696472167969
504.95977783203125
512.1533203125
518.8883056640625
523.401611328125
524.6838989257812
524.1724853515625
523.2796630859375
522.5540161132812
521.8855590820312
520.9952392578125
519.7510986328125
518.569580078125
517.732666015625
517.6238403320312
517.8853759765625
518.1027221679688
517.8849487304688
516.7849731445312
514.7858276367188
512.1040649414062
508.8366394042969
505.2218017578125
501.2264099121094
496.7449035644531
491.73052978515625
486.2924499511719
480.5524597167969
474.5786437988281
