2084.98388671875
2059.271484375
2022.8013916015625
2031.203857421875
2064.407958984375
2060.08349609375
2053.33935546875
2054.974609375
2070.883056640625
2077.8740234375
2076.12451171875
2087.08447265625
2129.951171875
2180.818115234375
2211.79052734375
2228.186767578125
2240.8837890625
2291.439697265625
2337.487548828125
2395.00732421875
2483.72216796875
2616.13818359375
2760.524169921875
2889.820556640625
2985.860107421875
3085.429931640625
3165.65185546875
3201.1435546875
3247.4755859375
3387.94677734375
3577.107177734375
3776.7353515625
3966.118408203125
90.05425262451172
88.05142211914062
85.09848022460938
86.27984619140625
87.49726867675781
88.52442169189453
1429.9322509765625
2327.864013671875
3753.044677734375
4561.64404296875
5486.55712890625
5613.41943359375
5408.78173828125
5321.53759765625
5293.2587890625
5294.650390625
5311.91943359375
5323.6689453125
5332.6962890625
5347.86083984375
5364.658203125
5383.96826171875
5406.1279296875
5426.083984375
5438.2138671875
5439.28564453125
5429.00927734375
5403.93896484375
5362.73388671875
5309.41552734375
5246.28125
5175.4775390625
5098.78857421875
5017.48291015625
4932.55859375
4845.02197265625
4755.7802734375
4665.681640625
4575.35546875
4485.0244140625
4394.73828125
4304.5107421875
4214.4892578125
4124.9111328125
4036.06982421875
3947.865966796875
3860.84375
3775.132568359375
3690.767578125
3607.842529296875
3526.529052734375
3447.123046875
3370.1337890625
3296.11572265625
3225.292724609375
3156.7314453125
3090.52001953125
3027.556640625
2967.69970703125
2910.84130859375
2856.7783203125
2805.3251953125
