2056.073974609375
2007.30322265625
1973.6536865234375
2180.134521484375
2121.826416015625
2080.643798828125
2062.945556640625
2092.164794921875
2149.77783203125
2215.374267578125
2284.7890625
2335.365234375
2370.46923828125
2401.606689453125
2445.248291015625
2505.360107421875
2584.29541015625
2674.8349609375
2792.7236328125
2940.793701171875
3108.468017578125
3289.362060546875
3481.383544921875
3682.56640625
3899.02734375
4133.5302734375
4392.658203125
4650.8779296875
4707.91015625
4583.87890625
4472.2001953125
4366.3369140625
4258.23095703125
130.7281036376953
109.81592559814453
114.25402069091797
121.70198822021484
129.17373657226562
135.1315460205078
4052.82470703125
4356.7490234375
4170.7529296875
3977.10986328125
3910.23828125
3853.464111328125
3755.78759765625
3659.51318359375
3559.534912109375
3451.73095703125
3335.441650390625
3238.0224609375
3140.39697265625
3030.19580078125
2907.495361328125
2770.41552734375
2629.29931640625
2490.138916015625
2357.36376953125
2233.48974609375
2117.844482421875
2062.147216796875
2008.00732421875
1909.18115234375
1819.07666015625
1738.1917724609375
1665.1885986328125
1598.630615234375
1536.7816162109375
1478.7689208984375
1421.7166748046875
1365.6683349609375
1310.29052734375
1254.648681640625
1198.60791015625
1143.18798828125
1089.0484619140625
1035.9921875
983.70947265625
944.368408203125
905.0082397460938
865.6576538085938
826.9891967773438
790.2252197265625
754.025634765625
718.1782836914062
682.7846069335938
654.4421997070312
629.008544921875
605.7273559570312
583.839111328125
563.0042114257812
542.9685668945312
523.5482177734375
504.4207763671875
485.933349609375
468.41180419921875
