2074.0498046875
2042.73095703125
2009.92822265625
1985.049560546875
2086.6923828125
2091.3583984375
2077.724365234375
2066.5869140625
2104.587158203125
2173.893310546875
2226.20458984375
2264.19384765625
2305.668212890625
2358.064208984375
2424.63818359375
2506.609130859375
2614.681640625
2757.39306640625
2933.6787109375
3138.426025390625
3365.744873046875
3605.1064453125
3851.940673828125
4106.8203125
4368.90087890625
4637.31103515625
4912.931640625
5197.498046875
5492.12744140625
5804.4892578125
6128.48828125
6469.6201171875
277.336181640625
252.69683837890625
253.0875244140625
259.9169921875
268.4580078125
277.20220947265625
6744.41455078125
7612.46533203125
8085.09326171875
8372.2802734375
8655.5166015625
8982.2451171875
9388.9638671875
9856.115234375
10351.9599609375
10863.923828125
10855.4716796875
10736.1669921875
10624.794921875
10506.5947265625
10373.4892578125
10221.8388671875
10052.2177734375
9863.982421875
9656.2529296875
9430.7978515625
9188.943359375
8932.7529296875
8664.779296875
8387.9970703125
8102.60400390625
7813.2578125
7529.8427734375
7258.06103515625
6998.57666015625
6749.353515625
6509.701171875
6277.46044921875
6051.349609375
5836.10498046875
5629.84130859375
5432.40283203125
5243.08056640625
5061.43017578125
4886.435546875
4717.54541015625
4554.53759765625
4397.68212890625
4246.91845703125
4102.19873046875
3963.450927734375
3830.47021484375
3703.012939453125
3580.841796875
3463.72119140625
3351.4462890625
3243.792724609375
3140.502685546875
3041.332763671875
2946.104736328125
