2084.01513671875
2061.515869140625
2035.5296630859375
2018.378173828125
2007.0499267578125
1997.121337890625
2010.212158203125
2010.603515625
2038.247314453125
2064.657958984375
2110.3955078125
2136.170654296875
2147.78369140625
2170.13134765625
2196.982666015625
2234.254638671875
2281.717529296875
2333.63818359375
2400.86181640625
2495.677001953125
2622.485595703125
2775.22021484375
2945.9326171875
3130.3046875
3326.236328125
3531.510986328125
3742.28662109375
3967.2177734375
4207.7060546875
4461.78125
4730.01318359375
5012.41650390625
245.53855895996094
270.3905334472656
289.6659851074219
303.70318603515625
314.1731262207031
322.270751953125
5650.1875
5906.06201171875
6083.76025390625
6332.6943359375
6649.96240234375
7005.76416015625
7429.5263671875
7868.69921875
8392.7705078125
8863.1025390625
9318.03125
9779.2548828125
10241.982421875
10702.544921875
11152.1865234375
11585.9091796875
12005.443359375
12416.244140625
12819.4521484375
13214.712890625
13599.337890625
13975.275390625
14344.603515625
14697.3466796875
15026.572265625
15333.3916015625
15615.9931640625
15878.99609375
16119.578125
16339.865234375
16542.490234375
16730.001953125
16909.94140625
17081.3046875
17248.501953125
17389.451171875
17522.849609375
17643.080078125
17491.833984375
16679.158203125
16046.404296875
15468.9599609375
14924.8037109375
14406.9326171875
13912.2978515625
13439.3525390625
12986.6279296875
12552.720703125
12136.4677734375
11736.8369140625
11353.1416015625
10984.6591796875
10630.7392578125
10290.6572265625
