2060.642822265625
2032.8287353515625
2015.7398681640625
2033.3507080078125
2021.4560546875
2022.23291015625
2019.394287109375
2057.5283203125
2161.496337890625
2303.8134765625
2496.68896484375
2745.95458984375
3052.3671875
3410.952880859375
3812.69482421875
4250.97607421875
4723.91650390625
5235.40478515625
5799.12646484375
6439.302734375
7127.19287109375
7921.67919921875
8894.435546875
9856.3876953125
10763.2529296875
11206.919921875
11645.2177734375
12508.857421875
13349.5625
14156.8662109375
14920.9033203125
15635.3701171875
15516.3701171875
14500.1640625
920.8079223632812
916.8098754882812
919.8435668945312
921.2871704101562
920.9231567382812
919.1652221679688
16015.5
16271.6279296875
15066.572265625
14415.0634765625
13121.90234375
12022.8046875
11072.5634765625
10250.2451171875
9532.3564453125
8899.3154296875
8336.48828125
7833.06640625
7377.4140625
6961.72314453125
6580.95458984375
6230.5625
5906.75439453125
5606.25390625
5326.82958984375
5066.3251953125
4822.7685546875
4594.48828125
4380.10546875
4178.54638671875
3988.78857421875
3809.930419921875
3641.095947265625
3481.561279296875
3330.695068359375
3187.933349609375
3052.66845703125
2924.377197265625
2802.66259765625
2687.247314453125
2577.644287109375
2473.396728515625
2374.217041015625
2279.799560546875
2189.859619140625
2104.143798828125
2022.4010009765625
1944.55712890625
1870.2586669921875
1799.2750244140625
1731.4384765625
1666.587646484375
1604.558349609375
1545.211181640625
1488.427490234375
1434.0767822265625
1382.017333984375
1332.1551513671875
1284.3775634765625
1238.5987548828125
1194.6898193359375
1152.56396484375
