2067.294677734375
2021.1337890625
1991.7015380859375
2137.156982421875
2087.645751953125
2063.432373046875
2054.579833984375
2052.0615234375
2060.4931640625
2091.459716796875
2123.799072265625
2145.629638671875
2189.42724609375
2237.9912109375
2281.93310546875
2323.0283203125
2374.201416015625
2445.173583984375
2548.496337890625
2683.5595703125
2842.35693359375
3015.28173828125
3199.86865234375
3400.8994140625
3619.960205078125
3855.634521484375
4115.23486328125
4394.2314453125
4697.392578125
5040.2412109375
5395.0048828125
5759.15234375
146.165283203125
138.36366271972656
152.64637756347656
167.81927490234375
179.9343719482422
188.4585723876953
4682.71240234375
4779.69140625
4828.14794921875
5044.43359375
5163.18359375
5086.9404296875
5028.4541015625
4970.12158203125
4904.92919921875
4828.2841796875
4755.431640625
4708.10693359375
4652.03076171875
4579.71044921875
4484.4130859375
4369.5146484375
4238.919921875
4097.3212890625
3947.841552734375
3792.792724609375
3635.63134765625
3478.630126953125
3322.885498046875
3168.61767578125
3022.456298828125
2888.438232421875
2765.1181640625
2651.008544921875
2544.90966796875
2446.14794921875
2353.657470703125
2266.816650390625
2185.060546875
2107.91748046875
2034.9891357421875
1965.7174072265625
1899.599853515625
1836.243408203125
1775.485595703125
1717.2222900390625
1661.3507080078125
1607.76611328125
1556.3720703125
1507.0712890625
1459.7552490234375
1414.3822021484375
1370.876708984375
1329.16162109375
1289.1534423828125
1250.7762451171875
1213.95751953125
1178.6142578125
1144.664794921875
1112.036376953125
