1997.74169921875
2736.338623046875
3312.78271484375
2957.72900390625
2632.2470703125
2502.2939453125
2473.099365234375
2457.81298828125
2438.105712890625
2416.397705078125
2315.322021484375
2255.524658203125
2216.73291015625
2189.9091796875
2170.359375
2156.746826171875
2153.188720703125
2159.4443359375
2181.756591796875
2219.39697265625
2267.186279296875
2318.041015625
2368.457275390625
2414.3359375
2453.209716796875
2484.9658203125
2510.435546875
2529.504638671875
2541.938232421875
2547.62451171875
2547.10302734375
2540.64306640625
120.75739288330078
101.22557830810547
101.45927429199219
101.93984985351562
102.64839935302734
103.5962142944336
3015.948974609375
2919.275390625
2677.724365234375
2594.275146484375
2539.71826171875
2475.260986328125
2447.25341796875
2434.602783203125
2391.660400390625
2344.314697265625
2293.471435546875
2246.7705078125
2189.348388671875
2127.130615234375
2063.754638671875
1996.5743408203125
1926.383056640625
1855.342041015625
1786.4949951171875
1720.302734375
1656.7366943359375
1596.8604736328125
1540.636962890625
1487.66357421875
1461.9530029296875
1436.8424072265625
1388.3665771484375
1341.0997314453125
1295.5673828125
1252.7574462890625
1212.615966796875
1174.2552490234375
1136.4371337890625
1099.496826171875
1063.636962890625
1028.7469482421875
994.7874145507812
961.2841796875
927.920654296875
895.1846313476562
864.06787109375
835.578369140625
809.39697265625
785.268798828125
763.0841674804688
742.8311157226562
723.2877807617188
703.677490234375
684.1161499023438
663.4605712890625
641.9802856445312
620.6818237304688
599.944580078125
579.7648315429688
560.0202026367188
540.5353393554688
520.9379272460938
