2084.985595703125
2062.753662109375
2037.3607177734375
2021.015380859375
2032.8079833984375
2061.1064453125
2057.61669921875
2051.405517578125
2054.94873046875
2067.12841796875
2073.696533203125
2071.822265625
2083.990478515625
2127.232421875
2171.755126953125
2197.566162109375
2210.875
2217.07080078125
2259.595703125
2300.39794921875
2347.331787109375
2414.603515625
2516.87744140625
2630.8642578125
2772.3525390625
2920.3984375
3029.011474609375
3126.710205078125
3191.02685546875
3293.697509765625
3449.538818359375
3631.388427734375
3731.502197265625
3804.33935546875
91.23139190673828
88.7020492553711
86.94021606445312
88.23661041259766
89.49270629882812
90.5621109008789
1462.5201416015625
2183.87646484375
4043.658935546875
5121.99609375
5653.81396484375
5398.5908203125
5264.2998046875
5211.20947265625
5202.94189453125
5219.13525390625
5244.69189453125
5267.11962890625
5283.62060546875
5297.8076171875
5308.0068359375
5313.74609375
5331.91552734375
5352.4873046875
5365.96484375
5368.95849609375
5360.7734375
5338.34521484375
5300.20654296875
5249.4931640625
5188.37353515625
5118.31103515625
5041.0283203125
4957.28759765625
4868.6171875
4776.52490234375
4682.216796875
4587.29638671875
4492.14013671875
4397.091796875
4302.20556640625
4207.7802734375
4114.1201171875
4021.646240234375
3930.6259765625
3841.08984375
3753.2958984375
3667.223388671875
3582.820556640625
3500.247802734375
3419.131591796875
3340.785400390625
3265.3662109375
3193.27197265625
3123.21533203125
3056.510009765625
2993.396240234375
2933.46435546875
2876.784423828125
2823.052734375
2772.14111328125
