2083.858642578125
2055.92822265625
2032.654052734375
2016.526611328125
1987.0396728515625
2032.739501953125
2058.968017578125
2080.1220703125
2129.95166015625
2177.361572265625
2216.725830078125
2255.23388671875
2287.119873046875
2325.486572265625
2366.697021484375
2414.19921875
2484.727783203125
2592.447998046875
2736.549560546875
2909.147705078125
3105.15869140625
3317.77294921875
3544.74169921875
3775.409423828125
4003.283447265625
4226.36767578125
4443.03125
4653.8681640625
4858.765625
5061.39306640625
5268.59130859375
5482.91748046875
5713.50390625
245.8218536376953
220.47108459472656
212.98780822753906
211.0108642578125
210.5882568359375
210.52334594726562
4870.77392578125
5075.443359375
5140.30517578125
5169.88720703125
5205.50634765625
5364.91796875
5467.62548828125
5596.2958984375
5915.01220703125
6267.6904296875
6694.564453125
7101.82763671875
7440.98974609375
7762.09375
8035.361328125
8227.6337890625
8334.9296875
8383.630859375
8401.318359375
8407.48828125
8070.15869140625
7590.08349609375
7166.36572265625
6782.12646484375
6431.0439453125
6101.10546875
5790.36328125
5497.1142578125
5226.025390625
4972.6826171875
4726.13037109375
4488.1943359375
4261.11376953125
4044.623291015625
3840.142822265625
3657.69140625
3494.0419921875
3346.359619140625
3209.6474609375
3081.88623046875
2962.129638671875
2848.350830078125
2739.1748046875
2634.877197265625
2534.83349609375
2440.005859375
2348.884765625
2261.17333984375
2179.125244140625
2101.33544921875
2027.1732177734375
1955.352783203125
1885.883544921875
1819.5233154296875
1754.9910888671875
1692.0655517578125
1630.829345703125
1571.1903076171875
