2067.75146484375
2033.9898681640625
2014.0308837890625
2120.180908203125
2248.6884765625
2247.226318359375
2220.353759765625
2212.98681640625
2226.94921875
2239.87841796875
2254.498291015625
2271.0234375
2294.431884765625
2322.01171875
2353.999267578125
2397.12744140625
2446.134033203125
2505.837646484375
2584.44677734375
2686.337158203125
2812.69189453125
2959.6689453125
3123.138427734375
3296.459228515625
3476.13525390625
3659.722412109375
3847.545166015625
4040.332275390625
4237.91357421875
4439.71533203125
4646.62841796875
4857.49462890625
192.69406127929688
159.78912353515625
159.8419952392578
168.15687561035156
178.03611755371094
186.6321563720703
4769.10400390625
5525.9765625
5824.7197265625
6002.244140625
6199.26904296875
6424.81201171875
6681.08740234375
6966.04443359375
7264.90673828125
7580.57177734375
7945.31884765625
7944.517578125
7925.11376953125
7926.46142578125
7924.70556640625
7911.5576171875
7889.50341796875
7854.15478515625
7803.31005859375
7736.51953125
7657.23193359375
7556.41064453125
7435.1591796875
7302.63037109375
7160.453125
7005.2783203125
6839.44775390625
6674.1796875
6507.27587890625
6341.35205078125
6175.28173828125
6008.94873046875
5843.93603515625
5680.470703125
5518.880859375
5359.24853515625
5201.99755859375
5047.505859375
4896.11181640625
4748.0595703125
4603.53955078125
4462.78125
4326.00341796875
4193.357421875
4064.980712890625
3940.876220703125
3821.033935546875
3705.338134765625
3593.63525390625
3485.785400390625
3381.64794921875
3281.082275390625
3183.928466796875
3090.030517578125
