2060.425048828125
2034.390869140625
2009.0721435546875
2009.8653564453125
2066.845947265625
2065.412841796875
2063.432373046875
2108.16845703125
2181.960205078125
2256.144775390625
2338.974609375
2437.18408203125
2567.314208984375
2727.705322265625
2915.637939453125
3127.653564453125
3363.974365234375
3624.06201171875
3906.86669921875
4212.111328125
4540.0869140625
4889.5986328125
5251.9423828125
5611.4345703125
5993.837890625
6402.76611328125
6850.71484375
7349.49072265625
7993.41943359375
8725.6474609375
9421.896484375
10123.8154296875
447.5344543457031
434.52545166015625
441.71197509765625
453.2107238769531
466.06890869140625
479.3673400878906
11408.6826171875
12356.95703125
12958.3310546875
13951.9814453125
14898.5849609375
15801.880859375
16269.634765625
16667.970703125
17465.830078125
17725.708984375
17322.841796875
16962.115234375
16606.109375
16245.25
15876.435546875
15499.2470703125
15113.751953125
14718.4326171875
14316.09375
13910.0712890625
13502.025390625
13094.064453125
12688.1572265625
12287.8037109375
11895.1533203125
11700.345703125
11507.615234375
11132.84375
10769.0703125
10419.7578125
10082.904296875
9759.244140625
9449.2734375
9146.1240234375
8856.6337890625
8581.5859375
8318.5859375
8066.65478515625
7825.341796875
7593.9580078125
7372.09326171875
7159.67529296875
6955.87158203125
6759.5400390625
6570.5087890625
6388.802734375
6214.16796875
6046.05126953125
5884.14990234375
5728.18212890625
5577.66357421875
5432.48681640625
5294.04150390625
5160.13525390625
5030.57373046875
4905.59765625
4784.943359375
