2038.7559814453125
1819.941650390625
1822.5909423828125
1639.837158203125
1518.9095458984375
1451.3492431640625
1412.63037109375
1397.728759765625
1390.6678466796875
1381.3343505859375
1371.5418701171875
1362.1705322265625
1351.672119140625
1342.90673828125
1333.168701171875
1324.8970947265625
1318.4949951171875
1313.6104736328125
1310.702392578125
1311.2960205078125
1314.9166259765625
1321.0538330078125
1333.599609375
1354.025390625
1381.9937744140625
1416.225830078125
1455.1002197265625
1496.9796142578125
1541.6593017578125
1588.8780517578125
1640.1239013671875
1690.8985595703125
131.22088623046875
129.35385131835938
131.34010314941406
133.3843536376953
138.61280822753906
143.85305786132812
1922.4271240234375
2061.311279296875
2059.662841796875
2067.848876953125
2085.333251953125
2107.42236328125
2132.844482421875
2161.038818359375
2190.565673828125
2219.81201171875
2257.985107421875
2298.44921875
2333.291259765625
2381.71484375
2438.760498046875
2489.82470703125
2536.75048828125
2586.79248046875
2631.319091796875
2667.192626953125
2694.353759765625
2714.249267578125
2727.245849609375
2733.610107421875
2733.54736328125
2727.776123046875
2716.632568359375
2700.52685546875
2680.1416015625
2656.505859375
2629.64453125
2599.61376953125
2566.478759765625
2529.414794921875
2489.780029296875
2448.129638671875
2404.765380859375
2360.00439453125
2314.108154296875
2267.43017578125
2220.331298828125
2173.08935546875
2126.06298828125
2079.142578125
2032.3148193359375
1985.82958984375
1939.731689453125
1894.13818359375
1849.1397705078125
1804.6895751953125
1760.826171875
1717.66650390625
1675.2913818359375
1633.0391845703125
