2067.316650390625
2028.5682373046875
1984.6611328125
2114.463134765625
2116.61962890625
2117.166259765625
2129.884033203125
2154.564453125
2181.859619140625
2196.625732421875
2200.950439453125
2204.584228515625
2209.733642578125
2223.16357421875
2231.66943359375
2234.52490234375
2240.939697265625
2252.685791015625
2275.53369140625
2308.47705078125
2355.696533203125
2422.772216796875
2510.787109375
2615.974609375
2736.50341796875
2869.752685546875
3012.71630859375
3161.45654296875
3315.15673828125
3471.819091796875
3627.451416015625
3778.84228515625
114.78856658935547
117.95018768310547
119.4309310913086
120.26014709472656
120.81194305419922
121.20964050292969
2988.999755859375
3399.3974609375
3600.583251953125
3779.652099609375
3964.288330078125
4162.20166015625
4365.37109375
4573.0625
4791.09130859375
5021.42333984375
5237.27490234375
5442.0673828125
5641.66015625
5826.546875
6016.4208984375
6168.7890625
6280.95654296875
6372.37353515625
6440.7939453125
6505.45068359375
6565.0009765625
6628.51220703125
6677.24560546875
6719.2587890625
6806.20458984375
6897.90478515625
7029.92578125
7232.06005859375
6970.6953125
6527.2578125
6099.26806640625
5683.79248046875
5264.6123046875
4918.39404296875
4719.3173828125
4541.5517578125
4373.70458984375
4206.8720703125
4032.094970703125
3855.995849609375
3683.72265625
3521.816162109375
3364.799560546875
3210.29833984375
3056.180419921875
2900.652587890625
2747.228759765625
2593.157958984375
2442.98876953125
2295.930908203125
2163.779052734375
2045.7738037109375
1947.8179931640625
1846.52587890625
