2085.0
2071.6162109375
2038.887451171875
2011.45068359375
1994.908447265625
2028.7303466796875
2112.06640625
2104.109375
2094.633056640625
2090.98388671875
2088.822265625
2093.16845703125
2096.43798828125
2099.823486328125
2103.216064453125
2105.25341796875
2109.138427734375
2075.096923828125
2018.3731689453125
1966.27783203125
1923.932373046875
1905.3778076171875
1888.11279296875
1865.2413330078125
1839.28759765625
1817.498046875
1798.2911376953125
1783.281982421875
1772.5196533203125
1764.8414306640625
1759.8558349609375
1753.806396484375
118.90657806396484
119.07067108154297
119.43280792236328
119.67581176757812
119.8484115600586
120.00172424316406
1745.44140625
1641.009521484375
1809.768310546875
1806.5833740234375
1777.994384765625
1756.359130859375
1746.8077392578125
1746.164306640625
1751.568603515625
1765.1494140625
1788.5565185546875
1810.250244140625
1828.916259765625
1844.106201171875
1854.741455078125
1889.709228515625
1935.745849609375
1983.1171875
2032.193359375
2082.766357421875
2130.15869140625
2174.28564453125
2214.75244140625
2251.44775390625
2284.36572265625
2313.274658203125
2338.658935546875
2361.51513671875
2382.60986328125
2402.566162109375
2421.523681640625
2439.54638671875
2456.19580078125
2470.9814453125
2483.513916015625
2493.81201171875
2502.172119140625
2508.9873046875
2514.3046875
2518.100830078125
2520.271728515625
2521.001708984375
2519.875732421875
2516.5458984375
2510.9423828125
2503.267822265625
2494.32666015625
2483.976318359375
2472.052978515625
2458.72607421875
2444.18359375
2428.572509765625
2412.08349609375
2395.20361328125
