2046.569580078125
2003.123046875
2090.519287109375
2079.3505859375
2123.559326171875
2124.646728515625
2123.5419921875
2119.1826171875
2139.23876953125
2147.147216796875
2147.79736328125
2160.22412109375
2178.693603515625
2203.10302734375
2223.88525390625
2243.1796875
2266.6455078125
2290.26708984375
2316.34912109375
2347.271728515625
2383.74462890625
2420.288818359375
2464.17431640625
2516.00830078125
2579.37060546875
2661.652587890625
2756.630615234375
2855.982177734375
2961.26171875
3076.88671875
3202.313720703125
3329.137451171875
134.80055236816406
120.52600860595703
117.64444732666016
116.41554260253906
116.16563415527344
116.60548400878906
1930.1990966796875
2616.3017578125
3078.80126953125
3429.54248046875
3718.220458984375
3993.71484375
4271.61279296875
4545.65869140625
4830.67626953125
5127.1376953125
5437.6201171875
5733.376953125
6033.1005859375
6343.16943359375
6662.66064453125
6976.22021484375
7159.22802734375
6750.37939453125
6416.47509765625
6120.3212890625
5841.6162109375
5597.1630859375
5382.873046875
5169.54296875
4964.91943359375
4791.42919921875
4623.69287109375
4448.634765625
4265.74365234375
4073.78857421875
3892.99755859375
3730.228759765625
3575.98974609375
3430.0419921875
3290.4423828125
3144.22119140625
2988.000244140625
2844.09814453125
2683.5126953125
2502.7080078125
2379.4990234375
2284.26123046875
2193.852294921875
2096.12841796875
1985.0755615234375
1892.7579345703125
1802.8306884765625
1736.682373046875
1666.7564697265625
1613.9610595703125
1574.749755859375
1535.38037109375
1497.044189453125
1458.034423828125
