1500.0
1500.0
1500.0
1500.0
1500.0
1500.0
1500.0
1500.0
1500.0
1500.0
1500.0
1500.0
1500.0
1500.0
1500.0
1500.0
1500.0
1500.0
1500.0
1500.0
1500.0
1500.0
1500.0
1500.0
1500.0
1500.0
1500.0
1500.0
1500.0
1500.0
1500.0
1500.0
99.99393463134766
100.0
100.0
100.0
100.0
100.0
1500.0
1500.0
1500.0
1500.0
1500.0
1500.0
1500.0
1500.0
1500.0
1500.0
1500.0
1500.0
1500.0
1500.0
1475.132080078125
1428.6163330078125
1383.3951416015625
1337.848388671875
1292.03173828125
1246.141357421875
1200.271728515625
1154.5426025390625
1109.2666015625
1064.8516845703125
1021.50146484375
979.3970336914062
939.1327514648438
901.1124877929688
865.175048828125
831.0492553710938
798.3814697265625
767.0796508789062
736.9739990234375
707.9800415039062
680.009033203125
653.0158081054688
626.9810180664062
601.8604736328125
577.5841674804688
554.1593017578125
531.6146240234375
509.8881530761719
488.9781799316406
468.8568420410156
449.5129699707031
430.99578857421875
413.0030822753906
395.82470703125
379.65447998046875
364.0565185546875
349.094970703125
334.81732177734375
321.01544189453125
307.8699035644531
