1499.999755859375
1500.0726318359375
1499.9998779296875
1500.0
1500.0
1500.0
1500.0
1500.0
1500.0
1500.0
1500.0
1500.0
1500.0
1500.0
1500.0
1500.0
1500.0
1500.0
1500.0
1500.0
1500.0
1500.0
1500.0
1500.0
1500.0
1500.0
1500.0
1500.0
1500.0
1500.0
1500.0
1500.0
99.9998779296875
99.99999237060547
100.0
100.0
100.0
100.0
1500.0
1499.999755859375
1500.0
1500.0
1500.0
1500.0
1500.0
1495.51953125
1459.2369384765625
1424.524169921875
1389.2828369140625
1353.646240234375
1317.7359619140625
1281.6773681640625
1245.2869873046875
1208.6126708984375
1172.7301025390625
1138.312255859375
1104.517333984375
1071.2911376953125
1038.793701171875
1007.1791381835938
976.4379272460938
946.5732421875
917.6509399414062
889.2186279296875
861.3224487304688
833.9419555664062
806.905029296875
780.11376953125
753.5794677734375
727.42333984375
701.6419677734375
676.1528930664062
651.1449584960938
626.8457641601562
603.3577270507812
580.2933349609375
557.8046875
536.3803100585938
515.9669799804688
496.39862060546875
477.6497497558594
459.6833190917969
442.4385986328125
425.4754333496094
408.3519287109375
392.4189758300781
377.15960693359375
362.507080078125
348.90313720703125
336.49591064453125
325.1688537597656
314.7117004394531
