1500.0
1500.00048828125
1499.9998779296875
1500.0
1500.0
1500.0
1500.0
1500.0
1500.0
1500.0
1500.0
1500.0
1500.0
1500.0
1500.0
1500.0
1500.0
1500.0
1500.0
1500.0
1499.1689453125
1485.172119140625
1473.158935546875
1461.660400390625
1450.1669921875
1437.544189453125
1423.279541015625
1407.427490234375
1390.1519775390625
1371.2130126953125
1350.6767578125
1328.7459716796875
99.99999237060547
100.0
100.0
100.0
100.0
100.0
1500.084228515625
1500.0
1464.5869140625
1372.32763671875
1305.6673583984375
1254.4405517578125
1212.843017578125
1177.1810302734375
1145.2205810546875
1115.6148681640625
1087.658447265625
1060.755126953125
1034.5357666015625
1008.8190307617188
982.899169921875
957.77490234375
933.4483032226562
909.3074340820312
885.2866821289062
861.1970825195312
837.038818359375
812.1384887695312
785.7593383789062
758.0596313476562
729.6988525390625
702.0706787109375
675.255859375
648.5439453125
622.3008422851562
597.6825561523438
571.326904296875
548.0729370117188
526.9833984375
507.3273010253906
488.9007873535156
471.4607238769531
454.6544494628906
438.500732421875
422.97320556640625
406.78265380859375
391.7922058105469
378.2606506347656
365.74700927734375
353.6345520019531
342.099365234375
332.2366638183594
323.50250244140625
315.1349792480469
306.4110412597656
297.4335021972656
287.5828552246094
277.4487609863281
267.1070251464844
256.5954284667969
