1499.9998779296875
1499.9998779296875
1500.0
1500.0
1500.0
1500.0
1500.0
1500.0
1500.0
1500.0
1500.0
1500.0
1500.0
1500.0
1500.0
1500.0
1499.9979248046875
1500.0
1500.0
1500.0
1500.0
1500.0
1500.0
1500.0
1500.0
1500.0
1500.0
1500.0
1500.0
1500.0
1500.0
1500.0
100.0
100.0
100.0
100.0
100.0
100.0
1500.0
1500.0
1500.0
1500.0
1500.0
1500.0
1500.0
1500.0
1500.0
1500.0
1500.0
1500.0
1500.0
1500.0
1500.0
1500.0
1500.0
1500.0
1500.0
1500.0
1500.0
1500.0
1500.0
1500.0
1500.0
1500.0
1500.0
1500.0
1498.3328857421875
1451.36083984375
1406.64453125
1362.84130859375
1319.636474609375
1277.3182373046875
1236.094970703125
1195.9736328125
1156.9036865234375
1118.8614501953125
1081.7479248046875
1045.652587890625
1010.9409790039062
977.6521606445312
945.7386474609375
915.0125732421875
885.3580932617188
856.6961059570312
828.9869995117188
802.1767578125
776.3240356445312
751.1517333984375
726.5082397460938
702.4959106445312
680.400634765625
659.4345092773438
