1372.052490234375
1048.82958984375
826.48779296875
702.5391845703125
654.2808227539062
635.6785278320312
621.1697998046875
606.5780029296875
591.9911499023438
578.1412353515625
566.0879516601562
554.3756103515625
542.6184692382812
530.9406127929688
519.0455322265625
507.19024658203125
493.9310302734375
480.89727783203125
468.446044921875
456.3027038574219
444.5044860839844
432.6164245605469
420.6101989746094
408.52032470703125
396.3037109375
383.94427490234375
371.4127197265625
358.7461853027344
348.33935546875
338.2796630859375
328.1575012207031
317.94000244140625
100.0
100.0
100.0
100.0
100.0
100.0
424.01470947265625
308.0013122558594
279.7218017578125
270.57586669921875
263.65869140625
258.5615539550781
254.52635192871094
251.06533813476562
247.9739990234375
244.9988555908203
241.99508666992188
238.8925323486328
235.94711303710938
232.86456298828125
229.65875244140625
226.50375366210938
223.3333282470703
220.02220153808594
216.56639099121094
212.98190307617188
209.37693786621094
205.71705627441406
201.96612548828125
198.1192626953125
194.15615844726562
190.0636444091797
185.94915771484375
181.75953674316406
177.60321044921875
173.3689422607422
169.0770721435547
164.79525756835938
160.54617309570312
156.33460998535156
152.2032928466797
148.18978881835938
144.3140411376953
140.51463317871094
136.78692626953125
133.16354370117188
129.7069854736328
126.44760131835938
123.28021240234375
120.22000885009766
117.26344299316406
114.4128189086914
111.66686248779297
109.0207748413086
106.47611999511719
104.0266342163086
101.6649398803711
99.38694763183594
97.19015502929688
95.0781021118164
