1500.0
1500.0
1500.0
1500.0
1499.999755859375
1499.9998779296875
1500.0
1500.0
1500.0
1500.0
1500.0
1500.0
1500.0
1500.0
1500.0
1500.0
1500.0
1500.0
1500.0
1500.0
1500.0
1500.0
1500.0
1500.0
1500.0
1500.0
1500.0
1500.0
1500.0
1500.0
1500.0
1500.0
99.99999237060547
99.99996185302734
100.0
100.0
100.0
100.0
1500.0
1500.0
1500.0
1499.999755859375
1500.0
1500.0
1500.0
1500.0
1500.0
1500.0
1500.0
1500.0
1500.0
1500.0
1500.0
1500.0
1500.0
1500.0
1500.0
1500.0
1500.0
1500.0
1500.0
1500.0
1500.0
1500.0
1500.0
1500.0
1500.0
1500.0
1500.0
1500.0
1481.7205810546875
1436.9422607421875
1395.622314453125
1355.484375
1315.590087890625
1276.111572265625
1237.1712646484375
1198.9637451171875
1161.5521240234375
1125.3570556640625
1090.505126953125
1056.8406982421875
1024.1644287109375
992.28076171875
961.1660766601562
931.0036010742188
901.8718872070312
873.3118286132812
843.6552124023438
816.26611328125
789.3519897460938
763.78173828125
