1372.0933837890625
1049.18017578125
826.8963623046875
702.50390625
653.94384765625
635.1959838867188
620.828857421875
606.347412109375
591.8861083984375
578.1121215820312
566.2072143554688
554.607177734375
542.8196411132812
531.21728515625
519.3970947265625
507.5581970214844
494.37225341796875
481.3258056640625
468.8367919921875
456.67987060546875
444.8338623046875
432.8560791015625
420.774169921875
408.619140625
396.31915283203125
383.8233642578125
371.1435852050781
358.27484130859375
347.87872314453125
337.62982177734375
327.36468505859375
317.038818359375
100.0
100.0
100.0
100.0
100.0
100.0
422.9034729003906
306.750732421875
279.5389709472656
270.33721923828125
263.7659912109375
258.72845458984375
254.70977783203125
251.32183837890625
248.24961853027344
245.29103088378906
242.30661010742188
239.21124267578125
236.27378845214844
233.22828674316406
230.0452117919922
226.83285522460938
223.70687866210938
220.44989013671875
217.0559539794922
213.5006561279297
209.9011993408203
206.28355407714844
202.58567810058594
198.80584716796875
194.9510498046875
190.94630432128906
186.884033203125
182.78968811035156
178.7106170654297
174.5593719482422
170.33274841308594
166.08474731445312
161.87240600585938
157.69720458984375
153.56849670410156
149.5348663330078
145.65748596191406
143.8103485107422
141.9116668701172
138.12461853027344
134.46722412109375
130.96705627441406
127.67424774169922
124.46845245361328
121.3716049194336
118.3796615600586
115.49198150634766
112.70856475830078
110.02680206298828
107.44596099853516
104.96332550048828
102.56968688964844
100.25972747802734
98.0256118774414
95.873779296875
