1500.0
1500.14208984375
1499.9998779296875
1380.30322265625
1262.145263671875
1219.733642578125
1187.61865234375
1151.431396484375
1132.580078125
1121.3065185546875
1112.3692626953125
1103.5584716796875
1095.5728759765625
1088.0263671875
1080.7391357421875
1073.4207763671875
1066.163330078125
1058.7291259765625
1050.82861328125
1043.1365966796875
1034.9715576171875
1025.6414794921875
1014.9840087890625
1003.0735473632812
990.0130004882812
975.9750366210938
961.1663818359375
945.8305053710938
930.1760864257812
914.5635986328125
900.4061279296875
886.2076416015625
872.0166015625
99.96668243408203
100.0
99.99993133544922
100.0
100.0
100.0
1209.4281005859375
1175.541748046875
1157.750732421875
1116.0989990234375
1045.10400390625
941.2228393554688
881.2562255859375
842.6265258789062
816.3646240234375
797.3035278320312
782.2847290039062
769.5925903320312
763.7196655273438
758.1962890625
747.6583251953125
737.39453125
727.2385864257812
717.1116333007812
706.9462890625
696.7299194335938
686.5320434570312
676.3950805664062
666.3466186523438
656.3876953125
646.5162353515625
636.6832275390625
626.9209594726562
617.2615356445312
607.6982421875
598.2220458984375
588.8472900390625
579.4326782226562
569.7901611328125
560.2673950195312
551.0054321289062
542.0282592773438
533.3128051757812
525.2499389648438
517.6139526367188
510.2074279785156
502.8951416015625
495.7727355957031
488.876220703125
482.1822204589844
475.6845397949219
469.3939208984375
463.33673095703125
457.502197265625
451.8880310058594
446.4988098144531
441.34771728515625
436.3955383300781
431.63446044921875
427.0667419433594
422.6810302734375
418.46478271484375
414.41461181640625
410.5240478515625
