1500.0
1500.15234375
1454.84619140625
1200.6756591796875
1050.754150390625
993.202392578125
946.3803100585938
885.5615234375
847.2788696289062
822.7553100585938
807.4251708984375
798.7403564453125
793.66943359375
790.8770141601562
789.3220825195312
788.3180541992188
787.3322143554688
785.98193359375
784.0470581054688
781.4345092773438
778.1590576171875
774.3265991210938
770.0164794921875
765.3240966796875
760.34423828125
755.146484375
749.8023071289062
744.3662109375
739.00390625
733.662353515625
728.1416015625
722.243408203125
715.908447265625
99.97998809814453
100.0
99.99607849121094
100.0
99.99830627441406
99.99703216552734
1172.471435546875
1041.383544921875
991.7349243164062
956.92578125
930.7288818359375
886.4496459960938
829.5594482421875
781.1179809570312
742.7155151367188
713.3334350585938
689.7783813476562
670.2064208984375
661.4879150390625
653.232666015625
638.656494140625
625.8524169921875
614.281494140625
603.6687622070312
593.8524169921875
584.6163940429688
575.8678588867188
567.5374755859375
559.5579223632812
551.8688354492188
544.4185791015625
537.1626586914062
530.0770263671875
523.1500244140625
516.3951416015625
510.0279541015625
504.0613098144531
498.39111328125
492.9215087890625
487.5786437988281
482.32720947265625
477.1479797363281
472.07940673828125
467.1468505859375
462.36444091796875
457.6803283691406
453.013427734375
448.3748474121094
443.76739501953125
439.1947326660156
434.6623840332031
430.16845703125
425.704833984375
421.2567443847656
416.8494873046875
412.50604248046875
408.2462463378906
404.04498291015625
399.8721923828125
395.7388916015625
391.6396789550781
387.56475830078125
383.4947204589844
379.46435546875
