1499.9969482421875
1500.0
1500.0
1500.0
1500.0
1500.0
1500.0
1500.0
1500.0
1500.0
1500.0
1500.0
1500.0
1500.0
1500.0
1500.0
1500.0
1500.0
1500.0
1500.0
1500.0
1500.0
1500.0
1500.0
1500.0
1500.0
1500.0
1500.0
1500.0
1500.0
1500.0
1500.0
100.0
100.0
100.0
100.0
100.0
100.0
1500.0
1500.0
1500.0
1500.0
1500.0
1500.0
1500.0
1500.0
1500.0
1500.0
1500.0
1500.0
1500.0
1500.0
1500.0
1500.0
1500.0
1500.0
1500.0
1500.0
1500.0
1500.0
1500.0
1500.0
1500.0
1500.0
1500.0
1500.0
1500.0
1500.0
1500.0
1467.57861328125
1421.932373046875
1379.8529052734375
1340.9228515625
1299.584228515625
1258.616455078125
1217.4111328125
1174.5732421875
1130.7301025390625
1093.820068359375
1065.5399169921875
1039.6962890625
1013.0227661132812
986.2341918945312
959.7908325195312
933.789794921875
907.935791015625
882.3463745117188
859.58544921875
836.615966796875
814.103515625
790.8948364257812
766.4508056640625
740.5877685546875
