1499.999755859375
1500.0
1085.8865966796875
943.5421752929688
902.7770385742188
872.00927734375
843.4226684570312
816.3462524414062
792.3128051757812
771.237060546875
752.8797607421875
735.2088623046875
717.9796752929688
700.3353271484375
683.2771606445312
668.6867065429688
655.7175903320312
643.4768676757812
631.7096557617188
619.9497680664062
607.8871459960938
595.057373046875
584.2388305664062
575.888427734375
567.405029296875
558.9349365234375
550.61376953125
542.2035522460938
533.67236328125
524.7192993164062
514.927978515625
504.1112976074219
99.99999237060547
99.99214172363281
100.0
100.0
100.0
100.0
812.7828979492188
579.5691528320312
492.4986572265625
444.29522705078125
417.0003967285156
397.00811767578125
383.6100769042969
371.91119384765625
363.1424560546875
355.2392272949219
347.26116943359375
339.53826904296875
332.14874267578125
325.4842224121094
318.8011474609375
312.0130920410156
305.17083740234375
298.31463623046875
291.4572448730469
284.56768798828125
277.62677001953125
270.7342224121094
263.9275817871094
257.1396789550781
250.33428955078125
243.5874786376953
236.88414001464844
230.2145538330078
223.6748046875
217.31739807128906
211.17123413085938
205.2350311279297
199.4924774169922
193.9111785888672
188.4818878173828
183.20758056640625
178.32606506347656
173.5771026611328
168.93885803222656
164.45376586914062
160.1397705078125
156.0071563720703
152.0450897216797
148.279296875
144.6577911376953
141.1557159423828
137.76095581054688
134.4623565673828
131.2556915283203
128.15968322753906
125.1756591796875
122.2844009399414
119.48429870605469
116.7760238647461
