1500.0
1500.0
1500.0
1500.0
1500.0
1500.0
1500.0
1500.0
1500.0
1500.0
1500.0
1500.0
1500.0
1500.0
1500.0
1500.0
1500.0
1500.0
1500.0
1500.0
1500.0
1500.0
1500.0
1500.0
1500.0
1500.0
1500.0
1500.0
1500.0
1500.0
1500.0
1500.0
1500.0
100.0
100.0
100.0
100.0
100.0
100.0
100.0
1500.0
1500.0
1500.0
1500.0
1500.0
1500.0
1500.0
1500.0
1500.0
1500.0
1500.0
1500.0
1500.0
1500.0
1500.0
1500.0
1500.0
1500.0
1500.0
1500.0
1500.0
1500.0
1500.0
1500.0
1500.0
1500.0
1500.0
1500.0
1468.3135986328125
1408.7628173828125
1354.5048828125
1303.7513427734375
1255.8756103515625
1210.475341796875
1167.393798828125
1126.44970703125
1087.857666015625
1051.631103515625
1017.85498046875
986.5621948242188
957.7489013671875
931.3749389648438
907.3470458984375
885.3800048828125
865.2260131835938
846.557373046875
829.2930297851562
813.1663208007812
798.0472412109375
783.6934204101562
769.9644165039062
756.5892944335938
743.7432250976562
731.3301391601562
