1499.9998779296875
1499.9998779296875
1500.0
1500.0
1500.0
1499.9998779296875
1500.0
1500.0
1500.0
1500.0
1500.0
1500.0
1500.0
1500.0
1500.0
1500.0
1500.0
1500.0
1500.0
1500.0
1500.0
1500.0
1500.0
1500.0
1500.0
1500.0
1500.0
1500.0
1500.0
1500.0
1500.0
1500.0
100.0
99.99566650390625
100.0
100.0
100.0
100.0
1500.0
1500.0
1500.0
1500.0
1500.0
1500.0
1500.0
1500.0
1500.0
1500.0
1500.0
1500.0
1500.0
1500.0
1500.0
1500.0
1500.0
1500.0
1500.0
1500.0
1500.0
1500.0
1473.46484375
1421.9317626953125
1373.4840087890625
1326.05810546875
1279.320068359375
1233.34716796875
1188.000244140625
1143.843505859375
1101.293701171875
1060.3201904296875
1020.690185546875
982.0489501953125
944.4293212890625
908.1318359375
873.2312622070312
837.274658203125
803.645751953125
770.7525024414062
739.4578857421875
709.6030883789062
681.3203735351562
654.780029296875
630.2581176757812
607.6227416992188
586.6533813476562
567.271484375
549.3901977539062
532.9551391601562
517.90087890625
504.04718017578125
491.2904968261719
479.2558288574219
