1499.9996337890625
1500.0
1500.0
1500.0
1500.0
1500.0
1500.0
1500.0
1500.0
1500.0
1500.0
1500.0
1500.0
1500.0
1500.0
1500.0
1500.0
1500.0
1500.0
1500.0
1500.0
1500.0
1500.0
1500.0
1500.0
1500.0
1500.0
1500.0
1500.0
1500.0
1500.0
1500.0
100.0
100.0
100.0
100.0
100.0
100.0
1500.0
1500.0
1500.0
1500.0
1500.0
1500.0
1500.0
1500.0
1500.0
1500.0
1500.0
1500.0
1500.0
1500.0
1500.0
1458.8577880859375
1400.9207763671875
1346.190185546875
1292.774658203125
1239.9735107421875
1187.916259765625
1137.5228271484375
1089.793701171875
1045.5455322265625
1004.3244018554688
965.7752685546875
929.8260498046875
896.163818359375
864.28759765625
833.4623413085938
803.27490234375
774.2651977539062
746.6239624023438
722.0596923828125
699.3328857421875
678.1116333007812
658.28369140625
639.6627197265625
622.0339965820312
605.3579711914062
589.6832885742188
575.0309448242188
561.4037475585938
548.6944580078125
536.8326416015625
525.7157592773438
514.482421875
503.9059143066406
493.8373107910156
484.2763366699219
475.1705322265625
466.4934387207031
458.1652526855469
450.1778869628906
442.60125732421875
