1499.9935302734375
1499.9998779296875
1500.0
1500.0
1500.0003662109375
1500.0001220703125
1500.0
1500.0
1500.0
1500.0
1500.0
1500.0
1500.0
1500.0
1500.0
1500.0
1500.0
1500.0
1500.0
1500.0
1500.0
1500.0
1500.0
1500.0
1500.0
1500.0
1500.0
1500.0
1500.0
1500.0
1500.0
1500.0
99.99993133544922
100.0
100.0
100.0
100.0
100.0
1500.0
1500.0
1500.0
1499.9998779296875
1500.0
1500.0009765625
1500.0
1500.0
1500.0
1500.0
1500.0
1500.0
1500.0
1500.0
1500.0
1500.0
1500.0
1500.0
1500.0
1500.0
1500.0
1500.0
1500.0
1499.9998779296875
1500.0
1500.0
1500.0
1500.0
1500.0
1499.9981689453125
1500.0
1499.9774169921875
1499.9998779296875
1499.9981689453125
1500.0
1499.999755859375
1500.0
1499.9996337890625
1500.0
1500.0
1499.917724609375
1499.9857177734375
1492.62744140625
1401.657470703125
1312.520751953125
1214.8311767578125
1168.8692626953125
1123.611083984375
1070.0408935546875
1012.0951538085938
956.385009765625
924.5460205078125
898.0999145507812
871.541015625
