1500.0
1500.0
1500.0
1500.0
1500.0
1500.0
1498.89501953125
1500.0
1499.9583740234375
1499.996826171875
1499.999755859375
1499.999755859375
1500.0
1499.9996337890625
1500.0
1500.0
1499.998046875
1499.988525390625
1499.9947509765625
1499.999755859375
1499.9908447265625
1500.0
1499.999755859375
1500.0
1499.9998779296875
1500.0
1499.999755859375
1499.9969482421875
1499.999755859375
1499.9998779296875
1499.99755859375
1500.0
1500.0
99.99999237060547
100.0
99.99995422363281
99.99994659423828
99.99996948242188
99.99999237060547
1500.0
1499.9969482421875
1499.8265380859375
1499.9906005859375
1499.5654296875
1500.0050048828125
1500.0018310546875
1500.0010986328125
1499.9989013671875
1499.9962158203125
1500.0
1500.0
1499.999755859375
1500.0
1500.0
1500.0
1500.0
1500.0
1500.0
1500.0
1500.0
1499.9998779296875
1500.0
1500.0
1500.0
1500.0
1500.0
1500.0
1500.0
1500.0
1500.0
1500.0
1500.0
1500.0
1500.0
1500.0
1500.0
1354.9998779296875
1276.2113037109375
1215.3978271484375
1187.1920166015625
1135.0537109375
1097.4688720703125
1071.6009521484375
1049.1768798828125
1027.16162109375
1004.513916015625
981.5098876953125
957.7879028320312
937.6171875
922.8093872070312
903.5305786132812
882.0926513671875
863.83349609375
847.8359375
833.509033203125
