1500.0
1500.0
1500.0
1499.999267578125
1500.0
1500.0
1500.0
1500.0
1500.0
1500.0
1499.9998779296875
1476.3289794921875
1450.283935546875
1421.7373046875
1390.12646484375
1355.98486328125
1324.2490234375
1293.63818359375
1263.04296875
1232.6651611328125
1201.73388671875
1169.2025146484375
1136.294921875
1102.0992431640625
1066.9805908203125
1032.8350830078125
997.4500122070312
958.5618286132812
915.093994140625
870.1219482421875
827.681640625
785.8727416992188
100.0
100.0
100.0
100.0
100.0
100.0
957.3760375976562
790.325927734375
731.076171875
695.7154541015625
672.1559448242188
652.742431640625
634.2207641601562
615.1566162109375
595.744873046875
576.2840576171875
556.92431640625
537.737548828125
518.9421997070312
500.60833740234375
482.76092529296875
465.43865966796875
448.6954040527344
432.58587646484375
417.1453552246094
402.39617919921875
388.1985778808594
374.5163269042969
361.3802490234375
348.8087463378906
336.807861328125
325.4142761230469
314.77972412109375
304.6567687988281
294.93975830078125
285.5387878417969
276.5068664550781
267.7626037597656
259.2885437011719
251.0999755859375
243.2454071044922
235.71450805664062
228.5146942138672
221.64381408691406
215.08480834960938
208.84230041503906
202.91018676757812
197.2838897705078
191.9412078857422
186.86648559570312
182.03981018066406
177.51577758789062
173.20835876464844
169.09893798828125
165.1870880126953
161.47409057617188
157.94290161132812
154.58123779296875
151.36888122558594
148.2882080078125
145.35980224609375
