1500.0
1500.0
1500.0
1500.0
1500.0
1500.0
1500.0
1500.0
1500.0
1500.0
1500.0
1500.0
1500.0
1500.0
1499.9998779296875
1500.0
1500.0
1500.0
1500.0
1500.0
1500.0
1500.0
1500.0
1500.0
1500.0
1500.0
1443.8206787109375
1331.2667236328125
1208.8563232421875
1074.84765625
973.125
916.7787475585938
100.0
100.0
100.0
99.99998474121094
100.0
100.0
100.0
1115.042724609375
1080.5557861328125
993.9788818359375
884.3693237304688
826.4498291015625
783.0845947265625
742.858154296875
706.5712890625
672.0083618164062
639.3525390625
608.335205078125
579.000244140625
552.6295776367188
528.6580810546875
506.6993103027344
486.17132568359375
466.714111328125
448.2830505371094
430.78955078125
413.9563903808594
397.83367919921875
382.6169738769531
368.41485595703125
354.97088623046875
342.29888916015625
330.3941650390625
319.3275451660156
309.0058288574219
299.2799987792969
290.0493469238281
281.2576904296875
272.82366943359375
264.7370910644531
257.0292053222656
249.68118286132812
242.66378784179688
235.97216796875
229.6337127685547
223.68661499023438
218.1701202392578
213.07106018066406
208.27029418945312
203.67495727539062
199.28147888183594
195.09657287597656
191.05873107910156
187.19247436523438
183.49557495117188
179.9520263671875
176.5652313232422
173.3306121826172
170.22418212890625
167.22532653808594
164.34803771972656
161.56869506835938
