1499.999755859375
1500.0
1500.0008544921875
1500.0
1500.0
1500.0
1500.0
1500.0
1500.0
1500.0
1500.0
1500.0
1500.0
1500.0
1500.0
1500.0
1500.0
1500.0
1500.0
1500.0
1500.0
1500.0
1500.0
1500.0
1500.0
1500.0
1500.0
1500.0
1500.0
1500.0
1500.0
1500.0
100.0
99.8452377319336
100.0
100.0
100.0
99.9999771118164
1500.0
1500.0
1500.0
1420.90869140625
1344.2899169921875
1297.6478271484375
1262.935302734375
1233.0496826171875
1204.3504638671875
1175.3660888671875
1145.7255859375
1115.5125732421875
1084.708740234375
1053.153564453125
1021.0241088867188
988.7979736328125
956.810546875
925.123779296875
893.6648559570312
862.5630493164062
831.75244140625
801.2171630859375
771.0226440429688
741.312744140625
712.2633666992188
683.9935302734375
656.63330078125
630.23974609375
604.8818359375
580.43896484375
556.7618408203125
533.9407958984375
511.9222106933594
490.754150390625
470.4302062988281
450.94708251953125
432.287353515625
414.4466552734375
397.410400390625
381.1858215332031
365.75787353515625
358.2880859375
351.0121765136719
337.1104736328125
323.74774169921875
311.05157470703125
298.9980163574219
287.6229553222656
276.7960205078125
266.49322509765625
256.6787109375
247.32054138183594
238.414794921875
229.92962646484375
221.80128479003906
