1500.0
1500.010009765625
1500.0
1499.998291015625
1500.0
1499.974853515625
1496.7554931640625
1450.6781005859375
1419.807373046875
1399.6966552734375
1384.0333251953125
1370.63720703125
1358.8892822265625
1348.228515625
1338.027587890625
1328.011474609375
1317.9775390625
1307.768798828125
1297.4803466796875
1287.4964599609375
1277.51611328125
1267.376220703125
1257.1011962890625
1246.5115966796875
1236.218017578125
1226.28759765625
1216.6119384765625
1207.1165771484375
1197.7552490234375
1188.0113525390625
1177.6412353515625
1166.6236572265625
1155.0543212890625
100.00019836425781
100.0
99.9999771118164
100.0
99.99999237060547
100.0
1500.0
1490.323974609375
1424.80419921875
1377.8094482421875
1342.68115234375
1266.9381103515625
1207.8739013671875
1160.7017822265625
1123.694580078125
1094.3658447265625
1070.373046875
1049.9517822265625
1037.8331298828125
1032.1121826171875
1016.0136108398438
1001.4238891601562
987.6720581054688
974.354248046875
961.2550659179688
948.3219604492188
935.5603637695312
923.0076904296875
910.634521484375
898.4632568359375
886.521240234375
874.7737426757812
863.24560546875
851.8882446289062
840.2918090820312
828.1869506835938
814.93701171875
800.597900390625
787.219970703125
774.0482788085938
760.1732788085938
746.0182495117188
733.4204711914062
722.3150024414062
712.060791015625
701.5414428710938
690.0919189453125
678.276123046875
666.256591796875
654.0081176757812
641.4619750976562
626.7513427734375
609.73046875
593.3976440429688
577.2805786132812
564.5982055664062
552.18798828125
540.3689575195312
528.7960205078125
517.4567260742188
505.6387939453125
493.7372741699219
481.8922119140625
470.1351623535156
