1500.0
1500.0
1500.0
1500.0
1500.0
1500.0
1500.0
1500.0
1500.0
1500.0
1500.0
1500.0
1500.0
1500.0
1500.0
1500.0
1500.0
1500.0
1500.0
1500.0
1500.0
1500.0
1500.0
1500.0
1500.0
1500.0
1500.0
1500.0
1500.0
1500.0
1500.0
1500.0
99.99971771240234
100.0
100.0
100.0
100.0
100.0
1500.0
1500.0
1499.9989013671875
1500.0
1500.0
1500.0
1500.0
1472.2484130859375
1360.1357421875
1252.4022216796875
1150.4560546875
1058.0419921875
973.1769409179688
896.5175170898438
830.2224731445312
771.6116943359375
719.4745483398438
673.08349609375
631.4893798828125
594.5986328125
562.0853881835938
533.0494995117188
506.5520324707031
481.905029296875
458.5635986328125
436.70184326171875
415.735595703125
395.14215087890625
375.55645751953125
358.0684509277344
342.1278076171875
326.86041259765625
313.6383056640625
301.51348876953125
289.6573181152344
277.7611389160156
266.48236083984375
256.05975341796875
246.36297607421875
237.49476623535156
229.42098999023438
221.92691040039062
214.90206909179688
208.26600646972656
202.3804931640625
197.13018798828125
192.36936950683594
187.83203125
183.43312072753906
179.1014404296875
174.81106567382812
170.9209442138672
167.27545166015625
163.69876098632812
160.19407653808594
