1499.9993896484375
1500.0
1500.0
1500.0
1500.0
1500.0
1500.0
1500.0
1500.0
1500.0
1499.9765625
1500.0
1500.0
1500.0
1500.0
1500.0
1500.0
1500.0
1500.0
1500.0
1500.0
1500.0
1500.0
1500.0
1500.0
1500.0
1500.0
1500.0
1500.0
1500.0
1500.0
1500.0001220703125
100.18514251708984
99.97885131835938
100.0
100.0
100.0
100.0
1500.0
1500.0
1500.0
1500.00341796875
1500.00244140625
1499.414306640625
1500.0
1500.001953125
1500.00146484375
1500.0
1500.0
1500.000732421875
1500.0
1500.0
1500.0
1500.0
1500.0
1500.0
1500.0
1500.0
1500.0
1500.0
1473.49560546875
1413.108154296875
1357.326171875
1304.093505859375
1252.97802734375
1203.7139892578125
1156.23583984375
1110.4949951171875
1066.40087890625
1023.7640380859375
982.7669677734375
943.5524291992188
906.0914916992188
870.3134765625
836.0934448242188
803.385986328125
772.1339721679688
742.29541015625
713.767578125
686.531005859375
660.546142578125
635.7403564453125
612.0957641601562
589.569091796875
568.1394653320312
547.7283935546875
528.26904296875
509.67730712890625
491.8943786621094
475.052490234375
458.86663818359375
443.46435546875
