1500.0
1500.0
1500.0
1500.0
1392.5859375
1319.5601806640625
1265.102783203125
1197.2528076171875
1154.7147216796875
1128.145751953125
1110.6453857421875
1098.21923828125
1088.7816162109375
1081.4453125
1075.5078125
1070.5059814453125
1065.938232421875
1061.4422607421875
1056.830322265625
1051.8306884765625
1046.22119140625
1039.9161376953125
1033.03125
1025.7799072265625
1018.0626220703125
1009.79541015625
1000.7218017578125
990.7904052734375
980.034912109375
968.4559326171875
956.1356201171875
943.2154541015625
929.8045043945312
100.00941467285156
99.99999237060547
99.99988555908203
99.99999237060547
99.99246978759766
99.99999237060547
1405.5357666015625
1272.0950927734375
1217.71533203125
1180.70263671875
1126.4580078125
1078.3795166015625
993.7473754882812
930.5655517578125
884.3502197265625
850.7615356445312
834.0269165039062
824.7789306640625
805.912109375
790.7545166015625
777.8511962890625
766.3526000976562
755.7056884765625
745.531982421875
735.6482543945312
725.8731079101562
715.90185546875
706.4305419921875
697.0452270507812
687.7001953125
678.4055786132812
669.1333618164062
659.81591796875
650.5525512695312
641.5503540039062
632.7288818359375
624.0464477539062
615.4906616210938
607.0638427734375
598.8081665039062
590.7337646484375
582.7051391601562
574.7988891601562
567.0421752929688
559.400146484375
551.9189453125
544.6439208984375
537.5657348632812
530.658203125
523.8650512695312
517.1778564453125
510.64569091796875
504.273193359375
498.0963439941406
492.1181335449219
486.33319091796875
480.7286071777344
475.30462646484375
470.01190185546875
464.84722900390625
459.82720947265625
454.86700439453125
449.8777160644531
444.86248779296875
