1499.9990234375
1499.9998779296875
1500.0
1500.0
1500.0
1500.0
1500.0
1500.0
1500.0
1500.0
1500.0
1500.0
1500.0
1500.0
1500.0
1499.9989013671875
1500.0
1500.0
1500.0
1500.0
1500.0
1500.0
1500.0
1500.0
1500.0
1500.0
1500.0
1500.0
1500.0
1500.0
1500.0
1500.0
100.0
100.0
99.9999771118164
100.0
100.0
100.0
1500.0
1491.066650390625
1499.9459228515625
1499.9986572265625
1499.9998779296875
1500.0
1500.0
1500.0
1500.0
1500.0
1500.0
1500.0
1500.0
1500.0
1500.0
1500.0
1500.0
1500.0
1500.0
1500.0
1500.0
1500.0
1500.0
1466.5596923828125
1391.6875
1324.38232421875
1256.7652587890625
1193.5863037109375
1131.2783203125
1068.955322265625
1010.32421875
956.8782348632812
905.2545166015625
856.5853271484375
813.6550903320312
773.5006103515625
733.2316284179688
702.1818237304688
673.2103881835938
642.2427368164062
619.5454711914062
595.943603515625
570.5556030273438
544.3165893554688
519.0801391601562
495.5391540527344
473.0733947753906
451.50482177734375
430.2486572265625
408.7523193359375
393.9104309082031
382.5063781738281
370.16644287109375
358.3001403808594
345.452392578125
