1500.0
1500.0
1500.000244140625
1500.0
1500.0
1500.0
1500.0
1500.0
1500.0
1500.0
1500.0
1500.0
1500.0
1500.0
1500.0
1500.0
1500.0
1500.0
1500.0
1500.0
1500.0
1500.0
1500.0
1500.0
1500.0
1500.0
1500.0
1500.0
1500.0
1500.0
1500.0
1500.0
99.99999237060547
100.0
100.0
100.0
100.0
100.0
1500.209716796875
1500.0
1500.0
1500.0
1500.0
1500.0
1500.0
1500.0
1500.0
1500.0
1500.0
1500.0
1500.0
1484.599365234375
1416.07177734375
1349.65966796875
1286.52001953125
1222.889404296875
1158.500732421875
1094.995361328125
1037.6278076171875
979.0304565429688
922.504638671875
873.8805541992188
827.1968383789062
781.3828735351562
739.1661987304688
700.136474609375
661.3427734375
622.5003662109375
587.9140625
556.3809814453125
525.77978515625
502.8111572265625
475.4092712402344
438.777099609375
398.5519714355469
359.6548767089844
320.36480712890625
281.7639465332031
246.96420288085938
233.5260467529297
219.20559692382812
204.30921936035156
189.94325256347656
178.68617248535156
170.91693115234375
164.99484252929688
159.964599609375
155.33505249023438
150.87860107421875
146.57052612304688
142.47926330566406
138.7350616455078
