1500.0
1500.0
1500.0003662109375
1500.0
1500.0
1500.0
1500.0
1500.0
1500.0
1500.0
1500.0
1500.0
1500.0
1500.0
1499.9998779296875
1500.0
1500.0
1500.0
1500.0
1499.9998779296875
1500.0
1500.0
1500.0
1500.0
1500.0
1500.0
1500.0
1500.0
1500.0
1500.0
1500.0
1500.0
100.0
100.0
100.0
100.0
100.0
100.0
1500.000732421875
1500.0
1499.9927978515625
1486.910888671875
1322.129150390625
1171.199462890625
1031.1104736328125
949.3737182617188
902.5242919921875
866.0726928710938
833.670166015625
802.2810668945312
775.6419677734375
750.9236450195312
726.5986938476562
702.0823364257812
677.6622924804688
653.5927124023438
630.1708374023438
607.387939453125
585.1234741210938
563.695556640625
542.9415893554688
522.9571533203125
504.07086181640625
486.4210205078125
469.9533996582031
455.1992492675781
441.2198791503906
427.91650390625
415.2626037597656
403.0965576171875
391.3828125
380.12060546875
369.253662109375
358.7838134765625
348.6998596191406
339.02392578125
329.6927490234375
320.6368103027344
311.8957214355469
303.4294128417969
295.170654296875
287.086669921875
279.2843322753906
271.7099609375
264.4150390625
257.41107177734375
250.7078857421875
244.26629638671875
238.0740509033203
232.09486389160156
226.2989044189453
220.6710205078125
