1500.0
1500.0
1500.0
1500.0
1500.0
1500.0
1500.0001220703125
1500.0
1500.0
1500.0
1500.0
1500.0
1500.0
1500.0
1500.0
1500.0
1500.0
1500.0
1500.0
1500.0
1500.0
1500.0
1500.0
1500.0
1500.0
1500.0
1500.0
1500.0
1500.0
1500.0
1500.0
1500.0
100.0
100.0
100.0
100.0
100.0
100.0
1499.9969482421875
1499.999755859375
1500.0
1500.0
1500.0
1500.0
1500.0
1500.0
1500.0
1500.0
1500.0
1500.0
1500.0
1500.0
1500.0
1500.0
1500.0
1500.0
1500.0
1500.0
1500.0
1500.0
1500.0
1500.0
1500.0
1500.0
1446.55126953125
1372.5433349609375
1308.5960693359375
1248.660400390625
1190.4549560546875
1138.664794921875
1090.108154296875
1042.927978515625
997.1136474609375
952.1416015625
908.7994384765625
868.4436645507812
830.6281127929688
794.994140625
764.4684448242188
735.3699951171875
707.7962036132812
684.5111694335938
663.4525146484375
642.2252807617188
620.5972290039062
599.0877075195312
577.2742309570312
555.0354614257812
534.9717407226562
516.3051147460938
498.33404541015625
480.02227783203125
