2081.176513671875
2056.304931640625
2029.752685546875
2009.5791015625
1995.6348876953125
2022.7144775390625
2032.5999755859375
2040.2994384765625
2057.399658203125
2077.946044921875
2093.608642578125
2116.84716796875
2136.896728515625
2165.169921875
2200.48681640625
2235.763671875
2275.515625
2321.62939453125
2379.14990234375
2463.67822265625
2572.217041015625
2700.471923828125
2845.683837890625
3006.931396484375
3181.978515625
3369.727294921875
3570.134765625
3783.810546875
4012.384033203125
4254.96484375
4514.58544921875
4796.89306640625
198.9911651611328
215.67840576171875
229.18853759765625
239.08743286132812
247.01564025878906
253.81326293945312
5306.564453125
5717.88525390625
5949.77001953125
6143.35302734375
6357.46484375
6609.716796875
6895.9501953125
7243.0458984375
7626.056640625
8075.76708984375
8592.7861328125
9116.0712890625
9650.2041015625
10231.3017578125
10836.6591796875
11469.2060546875
12108.1240234375
12748.7998046875
13401.4306640625
14081.927734375
14765.3984375
15419.9521484375
16031.6591796875
16602.494140625
17133.8671875
17628.55859375
18087.39453125
18519.447265625
18919.833984375
19304.03515625
19650.95703125
19979.44921875
20288.19921875
20531.8203125
20723.642578125
20874.05859375
20993.7265625
21063.17578125
21099.6015625
21106.359375
21082.958984375
21036.779296875
20674.4375
19831.74609375
19126.880859375
18474.990234375
17858.271484375
17268.634765625
16702.630859375
16157.0380859375
15629.7509765625
15120.037109375
14626.669921875
14148.5576171875
