2062.261962890625
2023.3978271484375
2021.9461669921875
2093.597412109375
2067.131103515625
2051.30517578125
2040.6201171875
2032.8526611328125
2026.7183837890625
2023.5103759765625
2035.6876220703125
2041.2947998046875
2043.335693359375
2046.58349609375
2046.7210693359375
2048.49951171875
2046.0655517578125
2042.6280517578125
2049.263427734375
2074.062744140625
2093.132568359375
2107.784423828125
2121.706298828125
2133.989013671875
2143.415771484375
2153.727294921875
2166.467529296875
2183.375732421875
2204.693359375
2236.84326171875
2276.831787109375
2323.321044921875
123.51590728759766
123.78244018554688
124.04745483398438
124.28998565673828
124.51930236816406
124.7424087524414
1865.7879638671875
2063.445068359375
2255.49462890625
2412.734130859375
2551.600341796875
2680.604248046875
2806.461181640625
2935.68115234375
3071.965576171875
3217.96142578125
3370.884765625
3527.336669921875
3685.8330078125
3848.164794921875
4013.765869140625
4185.083984375
4352.5146484375
4521.04052734375
4692.4677734375
4852.81640625
5012.80615234375
5172.4208984375
5338.5458984375
5512.919921875
5442.7646484375
5375.4384765625
5310.59765625
5246.3662109375
5179.85693359375
5110.3125
5037.8232421875
4962.037109375
4883.5546875
4804.3994140625
4724.92578125
4643.95703125
4560.94091796875
4475.2021484375
4407.3076171875
4334.4345703125
4256.119140625
4174.23095703125
4090.495361328125
4007.18505859375
3921.363037109375
3832.158203125
3744.25244140625
3658.116455078125
3575.21728515625
3493.604736328125
3413.099853515625
3332.998291015625
3252.81640625
3171.37744140625
