2057.41064453125
2024.381103515625
1997.4326171875
2067.796875
2075.935546875
2059.833984375
2048.42822265625
2043.2041015625
2038.831787109375
2032.619140625
2033.678955078125
2070.8603515625
2084.61865234375
2090.305908203125
2096.630859375
2122.825927734375
2153.09716796875
2186.65087890625
2229.148193359375
2291.741943359375
2378.190185546875
2485.290771484375
2611.020751953125
2750.628173828125
2902.609130859375
3066.20654296875
3240.994140625
3425.803955078125
3619.02734375
3821.266845703125
4032.401611328125
4252.1494140625
128.39488220214844
137.47955322265625
159.27462768554688
178.20144653320312
192.74252319335938
203.61434936523438
4969.400390625
5327.67626953125
5574.77783203125
5810.443359375
6060.5517578125
6337.3583984375
6635.98779296875
6950.34033203125
7278.62841796875
7633.01416015625
8059.7421875
8470.6806640625
8909.1845703125
9385.5908203125
9865.4033203125
10354.4267578125
10873.662109375
11433.66796875
12026.4814453125
12640.728515625
13274.517578125
13927.2705078125
14595.4169921875
15276.4384765625
15513.1884765625
15501.1767578125
15482.630859375
15443.943359375
15382.6513671875
15299.4921875
15196.7626953125
15076.41796875
14939.2275390625
14786.431640625
14619.509765625
14439.71484375
14248.1640625
14046.2626953125
13835.4697265625
13616.0224609375
13388.818359375
13155.3388671875
12917.1552734375
12675.001953125
12429.1337890625
12179.0498046875
11926.9873046875
11674.9970703125
11422.9189453125
11171.10546875
10920.408203125
10668.380859375
10411.1416015625
10162.625
