2044.7392578125
2002.0751953125
2117.66357421875
2182.806396484375
2139.322509765625
2118.168212890625
2136.35693359375
2169.15771484375
2185.34423828125
2187.344970703125
2207.368896484375
2238.04638671875
2270.69482421875
2308.566650390625
2351.38427734375
2399.437255859375
2466.306640625
2558.150390625
2674.751220703125
2814.59228515625
2973.2978515625
3147.30078125
3333.60693359375
3530.478271484375
3736.41455078125
3950.952392578125
4171.8681640625
4396.35107421875
4622.5322265625
4856.25537109375
5099.458984375
5347.6962890625
145.3245086669922
135.53404235839844
135.2908172607422
141.61924743652344
168.4188995361328
192.98361206054688
5976.46630859375
6595.197265625
6873.92236328125
7049.76708984375
7160.6953125
7239.984375
7335.494140625
7467.7685546875
7647.087890625
7871.265625
8135.9951171875
8450.955078125
8792.0625
8991.966796875
9007.1552734375
9054.7490234375
9109.2607421875
9165.00390625
9214.8330078125
9252.283203125
9276.50390625
9287.015625
9286.302734375
9270.3994140625
9238.5986328125
9193.130859375
9137.9453125
9074.076171875
9002.3671875
8921.763671875
8833.1357421875
8736.923828125
8634.822265625
8528.0966796875
8416.9853515625
8301.0830078125
8180.99267578125
8057.138671875
7930.46923828125
7801.9482421875
7671.73828125
7540.4951171875
7408.263671875
7275.41162109375
7142.0888671875
7008.53515625
6875.0400390625
6741.7353515625
6608.91650390625
6477.4111328125
6347.96142578125
6218.11279296875
6090.0595703125
5964.376953125
