2060.390380859375
2015.718505859375
2027.7398681640625
2097.762939453125
2064.89013671875
2045.752197265625
2037.60791015625
2032.364013671875
2035.677001953125
2050.549072265625
2060.128662109375
2062.62548828125
2076.9873046875
2089.46533203125
2122.997314453125
2159.106201171875
2188.41455078125
2214.856689453125
2240.42431640625
2269.5146484375
2313.916259765625
2376.08984375
2460.720947265625
2569.66015625
2698.59130859375
2844.995361328125
3007.427978515625
3185.090087890625
3374.59375
3570.597900390625
3772.9599609375
3981.961181640625
116.29273223876953
118.60235595703125
119.57295227050781
120.16970825195312
133.22743225097656
140.49110412597656
3389.8046875
3424.60498046875
3529.69287109375
3733.070556640625
4037.46533203125
4414.16064453125
4847.4208984375
5263.15576171875
5196.001953125
5129.75439453125
5060.9140625
4982.13232421875
4890.89501953125
4788.05615234375
4678.0234375
4592.0693359375
4501.4990234375
4397.41796875
4285.22314453125
4174.2412109375
4061.7685546875
3944.7119140625
3824.864990234375
3704.106689453125
3581.67919921875
3460.051513671875
3341.611083984375
3228.392578125
3121.12744140625
3017.163818359375
2917.8642578125
2821.367919921875
2726.8779296875
2634.982666015625
2544.49755859375
2456.249755859375
2370.591552734375
2287.75732421875
2208.395751953125
2135.85302734375
2068.70751953125
2006.6246337890625
1948.458740234375
1892.9622802734375
1839.330078125
1786.774658203125
1735.98388671875
1686.7657470703125
1639.7349853515625
1594.6917724609375
1551.480224609375
1509.6666259765625
1469.01416015625
1431.608642578125
