2072.8984375
2044.89990234375
2007.3232421875
2041.085693359375
2111.611328125
2132.744140625
2173.380615234375
2205.197021484375
2219.43408203125
2223.74658203125
2219.646728515625
2226.59912109375
2243.56298828125
2271.379150390625
2294.499755859375
2312.61572265625
2322.20263671875
2326.7080078125
2333.181884765625
2344.9248046875
2359.998291015625
2377.322509765625
2396.795654296875
2419.5966796875
2451.91455078125
2489.798828125
2539.164794921875
2607.094970703125
2695.42236328125
2801.27587890625
2921.480224609375
3053.141845703125
127.16864776611328
125.30681610107422
125.36337280273438
125.7101821899414
126.00209045410156
126.15555572509766
2243.57568359375
2919.887939453125
3244.645751953125
3444.9189453125
3600.435302734375
3743.642822265625
3887.395263671875
4037.057861328125
4194.30078125
4359.05419921875
4530.02294921875
4707.439453125
4890.38818359375
5079.09130859375
5275.02099609375
5479.04345703125
5698.7109375
5982.7841796875
6260.56396484375
6535.8701171875
6811.3505859375
7091.8076171875
7413.08984375
7729.55224609375
8042.39453125
8346.7216796875
8641.515625
8562.0537109375
8486.072265625
8425.751953125
8368.9296875
8310.009765625
8244.5673828125
8171.19482421875
8093.181640625
8005.50634765625
7907.865234375
7801.26904296875
7687.40380859375
7566.7119140625
7437.6767578125
7295.01904296875
7150.001953125
6999.2509765625
6844.0390625
6684.6162109375
6522.04736328125
6357.2958984375
6191.84765625
6027.240234375
5864.50537109375
5704.50146484375
5546.36865234375
5388.66064453125
