2076.684814453125
2048.209716796875
2023.15576171875
2006.08935546875
1999.4248046875
2051.6748046875
2057.412353515625
2092.643310546875
2117.550048828125
2142.1943359375
2147.9013671875
2150.879638671875
2174.567626953125
2218.230224609375
2250.152587890625
2273.6982421875
2296.90869140625
2318.74267578125
2347.796142578125
2388.509521484375
2447.470947265625
2529.929443359375
2632.984619140625
2750.916259765625
2879.08447265625
3018.656005859375
3167.691162109375
3321.157958984375
3477.177978515625
3636.352783203125
3796.587890625
3955.005126953125
4109.61962890625
137.9909210205078
121.9587173461914
121.02880859375
123.04360961914062
125.05792236328125
126.43888092041016
3182.259765625
3638.544189453125
3841.420654296875
3994.883544921875
4174.70849609375
4395.3232421875
4653.0107421875
4936.6611328125
5222.81689453125
5498.5703125
5775.669921875
6052.32177734375
6343.39111328125
6607.30615234375
6853.24560546875
7086.85498046875
7277.3037109375
7460.0263671875
7618.10302734375
7754.61083984375
7888.5947265625
8006.9951171875
8087.38037109375
8156.26904296875
8218.91015625
8264.421875
8301.0810546875
8322.5625
8312.3251953125
8308.76953125
8359.5283203125
8464.1669921875
8571.6513671875
8635.673828125
8716.2685546875
8360.7001953125
7912.78955078125
7522.63671875
7181.25244140625
6885.46533203125
6617.576171875
6367.47509765625
6127.20263671875
5905.87109375
5689.05810546875
5476.7705078125
5270.06005859375
5068.36767578125
4869.18994140625
4679.3291015625
4505.42578125
4347.83056640625
4201.97998046875
4063.04150390625
