2033.3826904296875
1919.839111328125
1816.904296875
1732.8438720703125
1630.14794921875
1534.7122802734375
1459.5838623046875
1422.5269775390625
1399.8006591796875
1381.8245849609375
1374.1385498046875
1366.6422119140625
1355.6295166015625
1345.482177734375
1337.560791015625
1331.203857421875
1325.4085693359375
1320.2607421875
1320.90234375
1330.3115234375
1352.5792236328125
1386.8907470703125
1430.8021240234375
1481.7615966796875
1537.6549072265625
1597.576171875
1663.243408203125
1727.4112548828125
1789.847412109375
1851.3232421875
1911.4532470703125
1969.913330078125
2026.6988525390625
234.93063354492188
225.5011749267578
238.2166290283203
255.06991577148438
271.7257385253906
287.4842834472656
2394.8173828125
2438.696044921875
2450.69580078125
2487.982177734375
2543.105224609375
2588.71875
2637.57861328125
2692.136474609375
2745.164794921875
2791.6337890625
2829.833251953125
2859.3291015625
2879.934326171875
2892.448974609375
2896.66162109375
2892.525634765625
2880.536865234375
2861.30517578125
2835.43896484375
2803.955078125
2768.4755859375
2728.490478515625
2684.139892578125
2635.74169921875
2583.097412109375
2527.52978515625
2469.744140625
2410.3662109375
2349.99169921875
2289.321533203125
2228.79296875
2168.779296875
2109.510009765625
2050.789794921875
1992.8134765625
1935.791748046875
1880.001220703125
1823.4793701171875
1768.17578125
1714.6102294921875
1662.94970703125
1613.414794921875
1565.891357421875
1520.147216796875
1476.162109375
1433.85693359375
1393.1490478515625
1354.1402587890625
1316.606201171875
1280.48583984375
1245.7252197265625
1212.2366943359375
1179.9407958984375
1148.770263671875
