2024.7593994140625
2722.05859375
3430.23828125
2795.738037109375
2468.3740234375
2368.951171875
2332.962158203125
2303.429443359375
2271.417236328125
2242.15966796875
2225.1298828125
2218.781982421875
2219.08447265625
2226.068115234375
2232.406494140625
2238.33154296875
2242.99072265625
2244.20556640625
2243.55908203125
2245.825439453125
2250.520263671875
2255.894287109375
2262.527099609375
2250.855712890625
2225.64306640625
2217.714111328125
2219.7529296875
2234.208251953125
2262.744140625
2300.650634765625
2344.843994140625
2391.51513671875
101.19872283935547
89.32356262207031
87.69731140136719
86.870849609375
87.24457550048828
87.79312896728516
1460.831298828125
2750.188720703125
2716.48486328125
2640.45654296875
2664.595947265625
2703.166259765625
2739.239013671875
2773.89697265625
2807.5009765625
2839.720947265625
2870.154052734375
2898.004150390625
2923.027099609375
2953.932861328125
2974.182861328125
2990.227294921875
3002.556640625
3010.09228515625
3013.0185546875
3013.179443359375
3012.162109375
3005.9658203125
2998.6650390625
2996.87353515625
2991.573486328125
2978.7578125
2956.654052734375
2923.35400390625
2884.30322265625
2842.457275390625
2796.126708984375
2743.44189453125
2686.21435546875
2627.37939453125
2567.590087890625
2507.196044921875
2444.373779296875
2380.4990234375
2317.2177734375
2255.30029296875
2194.923583984375
2135.98095703125
2077.97216796875
2020.616455078125
1965.8240966796875
1915.3641357421875
1868.5830078125
1824.1636962890625
1780.9991455078125
1738.5994873046875
1696.5125732421875
1653.778564453125
1610.531494140625
1568.1064453125
