2082.345703125
2061.06884765625
2034.4541015625
2014.857666015625
2002.08984375
1991.5384521484375
2025.656005859375
2039.3125
2047.835693359375
2067.433837890625
2093.951416015625
2098.4951171875
2099.076171875
2112.45166015625
2124.543212890625
2135.790283203125
2158.09814453125
2192.145751953125
2226.09130859375
2261.82861328125
2302.865478515625
2360.240966796875
2439.441650390625
2538.89013671875
2654.99658203125
2786.317138671875
2932.634765625
3094.048828125
3267.642578125
3452.178466796875
3646.257568359375
3850.4140625
150.7415313720703
142.41873168945312
149.34727478027344
158.90777587890625
168.1707000732422
176.61868286132812
4118.76416015625
4413.87841796875
4550.36083984375
4699.458984375
4886.67236328125
5103.7265625
5342.927734375
5600.00830078125
5872.814453125
6159.2724609375
6463.85888671875
6778.9736328125
7112.48193359375
7478.69091796875
7829.30712890625
8203.93359375
8595.419921875
8975.197265625
9353.9033203125
9732.845703125
10119.6376953125
10516.396484375
10914.6513671875
11309.4677734375
11700.091796875
12083.5712890625
12456.095703125
12812.5791015625
13149.541015625
13466.876953125
13762.712890625
14034.9658203125
14285.462890625
14514.212890625
14720.6123046875
14906.041015625
15071.0224609375
15216.2646484375
15341.5869140625
15448.1669921875
15536.5
15608.0361328125
15663.16015625
15705.0078125
15733.115234375
15748.1748046875
15750.5419921875
15745.203125
15729.81640625
15699.095703125
15658.0087890625
15609.8896484375
15546.8291015625
15469.265625
