2084.99365234375
2074.322509765625
2044.7054443359375
2017.27099609375
1998.2423095703125
2066.677490234375
2079.18017578125
2075.212890625
2067.672607421875
2066.056884765625
2065.37109375
2065.899658203125
2082.587646484375
2103.86669921875
2118.388427734375
2119.680419921875
2131.690673828125
2140.047119140625
2146.029052734375
2152.6640625
2155.64013671875
2164.563720703125
2176.62646484375
2186.815185546875
2196.727294921875
2213.711669921875
2228.09326171875
2230.750244140625
2235.465576171875
2248.836181640625
2271.162841796875
2289.094482421875
123.3236312866211
119.32713317871094
117.72978973388672
117.0812759399414
117.21711730957031
117.40272521972656
1770.6788330078125
1736.58642578125
2218.7421875
2724.072265625
2854.60791015625
2840.333251953125
2821.413330078125
2797.5908203125
2808.57421875
2848.7451171875
2899.557861328125
2978.31103515625
3045.726318359375
3090.739990234375
3132.79638671875
3200.477294921875
3272.656494140625
3347.48876953125
3436.578857421875
3535.3623046875
3643.7724609375
3761.939208984375
3908.700439453125
4076.3203125
4240.06103515625
4396.25244140625
4545.21484375
4662.10546875
4534.02978515625
4480.86767578125
4463.4873046875
4454.65625
4446.75341796875
4446.9560546875
4462.833984375
4491.6484375
4535.96337890625
4593.65087890625
4659.443359375
4723.81689453125
4776.4775390625
4814.34375
4838.74072265625
4853.03759765625
4862.9697265625
4874.67626953125
4889.2705078125
4905.19384765625
4920.12841796875
4932.1474609375
4940.58837890625
4946.08935546875
4947.8115234375
4944.19287109375
