2051.805908203125
2020.97021484375
1999.7281494140625
2079.007080078125
2060.197265625
2047.145263671875
2037.7052001953125
2030.3631591796875
2029.14892578125
2024.062744140625
2030.8272705078125
2049.96044921875
2058.539306640625
2059.606201171875
2065.8701171875
2073.289794921875
2095.51708984375
2117.831787109375
2145.508544921875
2175.809814453125
2208.80224609375
2255.198486328125
2319.062255859375
2398.9482421875
2491.557861328125
2592.255859375
2700.9365234375
2816.8330078125
2938.690673828125
3066.91796875
3200.97705078125
3339.932861328125
124.64672088623047
125.90522766113281
126.14460754394531
126.17955780029297
127.3325424194336
144.32603454589844
3845.031494140625
4040.47802734375
4131.1982421875
4219.69287109375
4333.5380859375
4476.3642578125
4644.7685546875
4834.24560546875
5038.97265625
5261.2548828125
5498.54638671875
5753.92529296875
6025.52880859375
6310.12890625
6616.45458984375
6939.4052734375
7290.52099609375
7686.45947265625
8123.33642578125
8585.1025390625
9056.6669921875
9563.5546875
10082.0234375
10599.6201171875
11134.435546875
11703.3564453125
12278.287109375
12855.6630859375
13435.6630859375
14017.376953125
14600.77734375
14976.3408203125
14957.9091796875
14941.0283203125
14911.1220703125
14865.7421875
14806.232421875
14734.3125
14649.22265625
14551.474609375
14444.1376953125
14327.3798828125
14200.3837890625
14063.228515625
13918.30859375
13762.478515625
13596.064453125
13420.845703125
13238.2099609375
13048.3798828125
12852.7939453125
12653.576171875
12450.1572265625
12242.8759765625
