2084.399658203125
2063.92626953125
2036.7244873046875
2019.447021484375
2007.87841796875
2015.551025390625
2043.1273193359375
2036.1695556640625
2027.5078125
2032.6207275390625
2038.988525390625
2049.223876953125
2062.7060546875
2085.031982421875
2106.918212890625
2139.46728515625
2171.636962890625
2206.9345703125
2243.407958984375
2279.74609375
2324.27685546875
2394.5126953125
2487.96142578125
2599.299560546875
2726.1748046875
2864.89013671875
3011.709716796875
3163.703125
3319.810302734375
3477.983642578125
3637.987060546875
3802.41064453125
149.75216674804688
148.06918334960938
153.9432373046875
159.76014709472656
164.44760131835938
167.88134765625
3781.93359375
4059.52294921875
4206.298828125
4318.79150390625
4431.10498046875
4557.0693359375
4699.9716796875
4857.5244140625
5027.67333984375
5208.6240234375
5402.32275390625
5604.36181640625
5813.0771484375
6030.00537109375
6256.9521484375
6491.1044921875
6737.08642578125
6999.0927734375
7312.66259765625
7665.88916015625
7977.74072265625
8278.7626953125
8571.1796875
8852.798828125
9120.4814453125
9377.876953125
9625.12890625
9858.310546875
10075.8369140625
10277.0458984375
10462.453125
10630.7041015625
10782.3759765625
10918.76171875
11041.3447265625
11151.0693359375
11248.9599609375
11336.0078125
11412.607421875
11480.099609375
11540.119140625
11594.2822265625
11643.216796875
11688.2568359375
11728.369140625
11763.9287109375
11795.9482421875
11826.375
11857.6240234375
11892.2255859375
11930.37109375
11970.4951171875
12011.1533203125
12051.9130859375
