2076.440673828125
2044.383056640625
2007.504150390625
2000.2706298828125
2053.13720703125
2061.55615234375
2098.557373046875
2123.483154296875
2146.93994140625
2151.168701171875
2153.81982421875
2181.714111328125
2225.240478515625
2255.18310546875
2277.97216796875
2302.15283203125
2326.012939453125
2359.830322265625
2407.415283203125
2477.238525390625
2571.001220703125
2682.694091796875
2806.9970703125
2941.9384765625
3089.099853515625
3243.250244140625
3400.959228515625
3561.803955078125
3725.36962890625
3887.374267578125
4045.9404296875
4200.38720703125
141.96463012695312
125.18930053710938
123.68738555908203
125.46261596679688
127.39366149902344
128.74725341796875
3275.364990234375
3709.770263671875
3903.471435546875
4061.17138671875
4251.5244140625
4488.00390625
4757.45703125
5051.79833984375
5332.845703125
5616.11572265625
5903.01025390625
6196.22900390625
6486.779296875
6745.84814453125
6988.517578125
7203.00439453125
7401.74609375
7586.73779296875
7744.9814453125
7899.87255859375
8039.19775390625
8142.1337890625
8215.5556640625
8253.3955078125
8265.4599609375
8268.2705078125
8244.7119140625
8234.740234375
8278.0791015625
8368.9384765625
8444.693359375
8528.5693359375
8653.609375
8680.8681640625
8130.14013671875
7692.03173828125
7319.29296875
6994.064453125
6695.4501953125
6414.9453125
6159.5302734375
5931.43359375
5710.92041015625
5493.7060546875
5279.5400390625
5067.85498046875
4862.10400390625
4671.99072265625
4503.06201171875
4352.4365234375
4213.98486328125
4080.975341796875
3948.486328125
3815.879150390625
