2073.75
2043.6639404296875
1997.490234375
2112.43359375
2144.72900390625
2121.808349609375
2113.989501953125
2119.268310546875
2025.2864990234375
1942.864013671875
1895.6129150390625
1859.0203857421875
1828.5892333984375
1794.7515869140625
1758.533203125
1721.88525390625
1688.2889404296875
1669.2760009765625
1645.40966796875
1619.1158447265625
1593.3590087890625
1572.336669921875
1553.790771484375
1534.0352783203125
1516.227783203125
1499.796875
1483.5789794921875
1467.46435546875
1456.486328125
1451.013916015625
1447.885009765625
1448.1949462890625
111.98854064941406
111.77977752685547
112.20083618164062
112.64131927490234
113.09100341796875
113.5433120727539
1339.4576416015625
1472.8118896484375
1527.1436767578125
1552.3017578125
1553.813232421875
1555.568603515625
1561.771728515625
1579.0635986328125
1638.9771728515625
1710.3038330078125
1778.648193359375
1839.52294921875
1892.0303955078125
1938.7325439453125
1982.9122314453125
2024.556640625
2062.162841796875
2094.15966796875
2119.56201171875
2138.002197265625
2150.187744140625
2156.55322265625
2157.985107421875
2155.77783203125
2152.010986328125
2147.86572265625
2143.02587890625
2136.743896484375
2128.487548828125
2118.84716796875
2107.55224609375
2094.6572265625
2080.934814453125
2068.322509765625
2056.00390625
2043.393798828125
2030.3138427734375
2016.5194091796875
2001.584228515625
1985.569580078125
1967.8387451171875
1948.3314208984375
1927.1951904296875
1904.547607421875
1880.6099853515625
1855.5654296875
1829.5997314453125
1802.90283203125
1775.691162109375
1748.0255126953125
1720.02392578125
1691.8280029296875
1663.588134765625
1635.4754638671875
1607.7164306640625
1580.16455078125
