2085.0009765625
2080.146240234375
2058.7158203125
2038.347900390625
2036.5325927734375
2040.2166748046875
2040.2264404296875
2053.088134765625
2048.027587890625
2045.918212890625
2047.1986083984375
2046.1451416015625
2050.107421875
2055.180419921875
2057.302001953125
2056.859375
2057.9462890625
2070.247314453125
2090.4833984375
2126.843994140625
2154.6787109375
2198.381591796875
2237.321044921875
2283.460205078125
2350.137939453125
2429.8818359375
2525.6826171875
2633.74365234375
2756.69482421875
2901.222900390625
3054.499755859375
3206.4658203125
159.17581176757812
153.2064666748047
147.72698974609375
142.40426635742188
137.31610107421875
132.60667419433594
2772.72021484375
2996.046630859375
3223.33935546875
3474.7138671875
3744.667236328125
4023.687744140625
4307.1767578125
4602.076171875
4926.3916015625
5156.328125
5357.986328125
5646.55615234375
5931.07470703125
6239.43994140625
6507.18798828125
6741.8173828125
6961.51806640625
7155.31494140625
7327.26220703125
7474.14208984375
7615.7080078125
7739.91748046875
7832.8828125
7887.21826171875
7906.6513671875
7900.21630859375
7886.6171875
7910.76513671875
7951.251953125
7990.15625
8124.5595703125
8273.734375
8405.4599609375
8309.427734375
7625.7412109375
7093.423828125
6662.56884765625
6298.34228515625
5949.3837890625
5548.67822265625
5225.62548828125
5007.8974609375
4810.6259765625
4618.29833984375
4434.1220703125
4262.2705078125
4113.05908203125
3967.6767578125
3822.237060546875
3701.54931640625
3578.66162109375
3462.2626953125
3352.38720703125
3243.978271484375
