2055.035888671875
2011.8404541015625
2060.7734375
2074.345703125
2049.463134765625
2034.4798583984375
2024.841064453125
2022.3587646484375
2038.395263671875
2041.1866455078125
2048.041015625
2050.008056640625
2045.90380859375
2042.7020263671875
2065.418701171875
2093.900634765625
2115.062744140625
2129.017822265625
2143.07958984375
2155.757080078125
2170.200439453125
2188.39501953125
2212.4658203125
2250.552001953125
2298.756103515625
2355.569580078125
2426.813720703125
2515.066650390625
2616.580322265625
2724.106201171875
2837.474609375
2959.171875
120.75160217285156
122.87291717529297
123.72065734863281
124.25452423095703
124.65048217773438
124.96417999267578
2427.4609375
2656.218017578125
2813.490478515625
3005.75634765625
3231.07861328125
3479.150146484375
3740.906005859375
4012.156494140625
4296.6728515625
4592.21337890625
4896.8623046875
5190.22705078125
5466.99853515625
5482.52783203125
5402.68017578125
5325.5849609375
5248.78759765625
5170.80908203125
5088.068359375
4999.4375
4904.39208984375
4804.4072265625
4698.87451171875
4591.71533203125
4501.18505859375
4404.19482421875
4308.330078125
4211.0556640625
4110.4951171875
4007.802490234375
3904.936279296875
3798.51708984375
3690.3876953125
3580.6328125
3469.216552734375
3355.2705078125
3243.28857421875
3136.515380859375
3035.91748046875
2940.92578125
2848.44677734375
2757.33154296875
2668.586669921875
2583.070068359375
2501.17138671875
2421.083740234375
2341.561279296875
2261.611328125
2184.211669921875
2111.348876953125
2042.914306640625
1979.832275390625
1923.087158203125
1871.4161376953125
