2046.99658203125
2004.6151123046875
2143.43505859375
2372.137451171875
2487.965576171875
2487.798583984375
2454.39208984375
2406.500732421875
2365.57763671875
2327.1455078125
2294.462890625
2273.255859375
2265.4423828125
2268.14892578125
2280.174072265625
2301.755859375
2325.06591796875
2345.049560546875
2365.311279296875
2391.63427734375
2434.167724609375
2499.31201171875
2588.67626953125
2701.44384765625
2834.428955078125
2984.366943359375
3149.17626953125
3326.462890625
3514.38818359375
3709.962890625
3912.640869140625
4122.59228515625
170.35519409179688
150.5364990234375
139.74658203125
135.5334930419922
133.8660430908203
133.66348266601562
3197.23779296875
4882.6611328125
5766.41455078125
6206.02685546875
6416.39404296875
6225.01904296875
6131.45849609375
6105.880859375
6122.7587890625
6167.69970703125
6237.458984375
6322.66748046875
6425.47412109375
6542.42822265625
6662.20703125
6791.34375
6918.62158203125
7039.3251953125
7158.1669921875
7269.09716796875
7365.8759765625
7447.15185546875
7514.17529296875
7567.0029296875
7606.86279296875
7633.0166015625
7646.04638671875
7646.4140625
7634.22314453125
7609.9716796875
7573.77783203125
7525.97265625
7467.2880859375
7398.14306640625
7318.919921875
7229.4931640625
7131.98779296875
7027.494140625
6916.9931640625
6801.5380859375
6682.1396484375
6559.81884765625
6435.5556640625
6310.0654296875
6184.41015625
6058.8720703125
5933.62548828125
5808.85595703125
5684.79931640625
5560.9375
5437.78515625
5315.71630859375
5195.03271484375
5075.92724609375
