1898.0615234375
1428.2481689453125
1096.9393310546875
915.7412109375
868.5000610351562
851.5155029296875
827.2486572265625
802.85693359375
779.7838745117188
758.1650390625
736.9859008789062
715.8049926757812
695.939453125
682.13818359375
667.4356079101562
655.2510375976562
642.1194458007812
628.1257934570312
613.862060546875
599.8274536132812
586.8123168945312
580.2005004882812
572.017333984375
562.84423828125
552.8031616210938
541.6917114257812
529.3937377929688
515.7762451171875
500.91961669921875
484.9173278808594
467.9085998535156
450.2379150390625
123.5611343383789
125.81621551513672
126.99337768554688
127.20938873291016
127.43714141845703
127.65144348144531
514.0476684570312
366.0516357421875
412.17828369140625
450.23956298828125
450.8442687988281
429.7513427734375
404.0238342285156
381.99993896484375
365.9334411621094
355.4620666503906
351.308349609375
351.22381591796875
354.2477722167969
356.58935546875
357.6275939941406
357.8606262207031
357.619140625
358.1140441894531
362.13714599609375
368.153564453125
375.3755798339844
384.3705139160156
394.2302551269531
404.17620849609375
415.4682922363281
429.6705627441406
445.24176025390625
460.6318359375
479.1057434082031
496.34185791015625
516.0552978515625
535.9932250976562
555.0156860351562
573.5127563476562
591.3770751953125
608.5111694335938
624.3740234375
638.59765625
652.187744140625
664.9852905273438
676.7694702148438
687.1076049804688
695.700927734375
702.3441162109375
707.014892578125
709.932373046875
711.3196411132812
711.52734375
710.7686157226562
709.1298828125
706.6287231445312
703.3030395507812
699.2669677734375
694.6146850585938
