2061.879638671875
2028.7642822265625
2002.8385009765625
1985.6912841796875
2089.771484375
2087.048828125
2108.580810546875
2184.055908203125
2239.338134765625
2311.83740234375
2388.956298828125
2466.408447265625
2546.545166015625
2653.55029296875
2806.205078125
3000.006103515625
3224.02197265625
3473.11962890625
3735.9013671875
4013.927490234375
4305.86962890625
4609.01953125
4924.3896484375
5249.02001953125
5581.654296875
5935.09228515625
6340.25
6756.48779296875
7210.2001953125
7717.48095703125
8200.4599609375
8675.703125
9047.60546875
326.6612854003906
316.9085998535156
326.5152282714844
339.5928649902344
353.96746826171875
367.6658020019531
8485.9091796875
8779.0810546875
8114.2421875
7669.25830078125
7491.59423828125
7345.85986328125
7117.478515625
6919.2744140625
6737.15478515625
6553.01708984375
6359.916015625
6155.890625
5941.84912109375
5719.97705078125
5492.40771484375
5264.798828125
5035.8115234375
4813.333984375
4599.9345703125
4397.5634765625
4205.0322265625
4020.98681640625
3844.992431640625
3676.66943359375
3515.42529296875
3436.62890625
3359.6650390625
3211.88134765625
3070.8544921875
2937.990478515625
2814.564697265625
2698.94580078125
2589.52734375
2485.50146484375
2386.57763671875
2292.7421875
2204.045166015625
2120.2861328125
2041.0982666015625
1966.035400390625
1894.66015625
1826.5963134765625
1761.6044921875
1699.548828125
1640.3089599609375
1583.8292236328125
1530.0792236328125
1478.9169921875
1430.1527099609375
1383.5540771484375
1338.990234375
1296.315185546875
1255.4864501953125
1216.482666015625
1179.0775146484375
1143.1309814453125
