2055.63623046875
2021.89794921875
2028.14794921875
2082.57861328125
2128.21728515625
2138.321044921875
2143.2578125
2138.738525390625
2134.349365234375
2145.54296875
2162.015625
2195.07177734375
2222.23779296875
2235.931396484375
2244.105712890625
2255.912353515625
2279.943115234375
2313.5390625
2370.08984375
2458.45654296875
2572.82958984375
2706.580810546875
2855.7919921875
3015.5830078125
3181.979248046875
3353.230224609375
3529.95556640625
3710.234130859375
3892.61865234375
4077.465087890625
4264.6572265625
4455.388671875
150.55540466308594
144.62606811523438
147.66404724121094
151.24423217773438
154.4582977294922
156.97698974609375
4037.716064453125
4422.025390625
4583.94580078125
4726.05517578125
4885.2451171875
4975.04833984375
5075.2333984375
5305.35205078125
5555.23828125
5816.720703125
6084.83056640625
6361.05908203125
6610.404296875
6860.44189453125
7088.64697265625
7301.6103515625
7502.15234375
7680.09228515625
7825.0625
7952.05224609375
8060.55419921875
8064.44482421875
7790.5546875
7562.8974609375
7352.30810546875
7147.623046875
6946.0107421875
6745.4306640625
6545.34326171875
6346.09765625
6147.80615234375
5951.82373046875
5759.90576171875
5572.15673828125
5387.75927734375
5214.54638671875
5050.8720703125
4895.41796875
4747.63623046875
4607.06103515625
4472.8427734375
4344.41748046875
4221.34619140625
4103.29443359375
3988.072021484375
3874.39453125
3762.31884765625
3652.339111328125
3544.7841796875
3440.648193359375
3340.552734375
3245.016357421875
3154.076171875
3067.94775390625
2986.1279296875
