2052.238525390625
2010.241455078125
2093.43115234375
2180.9755859375
2144.063232421875
2155.1650390625
2208.575439453125
2266.437744140625
2315.56591796875
2353.244384765625
2379.426513671875
2409.19921875
2454.90625
2513.366943359375
2585.9267578125
2676.56494140625
2785.52490234375
2912.366455078125
3055.547119140625
3215.664794921875
3390.3056640625
3578.552001953125
3779.604736328125
3991.673828125
4214.5693359375
4449.7041015625
4691.869140625
4940.66357421875
5196.0634765625
5454.3173828125
5715.95166015625
5987.20703125
180.5321807861328
145.39927673339844
140.59286499023438
144.0338897705078
158.09751892089844
172.80068969726562
5633.9609375
6537.8076171875
7066.6181640625
7586.7431640625
8046.30810546875
8544.5
9085.72265625
9483.9921875
9478.92578125
9504.427734375
9534.8603515625
9554.298828125
9559.8857421875
9550.5576171875
9524.8671875
9482.853515625
9424.0966796875
9349.5205078125
9260.1865234375
9157.431640625
9041.6005859375
8913.49609375
8775.349609375
8630.0322265625
8478.888671875
8322.6845703125
8162.03515625
7997.7275390625
7830.4033203125
7660.2255859375
7488.3388671875
7315.36181640625
7141.796875
6967.79736328125
6793.61572265625
6619.53173828125
6445.84765625
6358.97216796875
6272.15234375
6100.6640625
5931.86962890625
5766.4453125
5604.701171875
5446.88720703125
5293.015625
5143.29736328125
4997.8125
4856.76220703125
4720.490234375
4589.11474609375
4462.51025390625
4340.59814453125
4223.23681640625
4110.2099609375
4001.145263671875
