2063.413818359375
2030.189453125
1998.5665283203125
2049.6953125
2041.0074462890625
2069.3837890625
2094.123291015625
2111.273681640625
2118.149658203125
2129.024658203125
2144.837158203125
2169.962158203125
2209.219482421875
2246.707275390625
2279.774169921875
2311.275634765625
2348.4052734375
2397.25390625
2472.230712890625
2577.907958984375
2710.3486328125
2863.566162109375
3031.88916015625
3210.556640625
3395.76171875
3587.964599609375
3786.13134765625
3989.55712890625
4196.52001953125
4407.22314453125
4622.34033203125
4841.5478515625
176.66122436523438
168.54916381835938
176.00999450683594
183.49085998535156
188.59011840820312
191.86289978027344
4591.6875
4907.8232421875
5065.1875
5173.5009765625
5265.29833984375
5404.828125
5599.642578125
5845.76513671875
6130.0380859375
6447.5302734375
6773.56689453125
7110.69580078125
7442.18603515625
7756.7626953125
8056.37255859375
8326.2783203125
8554.234375
8745.87890625
8910.162109375
9053.1748046875
9177.9013671875
9039.7236328125
8664.8583984375
8321.673828125
7993.439453125
7673.32861328125
7359.03564453125
7051.2099609375
6750.927734375
6459.07861328125
6175.63720703125
5898.80712890625
5628.2412109375
5365.673828125
5112.4287109375
4881.4140625
4683.69091796875
4503.8017578125
4335.98486328125
4178.41064453125
4028.109619140625
3883.86474609375
3745.669921875
3612.418212890625
3484.248291015625
3360.834716796875
3242.44970703125
3129.668701171875
3023.43798828125
2923.295654296875
2828.31640625
2737.186767578125
2650.230712890625
2566.251708984375
2484.37451171875
