2081.821533203125
2055.2978515625
2031.0155029296875
2013.275390625
2000.227783203125
2043.746337890625
2035.2811279296875
2030.333984375
2034.5780029296875
2051.166015625
2073.930419921875
2099.73779296875
2144.0458984375
2191.438720703125
2244.830810546875
2299.67822265625
2373.2666015625
2489.40283203125
2636.7333984375
2808.763916015625
2997.854248046875
3196.85693359375
3402.1875
3608.82421875
3818.798095703125
4033.52734375
4254.19091796875
4480.19970703125
4711.64501953125
4949.28857421875
5190.3544921875
5432.830078125
242.191162109375
239.4062042236328
245.28411865234375
250.90867614746094
254.9763946533203
257.2842712402344
5370.2158203125
5568.52978515625
5666.642578125
5767.37451171875
5871.34716796875
6011.7236328125
6202.0126953125
6445.802734375
6726.20751953125
7061.8291015625
7460.0244140625
7844.7353515625
8214.1845703125
8578.1826171875
8936.2958984375
9273.3486328125
9589.6826171875
9880.525390625
10143.318359375
10382.88671875
10601.8486328125
10803.724609375
10994.068359375
11179.734375
11366.33203125
11556.171875
11747.5439453125
11946.3388671875
12152.453125
12362.6826171875
12577.4970703125
12794.84375
13011.7509765625
13219.3486328125
13410.9775390625
13280.0986328125
12805.5859375
12387.1953125
11992.6435546875
11610.7919921875
11238.2255859375
10873.12109375
10512.857421875
10156.869140625
9808.810546875
9469.390625
9139.9521484375
8820.8642578125
8511.8837890625
8212.3515625
7919.97607421875
7634.26025390625
7356.666015625
7086.98046875
6825.466796875
