2070.409423828125
2039.7626953125
2010.3382568359375
2017.21435546875
2060.6083984375
2055.3759765625
2040.944091796875
2044.58935546875
2074.659423828125
2099.408935546875
2137.26708984375
2189.7216796875
2222.537109375
2250.272216796875
2282.732421875
2321.447509765625
2367.425537109375
2418.559814453125
2483.677734375
2573.312255859375
2687.3017578125
2822.11083984375
2974.148681640625
3140.01611328125
3315.06201171875
3495.563232421875
3679.92529296875
3867.3583984375
4058.072509765625
4251.48046875
4448.1708984375
4648.24951171875
172.9384002685547
165.5441436767578
169.81356811523438
176.17356872558594
182.46426391601562
188.1756134033203
4584.68359375
5025.54248046875
5216.0654296875
5339.2158203125
5469.19189453125
5628.74365234375
5829.4619140625
6101.00927734375
6398.14306640625
6707.662109375
7037.56494140625
7382.81640625
7737.74365234375
8133.94287109375
8511.23046875
8888.05859375
9269.1962890625
9641.609375
10000.861328125
10254.6357421875
10114.888671875
9994.2998046875
9876.5830078125
9753.998046875
9622.0322265625
9482.66015625
9334.302734375
9175.7392578125
9007.36328125
8830.9248046875
8647.7998046875
8458.4736328125
8263.8779296875
8065.00146484375
7863.04833984375
7660.2353515625
7455.03759765625
7244.41943359375
7036.873046875
6834.97119140625
6638.73046875
6447.90087890625
6262.15673828125
6081.423828125
5905.634765625
5734.873046875
5568.93408203125
5407.66845703125
5250.81982421875
5098.19580078125
4949.21728515625
4803.53955078125
4661.14697265625
4522.08935546875
