2043.282958984375
2010.3843994140625
2069.098876953125
2194.999755859375
2378.001220703125
2375.287841796875
2327.79638671875
2327.420654296875
2331.0
2341.091552734375
2345.26171875
2331.11767578125
2314.224853515625
2303.244873046875
2300.00732421875
2304.034423828125
2312.916259765625
2322.39013671875
2337.526611328125
2370.3369140625
2436.8984375
2540.245849609375
2673.3427734375
2825.838134765625
2988.9189453125
3156.82666015625
3323.5751953125
3491.545654296875
3662.56005859375
3835.090087890625
3921.877685546875
4008.83935546875
4181.75830078125
4357.21240234375
4542.8681640625
105.22215270996094
111.89258575439453
115.21168518066406
117.21675872802734
118.37797546386719
119.10205078125
3168.069091796875
4502.48046875
4969.025390625
5095.7119140625
5110.70703125
5113.45556640625
5180.50537109375
5322.58154296875
5530.36279296875
5785.66845703125
6031.98974609375
6286.68896484375
6331.1171875
6203.1416015625
6120.2265625
6056.4443359375
5991.8310546875
5923.53955078125
5851.54638671875
5780.0791015625
5703.42431640625
5622.8857421875
5539.68212890625
5453.25146484375
5363.39013671875
5270.13525390625
5172.81494140625
5072.3134765625
4969.8232421875
4865.81201171875
4760.7763671875
4655.291015625
4549.81103515625
4444.84619140625
4340.787109375
4238.33203125
4137.96337890625
4040.299072265625
3945.19482421875
3852.4375
3761.7353515625
3672.955322265625
3586.495849609375
3502.423828125
3421.06591796875
3342.443115234375
3266.085205078125
3191.422607421875
3118.2080078125
3046.402099609375
2976.182861328125
2907.826416015625
2841.543701171875
2777.527099609375
2715.677734375
