2085.00146484375
2067.774658203125
2048.013671875
2034.567138671875
2009.8831787109375
1992.565185546875
2011.380859375
2047.1240234375
2057.734130859375
2062.99609375
2098.4111328125
2131.521484375
2158.707275390625
2186.9033203125
2219.654541015625
2250.16845703125
2278.292724609375
2308.4443359375
2341.3720703125
2377.062744140625
2424.322509765625
2481.41748046875
2556.323974609375
2645.31103515625
2744.31884765625
2851.828369140625
2967.034912109375
3087.614501953125
3212.395263671875
3340.84228515625
3471.794677734375
3604.69384765625
3737.717041015625
147.8111114501953
130.81390380859375
127.30816650390625
125.63130950927734
124.47748565673828
123.47003936767578
2823.458251953125
3211.34033203125
3427.96142578125
3592.108642578125
3745.642578125
3902.3203125
4066.964599609375
4240.2529296875
4420.814453125
4612.10595703125
4813.94775390625
5027.50927734375
5250.2578125
5500.28271484375
5777.05712890625
6050.8759765625
6302.00732421875
6513.08544921875
6685.376953125
6841.16015625
6959.48193359375
7085.48046875
7209.8642578125
7336.634765625
7471.76806640625
7608.54345703125
7630.0576171875
7559.74365234375
7529.1826171875
7580.6337890625
7658.142578125
7802.80419921875
7660.35888671875
7154.12939453125
6695.568359375
6297.47900390625
5918.20654296875
5545.8095703125
5167.2431640625
4820.52783203125
4530.4951171875
4236.6552734375
3941.04541015625
3656.925048828125
3493.6640625
3349.988525390625
3243.900390625
3139.47265625
3035.0576171875
2930.3896484375
2822.839111328125
2720.94580078125
2620.18798828125
2523.64306640625
