2085.0
2074.413818359375
2045.7684326171875
2020.7196044921875
2002.9930419921875
2038.42333984375
2048.160888671875
2061.911376953125
2084.3447265625
2079.57958984375
2077.43310546875
2077.816162109375
2087.02587890625
2103.4814453125
2140.93603515625
2175.0400390625
2186.42333984375
2189.894287109375
2200.787841796875
2207.279052734375
2220.570068359375
2238.80224609375
2253.925048828125
2263.738037109375
2269.695556640625
2272.624267578125
2279.7138671875
2297.920654296875
2322.47314453125
2353.791015625
2392.91015625
2440.514404296875
119.52915954589844
116.71240997314453
115.83363342285156
114.07865905761719
114.07854461669922
114.20564270019531
1737.1751708984375
1727.8277587890625
1772.947509765625
2909.86474609375
3541.257568359375
3524.474853515625
3398.457275390625
3344.40869140625
3352.892333984375
3380.339599609375
3422.079833984375
3489.08203125
3586.555908203125
3693.306884765625
3796.354736328125
3904.56298828125
4017.541259765625
4145.2099609375
4282.05615234375
4436.064453125
4615.4306640625
4805.94091796875
4994.4169921875
4926.0751953125
4795.71240234375
4733.9111328125
4711.3427734375
4711.38671875
4731.74365234375
4773.88720703125
4829.27685546875
4888.27880859375
4944.724609375
4994.83349609375
5035.173828125
5064.83740234375
5086.1943359375
5101.65380859375
5117.7041015625
5137.04736328125
5160.25732421875
5185.6455078125
5211.24853515625
5233.982421875
5251.79443359375
5260.583984375
5262.7978515625
5257.28076171875
5244.630859375
5225.24951171875
5199.51171875
5168.25
5132.19677734375
5092.0791015625
