2085.0
2074.26318359375
2045.5140380859375
2020.3331298828125
2002.536865234375
2039.4346923828125
2048.02392578125
2063.38720703125
2084.069580078125
2079.69970703125
2077.4853515625
2077.9609375
2088.297119140625
2106.1943359375
2141.732666015625
2180.120849609375
2186.55419921875
2192.418701171875
2200.644287109375
2204.970947265625
2218.529541015625
2236.1396484375
2250.94189453125
2262.159423828125
2268.826416015625
2271.135986328125
2278.18994140625
2296.671875
2323.407958984375
2355.962158203125
2395.84521484375
2442.7958984375
117.8515625
116.4849624633789
115.43467712402344
113.87049865722656
113.9023208618164
114.0262451171875
1735.2972412109375
1727.059326171875
1759.481689453125
2896.121337890625
3543.909912109375
3533.939208984375
3413.35302734375
3351.697509765625
3352.788330078125
3385.480224609375
3424.99755859375
3491.366943359375
3588.82763671875
3693.46533203125
3796.166015625
3905.632080078125
4019.768310546875
4147.17236328125
4284.62890625
4441.482421875
4625.13623046875
4816.6455078125
5004.22021484375
4952.44921875
4817.60400390625
4754.52294921875
4732.15576171875
4733.083984375
4753.73046875
4796.79736328125
4852.12451171875
4911.45849609375
4967.33154296875
5017.01171875
5057.4755859375
5087.73095703125
5107.9638671875
5121.736328125
5135.06591796875
5151.64306640625
5172.9755859375
5197.62841796875
5223.07275390625
5245.97412109375
5264.138671875
5275.62158203125
5278.830078125
5274.3837890625
5263.0146484375
5244.73486328125
5220.052734375
5189.484375
5153.7236328125
5113.634765625
