0.047037918120622635
0.051732953637838364
0.05664387345314026
0.06015235185623169
0.060793034732341766
0.060747869312763214
0.06087880581617355
0.06104129180312157
0.06122453883290291
0.06147516891360283
0.06174861267209053
0.062057014554739
0.06232200562953949
0.06252583861351013
0.06271930038928986
0.06291373819112778
0.0631093829870224
0.06332352757453918
0.06354080140590668
0.06375599652528763
0.06396836042404175
0.06420091539621353
0.06443896144628525
0.06466913968324661
0.06488925963640213
0.06464866548776627
0.06422097980976105
0.0638413056731224
0.0634884461760521
0.06314889341592789
0.0628262311220169
0.06253601610660553
0.0027863949071615934
0.002634909935295582
0.0026154459919780493
0.002597238402813673
0.0025826245546340942
0.0025676670484244823
0.052467230707407
0.05725294351577759
0.06110994517803192
0.0638735368847847
0.06466943770647049
0.06340797245502472
0.0624510683119297
0.061679109930992126
0.061010126024484634
0.060412243008613586
0.05986180901527405
0.05934238061308861
0.0588434562087059
0.058356430381536484
0.05787286534905434
0.05738529562950134
0.05688883364200592
0.056381478905677795
0.05585941672325134
0.05532070994377136
0.05473760887980461
0.05401162803173065
0.0532754510641098
0.05252080783247948
0.05175510421395302
0.0509759783744812
0.05017510801553726
0.049357473850250244
0.04853333532810211
0.047696810215711594
0.04684913530945778
0.04598778858780861
0.04505612701177597
0.04413088411092758
0.0432003028690815
0.04228024184703827
0.04135071113705635
0.04053541645407677
0.03970680758357048
0.0388646200299263
0.03802940994501114
0.037203624844551086
0.03639369085431099
0.03559498116374016
0.034801315516233444
0.03401989862322807
0.03324679285287857
0.03248281031847
0.03173080086708069
0.030999749898910522
0.030283860862255096
0.02957700565457344
0.02887543849647045
0.02819312922656536
