2086.38330078125
2062.767822265625
2032.404052734375
2005.010498046875
1991.810302734375
2035.633056640625
2048.871337890625
2039.110107421875
2034.740234375
2049.584716796875
2068.07666015625
2086.83642578125
2109.624755859375
2121.347900390625
2124.533203125
2129.845947265625
2141.79736328125
2155.152587890625
2166.297607421875
2176.386474609375
2186.293212890625
2197.387451171875
2208.506103515625
2218.662353515625
2227.0849609375
2236.914794921875
2255.00244140625
2276.355224609375
2299.836669921875
2329.136474609375
2368.150390625
2418.872802734375
124.48200988769531
126.60296630859375
127.74244689941406
128.064697265625
128.0894012451172
128.1173553466797
1859.3834228515625
1906.722900390625
2251.13330078125
2515.732666015625
2706.05908203125
2851.303955078125
2975.689453125
3091.44921875
3204.86279296875
3319.908203125
3438.486328125
3562.704345703125
3693.56005859375
3830.483154296875
3971.4150390625
4114.36669921875
4258.52978515625
4404.04736328125
4550.23291015625
4696.57958984375
4841.03076171875
4982.54736328125
5121.29638671875
5259.01025390625
5398.5673828125
5540.7265625
5685.9951171875
5837.03466796875
5994.58837890625
6158.14306640625
6333.41162109375
6512.04248046875
6696.94140625
6896.42626953125
7097.27587890625
7286.34326171875
7471.2578125
7648.24658203125
7820.07568359375
7990.83837890625
8151.4453125
8312.2587890625
8458.5283203125
8584.51953125
8693.55078125
8793.17578125
8884.96484375
8962.2314453125
9024.318359375
9080.5234375
9130.95703125
9177.505859375
9224.494140625
9271.619140625
