2056.47900390625
2017.070556640625
2033.4158935546875
2060.859375
2046.3111572265625
2053.77490234375
2112.1455078125
2166.86181640625
2178.25634765625
2182.24169921875
2189.917236328125
2198.885009765625
2209.6826171875
2215.820556640625
2219.199951171875
2230.85205078125
2246.62744140625
2263.3798828125
2289.385009765625
2328.945556640625
2387.945556640625
2464.17431640625
2555.99853515625
2667.664794921875
2795.59765625
2939.336181640625
3096.144775390625
3267.316650390625
3453.193115234375
3649.3720703125
3852.401123046875
4060.5595703125
139.47657775878906
151.23109436035156
156.51107788085938
157.45074462890625
157.08485412597656
156.07420349121094
3454.84814453125
3573.7421875
3756.286865234375
3941.434326171875
4135.462890625
4351.5595703125
4603.0595703125
4887.9560546875
5202.322265625
5547.93212890625
5912.97021484375
6293.9052734375
6688.384765625
7070.69677734375
7453.98681640625
7797.45947265625
8095.67626953125
8368.0185546875
8595.1171875
8778.615234375
8934.2705078125
9071.2109375
9176.5390625
9245.0830078125
9159.59765625
8735.5341796875
8361.951171875
8011.3046875
7671.56640625
7344.3720703125
7032.40673828125
6732.82470703125
6437.720703125
6149.51806640625
5871.39794921875
5603.05322265625
5341.9931640625
5093.1494140625
4847.79443359375
4633.35888671875
4474.3779296875
4316.42529296875
4150.4482421875
3988.731689453125
3826.299072265625
3663.2314453125
3502.56005859375
3350.855224609375
3207.51806640625
3066.879150390625
2935.065673828125
2808.3701171875
2684.439453125
2564.78515625
2449.3740234375
