2035.6741943359375
2000.9368896484375
2086.056640625
2105.998779296875
2084.97802734375
2167.67919921875
2219.304931640625
2258.64599609375
2296.4150390625
2326.716796875
2356.593505859375
2398.216552734375
2452.1884765625
2522.703125
2621.66943359375
2759.530029296875
2929.4619140625
3120.391845703125
3326.23779296875
3543.049072265625
3769.876708984375
4006.11474609375
4252.5146484375
4512.8291015625
4784.42626953125
5066.1181640625
5360.65185546875
5667.76171875
5990.15087890625
6327.6455078125
6683.1171875
7094.08349609375
226.11102294921875
244.60914611816406
280.1571960449219
312.20733642578125
338.9903564453125
361.3848876953125
8000.45458984375
8463.615234375
8847.12109375
9492.4033203125
9966.310546875
9795.375
9689.5498046875
9625.93359375
9585.5927734375
9551.69140625
9518.1318359375
9472.0029296875
9413.8876953125
9338.626953125
9249.888671875
9147.052734375
9036.9716796875
8919.1044921875
8790.86328125
8652.8994140625
8506.005859375
8350.88671875
8188.6416015625
8020.32568359375
7933.89501953125
7846.55029296875
7671.54833984375
7494.22900390625
7315.072265625
7135.3544921875
6955.9638671875
6777.4384765625
6600.37548828125
6425.33056640625
6252.03173828125
6081.78173828125
5915.3955078125
5751.85546875
5594.13623046875
5441.4228515625
5292.61767578125
5145.1259765625
5003.22802734375
4865.72021484375
4731.63623046875
4601.0888671875
4473.07421875
4347.8857421875
4226.3984375
4108.8017578125
3995.21484375
3885.621337890625
3780.302734375
3679.04345703125
3581.20703125
3486.879638671875
