2068.822998046875
2037.22509765625
1999.5489501953125
2074.302490234375
2085.33935546875
2115.084716796875
2160.788330078125
2184.616455078125
2188.582275390625
2191.776123046875
2202.456298828125
2220.907470703125
2242.135498046875
2264.452392578125
2280.114013671875
2285.54833984375
2289.685302734375
2297.06201171875
2306.50439453125
2317.76708984375
2330.9658203125
2348.601806640625
2367.92333984375
2392.02392578125
2433.150634765625
2499.2021484375
2587.140625
2691.793701171875
2810.023681640625
2939.6142578125
3078.366943359375
3224.44873046875
127.7549819946289
127.66889190673828
128.2594451904297
128.30320739746094
128.21339416503906
128.07313537597656
2633.963134765625
3203.084716796875
3500.60888671875
3705.972900390625
3866.213623046875
4008.321044921875
4147.896484375
4292.212890625
4443.5654296875
4605.02294921875
4771.755859375
4942.12744140625
5114.98876953125
5291.783203125
5485.87451171875
5705.79931640625
5918.783203125
6127.4599609375
6330.00537109375
6527.99755859375
6728.59228515625
6936.1630859375
7143.3046875
7344.6171875
7545.92431640625
7477.87109375
7359.96826171875
7256.60009765625
7158.95263671875
7062.8232421875
6966.58203125
6868.3984375
6769.05224609375
6665.865234375
6552.060546875
6430.0126953125
6302.79931640625
6171.17724609375
6038.59375
5905.49365234375
5770.78759765625
5633.826171875
5495.17626953125
5353.8955078125
5211.21875
5068.81494140625
4927.44873046875
4786.21875
4645.994140625
4507.8681640625
4372.84423828125
4241.728515625
4115.1162109375
3992.256103515625
