2085.06298828125
2065.948486328125
2033.8709716796875
2010.0372314453125
2056.859130859375
2065.46435546875
2080.800048828125
2074.111328125
2068.6875
2065.439453125
2065.32080078125
2067.285888671875
2070.284423828125
2078.125244140625
2057.40185546875
2026.9317626953125
1997.5953369140625
1967.3155517578125
1936.9876708984375
1914.952880859375
1893.589599609375
1872.693359375
1852.7293701171875
1830.468994140625
1807.4266357421875
1787.180908203125
1767.2518310546875
1752.3604736328125
1739.97900390625
1731.88916015625
1724.93310546875
1718.362060546875
118.34209442138672
119.08856964111328
119.75814819335938
120.319580078125
120.81414031982422
121.20368957519531
1746.461181640625
1645.41259765625
1697.529541015625
1722.240478515625
1723.70263671875
1716.2158203125
1721.6727294921875
1728.7279052734375
1740.378173828125
1754.1475830078125
1767.8216552734375
1807.2047119140625
1858.149658203125
1910.3494873046875
1966.298828125
2020.1845703125
2070.581298828125
2115.6982421875
2155.407958984375
2189.66748046875
2220.9248046875
2251.758544921875
2282.299072265625
2311.377685546875
2337.486083984375
2360.40966796875
2379.688720703125
2395.223876953125
2407.682373046875
2417.154541015625
2424.013427734375
2428.64794921875
2431.78857421875
2434.004150390625
2435.101318359375
2434.52294921875
2431.802490234375
2427.01806640625
2420.19140625
2411.493896484375
2401.188232421875
2389.61279296875
2378.767333984375
2367.612548828125
2355.904052734375
2343.452880859375
2330.07275390625
2315.892578125
2300.668701171875
2284.34326171875
2266.814453125
2248.15966796875
2228.46435546875
2207.658203125
