2060.779052734375
2025.671630859375
2021.8824462890625
2069.996826171875
2110.274658203125
2170.25927734375
2191.600830078125
2205.091064453125
2231.05029296875
2261.2978515625
2283.983154296875
2298.396728515625
2305.83251953125
2314.919677734375
2330.28466796875
2347.8251953125
2365.88427734375
2385.803466796875
2419.850341796875
2476.55908203125
2558.51025390625
2663.59912109375
2791.185302734375
2940.994140625
3111.51318359375
3297.9833984375
3495.3056640625
3699.861083984375
3910.028564453125
4125.85546875
4347.08203125
4573.9658203125
163.3896942138672
166.72645568847656
178.62876892089844
187.75875854492188
193.4058074951172
196.73753356933594
4469.26416015625
4678.384765625
4801.02490234375
4886.1201171875
4950.2578125
5073.56494140625
5217.359375
5387.0791015625
5599.0576171875
5830.05322265625
6077.46337890625
6346.90576171875
6648.603515625
6971.7890625
7201.73681640625
7097.43896484375
7022.2822265625
6952.3349609375
6879.8212890625
6795.4482421875
6697.19970703125
6586.466796875
6457.4853515625
6310.59228515625
6150.5048828125
5979.72900390625
5799.5986328125
5612.38330078125
5421.22607421875
5231.02685546875
5038.76953125
4841.62939453125
4645.22119140625
4457.76513671875
4273.43798828125
4092.294921875
3915.227294921875
3743.665771484375
3576.078125
3412.138671875
3256.888427734375
3112.269775390625
2976.7587890625
2846.4423828125
2719.943603515625
2600.484375
2488.81591796875
2377.257568359375
2271.17431640625
2173.220703125
2083.85791015625
2002.0296630859375
1924.372314453125
1850.40087890625
1778.6583251953125
1707.974609375
