2040.1636962890625
1852.246826171875
1387.1339111328125
1318.8582763671875
1253.7506103515625
1201.5885009765625
1157.5545654296875
1129.63671875
1117.0364990234375
1096.810546875
1071.631103515625
1044.9090576171875
1024.38623046875
1004.0300903320312
982.8160400390625
961.044921875
945.9559936523438
935.8632202148438
924.9830322265625
911.99609375
897.8221435546875
884.7730712890625
874.110595703125
862.9931030273438
852.3594360351562
843.5035400390625
836.9407958984375
830.310546875
823.545166015625
817.8377685546875
814.4483642578125
811.4676513671875
116.75402069091797
118.060791015625
118.68608856201172
119.21141815185547
119.67060852050781
120.06671905517578
689.1026000976562
786.8955078125
785.7208862304688
819.7814331054688
880.1974487304688
908.9154663085938
926.5001831054688
947.9337768554688
972.3930053710938
1001.3733520507812
1034.4827880859375
1071.1285400390625
1110.58984375
1148.9959716796875
1184.260009765625
1215.634521484375
1243.0
1266.5860595703125
1287.579833984375
1306.423095703125
1323.0933837890625
1337.038330078125
1347.5477294921875
1354.115478515625
1356.361572265625
1354.423583984375
1348.929931640625
1340.411376953125
1329.8753662109375
1318.769775390625
1307.3499755859375
1295.4273681640625
1282.947021484375
1269.5977783203125
1255.4783935546875
1240.6600341796875
1225.21728515625
1209.2611083984375
1192.822509765625
1175.9835205078125
1158.8580322265625
1141.5565185546875
1124.147705078125
1106.6336669921875
1089.114501953125
1071.665283203125
1054.3802490234375
1037.2208251953125
1020.3336791992188
1003.6117553710938
987.0089111328125
970.5066528320312
954.091064453125
937.8665161132812
921.9016723632812
