2045.117919921875
1866.916259765625
1840.619384765625
1688.5736083984375
1556.433837890625
1468.046630859375
1418.5787353515625
1402.82470703125
1393.0755615234375
1381.597412109375
1371.22705078125
1362.2100830078125
1352.81396484375
1343.2288818359375
1333.1536865234375
1325.5443115234375
1321.603515625
1319.638916015625
1317.3453369140625
1315.7001953125
1315.3011474609375
1316.587890625
1321.21728515625
1329.583984375
1343.2742919921875
1363.94580078125
1391.2540283203125
1424.0968017578125
1461.197021484375
1501.1695556640625
1542.946044921875
1588.1884765625
119.99223327636719
120.84980773925781
122.75897216796875
123.74759674072266
124.2881851196289
125.72679138183594
1686.719482421875
1956.7847900390625
1973.6514892578125
1969.24609375
1973.800537109375
1988.7984619140625
2011.6075439453125
2039.40869140625
2070.008056640625
2101.946044921875
2134.82275390625
2167.782958984375
2201.09521484375
2233.662353515625
2264.83935546875
2310.36083984375
2366.308837890625
2418.6640625
2465.31982421875
2510.978271484375
2560.804443359375
2607.6591796875
2647.198486328125
2679.093017578125
2703.93310546875
2722.699462890625
2736.229736328125
2744.803466796875
2748.466064453125
2747.480224609375
2742.269287109375
2732.724853515625
2719.1611328125
2702.14501953125
2682.591064453125
2660.179443359375
2634.761474609375
2606.49169921875
2575.55029296875
2542.082763671875
2506.37548828125
2468.7568359375
2429.431396484375
2388.04736328125
2345.573486328125
2302.197021484375
2258.182373046875
2213.536376953125
2168.626220703125
2123.87109375
2079.24755859375
2034.6544189453125
1990.2257080078125
1946.05224609375
