2064.775634765625
2028.5302734375
1990.6141357421875
2079.343994140625
2104.349853515625
2092.797607421875
2103.13134765625
2146.71484375
2167.196533203125
2169.40625
2164.193115234375
2162.104736328125
2161.338623046875
2162.10888671875
2163.38134765625
2164.91259765625
2166.98681640625
2170.174072265625
2173.051513671875
2184.596435546875
2196.602294921875
2209.061767578125
2224.446044921875
2243.822265625
2264.072021484375
2288.763916015625
2322.02734375
2371.8984375
2435.395263671875
2514.326416015625
2604.323486328125
2699.959228515625
120.25372314453125
123.18524932861328
124.02510070800781
124.47968292236328
124.7680435180664
124.97280883789062
1990.579833984375
2414.044677734375
2687.1328125
2924.7333984375
3126.374755859375
3305.005859375
3470.111572265625
3625.3291015625
3771.265380859375
3908.87939453125
4040.321044921875
4168.16845703125
4294.8642578125
4418.17529296875
4539.40673828125
4662.8095703125
4789.7255859375
4928.13134765625
5077.3076171875
5233.34326171875
5394.10205078125
5558.39208984375
5728.59765625
5900.099609375
6083.80908203125
6266.279296875
6432.15869140625
6589.35986328125
6727.3037109375
6850.95263671875
6970.166015625
7081.3193359375
7187.3046875
7279.23974609375
7370.31884765625
7459.6630859375
7542.9306640625
7621.74951171875
7695.50439453125
7762.75244140625
7822.5810546875
7871.7685546875
7912.25341796875
7813.25341796875
7558.54248046875
7349.0390625
7158.482421875
6980.48828125
6807.59326171875
6644.537109375
6492.2333984375
6341.72607421875
6186.57275390625
6037.19189453125
