2064.391357421875
2033.1494140625
2004.952880859375
2041.1297607421875
2048.94873046875
2031.9295654296875
2027.614013671875
2062.208984375
2091.346923828125
2135.80859375
2193.690673828125
2236.94189453125
2280.430419921875
2329.235595703125
2386.349609375
2451.203125
2543.693115234375
2670.7958984375
2826.2431640625
3004.480712890625
3199.90283203125
3406.420654296875
3621.07470703125
3840.93017578125
4068.354248046875
4300.97119140625
4540.025390625
4785.6767578125
5040.52490234375
5305.8994140625
5582.73583984375
5871.76611328125
238.9958953857422
241.0544891357422
250.7730712890625
260.1181335449219
268.0884094238281
274.79705810546875
6106.85595703125
6640.3984375
6886.73828125
7050.21240234375
7259.6708984375
7531.6572265625
7865.16943359375
8244.435546875
8652.2177734375
9065.05859375
9478.9375
9882.8369140625
10031.341796875
9869.5185546875
9720.9716796875
9575.3623046875
9427.9013671875
9270.1083984375
9104.1435546875
8926.4052734375
8737.1875
8539.572265625
8333.046875
8117.98095703125
7895.85498046875
7668.63916015625
7439.34814453125
7198.20166015625
6958.31591796875
6725.4580078125
6499.12451171875
6279.326171875
6066.162109375
5859.70849609375
5659.76806640625
5466.50927734375
5279.65234375
5098.7158203125
4923.27001953125
4752.93212890625
4587.8544921875
4427.85205078125
4272.85986328125
4122.24951171875
3975.956298828125
3833.61962890625
3694.8388671875
3559.7744140625
3428.63525390625
3301.817626953125
3179.550537109375
3062.048095703125
2949.36181640625
2840.91650390625
