2045.759521484375
2015.6905517578125
2036.510498046875
2064.929443359375
2047.327392578125
2035.401123046875
2025.73876953125
2020.7705078125
2025.13623046875
2051.91015625
2057.984619140625
2056.447998046875
2064.1611328125
2069.40869140625
2083.907958984375
2103.321044921875
2132.82666015625
2164.5791015625
2206.177490234375
2270.997802734375
2357.99560546875
2465.46044921875
2590.4912109375
2733.27392578125
2894.373046875
3072.33251953125
3265.237548828125
3470.59228515625
3685.90087890625
3912.299560546875
4150.9541015625
4406.42041015625
165.35182189941406
193.69998168945312
210.94183349609375
217.89662170410156
220.94139099121094
223.07464599609375
5237.6513671875
5828.73291015625
6135.06787109375
6271.517578125
6382.4150390625
6533.32861328125
6732.21435546875
6977.06591796875
7261.45556640625
7580.43798828125
7944.966796875
8329.9404296875
8748.1103515625
9193.3173828125
9658.720703125
10166.0400390625
10694.658203125
11261.8603515625
11846.0166015625
12448.0
13067.267578125
13702.21875
14353.025390625
15020.8017578125
15569.0595703125
15583.1484375
15598.533203125
15600.3779296875
15585.4912109375
15551.50390625
15501.1669921875
15436.63671875
15361.1005859375
15268.783203125
15158.595703125
15037.80078125
14901.03125
14747.8955078125
14578.310546875
14393.701171875
14198.6787109375
13992.5556640625
13776.8447265625
13553.296875
13318.982421875
13078.29296875
12835.18359375
12706.9189453125
12574.0830078125
12316.09375
12064.1396484375
11812.9150390625
11562.3759765625
11313.9775390625
11065.587890625
