2048.768798828125
2003.4288330078125
2094.513427734375
2219.6455078125
2172.2763671875
2134.966796875
2138.87548828125
2166.224853515625
2195.633056640625
2214.24267578125
2236.706787109375
2267.076904296875
2307.5869140625
2347.083984375
2387.52783203125
2432.21337890625
2491.0576171875
2569.012451171875
2665.693115234375
2777.90185546875
2903.87744140625
3043.15966796875
3193.158447265625
3353.87451171875
3525.388427734375
3707.238525390625
3898.33984375
4098.01318359375
4305.53173828125
4519.4423828125
4736.79833984375
4959.09521484375
127.34445190429688
120.19209289550781
122.23091125488281
124.12435913085938
125.81737518310547
128.95655822753906
4810.9306640625
5608.3115234375
5943.38916015625
6211.88818359375
6486.990234375
6769.1787109375
7090.9189453125
7468.67236328125
7842.89013671875
8197.5390625
8532.85546875
8863.734375
9216.279296875
9307.240234375
9321.5810546875
9363.3017578125
9411.9033203125
9457.833984375
9499.08984375
9529.6669921875
9548.2783203125
9552.4765625
9541.712890625
9516.171875
9476.32421875
9422.9150390625
9357.65234375
9281.75390625
9196.525390625
9102.9111328125
9001.0322265625
8892.0810546875
8776.3623046875
8654.5087890625
8526.99609375
8394.5234375
8257.7333984375
8117.29541015625
7973.57470703125
7826.84326171875
7678.26708984375
7528.50732421875
7377.92626953125
7226.873046875
7075.57275390625
6924.28662109375
6773.18408203125
6622.41650390625
6472.1015625
6322.5830078125
6174.37744140625
6028.35986328125
5884.548828125
5743.25732421875
