2015.7484130859375
2763.855712890625
2925.217041015625
2578.38671875
2600.145751953125
2609.467041015625
2562.529296875
2497.362548828125
2417.1953125
2361.39111328125
2328.639404296875
2312.0927734375
2310.86181640625
2319.353271484375
2332.7431640625
2346.874755859375
2359.7626953125
2371.393310546875
2383.05517578125
2395.2353515625
2404.5224609375
2411.65771484375
2417.677978515625
2384.061279296875
2356.015869140625
2334.35791015625
2321.275390625
2318.674560546875
2322.31884765625
2334.400146484375
2353.162841796875
2376.132080078125
105.16694641113281
94.26590728759766
90.95817565917969
91.52262878417969
91.58030700683594
91.95524597167969
1542.2205810546875
2157.490234375
2235.635498046875
2511.214599609375
2576.206298828125
2633.74755859375
2678.554443359375
2715.03857421875
2748.0546875
2779.2431640625
2808.580322265625
2835.276611328125
2858.618408203125
2879.015380859375
2896.74072265625
2912.01904296875
2927.653564453125
2943.1142578125
2952.89453125
2958.76806640625
2965.070556640625
2969.9609375
2970.126708984375
2968.466552734375
2966.623779296875
2960.917236328125
2952.609130859375
2940.711669921875
2936.12939453125
2925.130126953125
2911.896484375
2889.915771484375
2859.6455078125
2820.78125
2777.58984375
2730.625732421875
2680.710693359375
2627.0927734375
2568.525634765625
2506.6328125
2443.0869140625
2379.01513671875
2315.462158203125
2253.168701171875
2191.36376953125
2130.895751953125
2072.77734375
2017.078857421875
1963.626220703125
1912.23779296875
1861.6954345703125
1811.9622802734375
1763.713134765625
1716.9139404296875
