2032.561767578125
2301.243408203125
2384.845947265625
2268.3681640625
2288.0361328125
2270.606689453125
2232.739501953125
2188.02099609375
2161.101806640625
2152.826416015625
2145.221923828125
2152.889404296875
2168.8876953125
2203.405029296875
2242.480712890625
2278.360595703125
2310.92822265625
2339.08740234375
2363.10595703125
2387.64794921875
2415.865234375
2447.930419921875
2484.065673828125
2531.3232421875
2596.419921875
2678.575927734375
2774.84716796875
2882.955810546875
3001.69091796875
3130.47705078125
3268.272705078125
3414.5810546875
108.44635772705078
107.24103546142578
109.08853149414062
108.95636749267578
109.87934875488281
110.67772674560547
2245.1337890625
3254.80029296875
3644.087158203125
3865.978759765625
4037.41943359375
4145.98828125
4142.57861328125
4168.83447265625
4207.318359375
4250.0517578125
4293.4609375
4338.705078125
4393.07861328125
4451.080078125
4499.2509765625
4546.37548828125
4586.23974609375
4628.880859375
4671.99169921875
4715.982421875
4767.5048828125
4802.0810546875
4823.46240234375
4832.6337890625
4833.41552734375
4834.02392578125
4824.37109375
4803.29052734375
4771.8369140625
4730.984375
4681.8681640625
4623.7607421875
4557.38720703125
4484.0478515625
4404.3818359375
4319.1484375
4229.13671875
4135.296875
4038.659423828125
3940.2998046875
3841.09130859375
3741.2578125
3641.142333984375
3541.1162109375
3441.677490234375
3391.263427734375
3341.064453125
3242.611083984375
3146.493896484375
3052.87548828125
2961.399658203125
2871.80322265625
2783.955810546875
2699.236572265625
2617.283447265625
