2067.8125
2034.676513671875
2001.6953125
2033.8668212890625
2037.0748291015625
2059.040283203125
2084.631103515625
2105.460693359375
2113.88232421875
2137.70751953125
2180.44189453125
2223.450927734375
2273.54052734375
2330.614990234375
2383.345458984375
2435.262451171875
2487.21337890625
2545.81689453125
2626.235595703125
2731.318603515625
2857.717529296875
3001.7265625
3161.240966796875
3334.866455078125
3521.8291015625
3719.1533203125
3926.021240234375
4144.86962890625
4373.65185546875
4609.84814453125
4854.548828125
5107.82470703125
215.77005004882812
209.71006774902344
209.9144744873047
208.37255859375
204.64979553222656
199.79727172851562
4067.27685546875
4609.36376953125
5002.50244140625
5246.37353515625
5464.802734375
5679.52490234375
5912.36328125
6175.85546875
6482.86669921875
6827.81884765625
7184.86328125
7541.953125
7926.3271484375
8274.6494140625
8595.142578125
8879.48828125
9120.5791015625
9311.1611328125
9460.447265625
9581.0810546875
9670.923828125
9313.9482421875
8890.6953125
8502.6142578125
8136.611328125
7784.80419921875
7443.052734375
7110.1201171875
6784.64404296875
6467.43408203125
6161.01953125
5865.345703125
5579.15478515625
5303.89599609375
5050.759765625
4826.861328125
4619.35888671875
4421.7109375
4232.29248046875
4051.537109375
3880.45263671875
3719.154541015625
3567.48095703125
3425.111328125
3290.116455078125
3161.655517578125
3038.59716796875
2916.88818359375
2799.660888671875
2688.59423828125
2583.620361328125
2485.060546875
2392.457275390625
2302.337890625
2213.731201171875
