2041.1727294921875
1996.2532958984375
2101.007568359375
2075.344482421875
2041.7303466796875
2022.965576171875
2026.2098388671875
2034.9398193359375
2034.3399658203125
2032.05615234375
2043.6658935546875
2080.8212890625
2113.908447265625
2148.4931640625
2196.124755859375
2271.1083984375
2370.84912109375
2504.7646484375
2665.830322265625
2854.608154296875
3073.153076171875
3322.691650390625
3597.67333984375
3893.3076171875
4213.375
4556.33251953125
4928.7236328125
5325.66943359375
5526.7734375
5417.9677734375
5301.31591796875
5181.7216796875
5057.064453125
267.007080078125
296.8812255859375
300.4947509765625
294.2623596191406
285.1596374511719
274.9086608886719
4819.3447265625
4751.134765625
4590.640625
4407.21630859375
4290.01416015625
4198.86669921875
4107.17236328125
4043.419921875
4011.28271484375
3930.673095703125
3858.000244140625
3770.329833984375
3660.8857421875
3529.8466796875
3384.948974609375
3310.12939453125
3232.462890625
3071.95751953125
2912.456298828125
2757.653564453125
2609.559326171875
2470.34619140625
2341.5595703125
2226.4912109375
2121.278076171875
2024.76318359375
1935.8497314453125
1853.6160888671875
1777.1290283203125
1705.799560546875
1671.3492431640625
1638.2818603515625
1575.0552978515625
1515.6634521484375
1460.486572265625
1408.7156982421875
1359.525390625
1313.198974609375
1270.4295654296875
1230.34765625
1191.9619140625
1155.10595703125
1119.50244140625
1085.344482421875
1053.6153564453125
1023.8128662109375
995.7354736328125
968.7685546875
942.897705078125
918.6597900390625
895.19287109375
873.3272705078125
850.7979736328125
826.9401245117188
802.162353515625
776.9176635742188
751.3197631835938
725.530517578125
