2027.251953125
2038.7388916015625
2038.3277587890625
2098.41552734375
2105.959716796875
2169.916748046875
2219.50927734375
2271.489990234375
2307.173828125
2324.289794921875
2352.736083984375
2396.81640625
2453.908447265625
2536.569091796875
2652.300537109375
2795.4619140625
2963.46142578125
3155.43408203125
3366.4296875
3595.52392578125
3841.570068359375
4100.484375
4371.41552734375
4651.84326171875
4936.13037109375
5221.37353515625
5518.3017578125
5827.88330078125
6152.58154296875
6488.7333984375
6863.82568359375
7288.7001953125
307.3800048828125
295.8534240722656
286.69268798828125
277.61419677734375
280.29376220703125
287.9819030761719
297.41949462890625
7338.62255859375
8750.5390625
9652.2666015625
10028.970703125
9927.4228515625
9852.2724609375
9787.8349609375
9727.1708984375
9665.41796875
9599.84765625
9528.3583984375
9450.205078125
9360.96875
9260.0546875
9147.654296875
9024.15625
8890.4619140625
8750.396484375
8604.6875
8453.267578125
8296.2216796875
8134.04296875
7967.38623046875
7796.94140625
7623.2578125
7448.509765625
7272.5771484375
7095.5947265625
6917.97119140625
6740.59912109375
6564.46826171875
6390.36279296875
6218.19677734375
6048.82763671875
5882.3759765625
5719.00390625
5558.986328125
5402.7109375
5247.154296875
5097.6826171875
4954.0908203125
4815.22802734375
4681.09521484375
4551.64453125
4427.1103515625
4306.8876953125
4191.50390625
4081.163818359375
3974.401123046875
3871.384521484375
3772.85009765625
3677.800537109375
3586.3759765625
3497.91650390625
