2085.254638671875
2073.11669921875
2042.38671875
2020.137451171875
2014.9451904296875
2044.0936279296875
2054.327392578125
2052.932373046875
2057.463134765625
2056.63427734375
2063.48876953125
2070.049560546875
2074.715087890625
2087.4248046875
2106.609130859375
2120.784423828125
2135.634765625
2155.53857421875
2180.458984375
2210.9130859375
2246.259765625
2290.52197265625
2360.900634765625
2447.18017578125
2542.502197265625
2651.43310546875
2766.06689453125
2888.69189453125
3029.152587890625
3184.30224609375
3348.465576171875
3522.475830078125
166.44117736816406
165.87960815429688
165.60240173339844
161.87808227539062
155.0654754638672
147.3583984375
140.49195861816406
2957.112548828125
3312.90673828125
3665.0859375
4045.033447265625
4395.00830078125
4694.30224609375
4994.009765625
5303.56982421875
5617.8291015625
5956.125
6406.0478515625
6850.08056640625
7294.04833984375
7663.9580078125
7964.44091796875
8253.6708984375
8524.126953125
8713.263671875
8830.1171875
9268.908203125
9941.529296875
9943.4453125
10091.23046875
9001.427734375
8289.09375
7796.88525390625
7382.8818359375
7020.95263671875
6693.947265625
6430.03515625
6183.86328125
5970.19970703125
5787.9990234375
5619.6025390625
5461.40380859375
5308.96728515625
5166.68359375
5032.82080078125
4899.64501953125
4767.82763671875
4637.35693359375
4508.4443359375
4383.86572265625
4265.11328125
4150.8701171875
4039.3544921875
3930.44189453125
3822.51123046875
3717.23193359375
3614.90625
3514.898193359375
3416.322021484375
3320.126708984375
3227.102294921875
