2085.0947265625
2064.480224609375
2032.99462890625
2006.3023681640625
1999.277099609375
2041.6505126953125
2051.17431640625
2042.9442138671875
2055.691162109375
2073.5107421875
2086.7822265625
2098.625
2107.33154296875
2118.56201171875
2131.495361328125
2145.148681640625
2159.96875
2173.74169921875
2190.390869140625
2208.23583984375
2226.217529296875
2243.005126953125
2264.862060546875
2295.832763671875
2331.964599609375
2380.038818359375
2439.47265625
2506.801513671875
2579.320068359375
2657.70361328125
2744.515380859375
2841.515625
122.37844848632812
123.91511535644531
124.84423828125
125.4502182006836
125.87883758544922
126.20132446289062
2073.4873046875
2556.401611328125
2808.358154296875
2993.842529296875
3158.45068359375
3322.064208984375
3489.853515625
3657.82080078125
3823.694580078125
3984.822265625
4141.0341796875
4292.78662109375
4438.01220703125
4580.92919921875
4721.6845703125
4860.6123046875
5000.7138671875
5144.96826171875
5292.21044921875
5449.17333984375
5620.11376953125
5780.71435546875
5938.39111328125
6095.49658203125
6261.30078125
6427.5166015625
6579.58935546875
6722.7333984375
6862.36767578125
6995.48583984375
7129.0546875
7242.4169921875
7345.45556640625
7438.9375
7529.30322265625
7603.482421875
7656.98974609375
7710.50048828125
7748.34326171875
7766.9560546875
7791.20458984375
7792.2431640625
7778.5107421875
7761.19970703125
7757.53466796875
7780.2216796875
7571.33740234375
7268.36865234375
6991.67919921875
6728.068359375
6475.46484375
6231.61279296875
5986.4599609375
5740.390625
