2063.28955078125
2032.5989990234375
2036.7225341796875
2022.2083740234375
2050.11572265625
2047.0328369140625
2040.29833984375
2051.362548828125
2076.326904296875
2116.294189453125
2167.50439453125
2216.24462890625
2260.16845703125
2312.006591796875
2374.140869140625
2464.652099609375
2593.59326171875
2747.115966796875
2915.9189453125
3097.781982421875
3289.900146484375
3491.251708984375
3699.150146484375
3912.791259765625
4132.087890625
4356.44970703125
4586.412109375
4822.51953125
5064.7412109375
5314.29931640625
5568.53271484375
5828.39990234375
267.5779724121094
263.5530700683594
261.7073059082031
260.51068115234375
259.4587097167969
258.1485595703125
256.8526916503906
5574.7939453125
5844.6611328125
6004.2177734375
6199.51171875
6436.36083984375
6706.69775390625
7010.5849609375
7340.51513671875
7690.29443359375
8044.48681640625
8395.685546875
8729.9169921875
9013.3125
8824.3076171875
8641.3505859375
8457.935546875
8268.6376953125
8072.24365234375
7868.11767578125
7660.0498046875
7449.16796875
7237.99560546875
7025.6923828125
6813.03173828125
6600.98388671875
6390.51513671875
6180.66357421875
5973.81494140625
5770.53759765625
5570.65869140625
5379.08251953125
5196.0439453125
5020.01171875
4847.8681640625
4682.150390625
4522.091796875
4367.62548828125
4217.90625
4071.71875
3929.72265625
3791.5810546875
3657.8203125
3527.9326171875
3401.886474609375
3279.90185546875
3162.0791015625
3048.251220703125
2938.282470703125
2832.056640625
2729.300048828125
2629.796630859375
2533.5419921875
2440.795166015625
2351.645263671875
