2047.0445556640625
1940.4169921875
1388.0245361328125
1301.6834716796875
1257.6416015625
1216.48583984375
1179.5595703125
1144.020751953125
1126.0267333984375
1109.66357421875
1087.05029296875
1061.7725830078125
1036.6671142578125
1012.3512573242188
992.845703125
973.2289428710938
955.9827880859375
946.2037353515625
936.2738037109375
924.5099487304688
910.9092407226562
896.978271484375
885.8656616210938
874.1100463867188
865.6870727539062
857.1847534179688
848.6500854492188
840.9723510742188
834.037109375
827.6986694335938
822.3654174804688
817.9615478515625
117.0930404663086
118.49618530273438
118.80099487304688
119.03592681884766
119.25707244873047
119.46321105957031
759.8807983398438
757.895263671875
817.2683715820312
870.3179321289062
895.2444458007812
905.928955078125
915.2119750976562
929.8262329101562
949.2451171875
972.780517578125
1003.5545654296875
1037.1710205078125
1071.3746337890625
1105.204833984375
1136.4932861328125
1165.175048828125
1191.048583984375
1213.9371337890625
1234.234619140625
1251.9859619140625
1267.1063232421875
1279.8165283203125
1290.134033203125
1297.8287353515625
1302.807861328125
1304.9798583984375
1304.630615234375
1302.340576171875
1298.2545166015625
1292.3929443359375
1285.6346435546875
1278.2156982421875
1269.8375244140625
1260.7137451171875
1250.731689453125
1239.9560546875
1228.4669189453125
1216.233642578125
1203.379638671875
1190.0411376953125
1176.212158203125
1161.955078125
1147.3592529296875
1132.49853515625
1117.407470703125
1102.1334228515625
1086.7613525390625
1071.3861083984375
1056.1134033203125
1040.8284912109375
1025.515869140625
1010.1762084960938
994.813720703125
979.4417724609375
