2004.5726318359375
2982.322509765625
2781.84130859375
2565.813232421875
2635.257568359375
2616.036376953125
2518.377197265625
2432.291259765625
2381.4443359375
2354.578369140625
2350.697265625
2361.506591796875
2376.462890625
2392.478271484375
2410.36083984375
2429.010009765625
2444.48779296875
2450.55126953125
2407.197021484375
2376.01806640625
2351.23291015625
2344.61669921875
2346.97216796875
2360.260986328125
2382.7177734375
2411.5615234375
2445.309814453125
2482.9404296875
2523.80517578125
2565.406982421875
2606.05517578125
2645.601318359375
122.72904968261719
107.0877914428711
103.92147064208984
104.19676208496094
104.88594055175781
104.4214096069336
2335.6748046875
2721.2666015625
2729.898681640625
2775.474609375
2811.837158203125
2840.7119140625
2866.133056640625
2888.108642578125
2914.4912109375
2929.571533203125
2944.79833984375
2952.724609375
2953.55322265625
2953.382080078125
2949.659423828125
2939.699951171875
2932.769287109375
2917.67041015625
2896.0888671875
2863.235595703125
2815.79345703125
2762.203369140625
2703.46728515625
2639.952392578125
2569.7548828125
2493.583984375
2413.385498046875
2332.313232421875
2252.369873046875
2173.775634765625
2097.785888671875
2025.4576416015625
1958.3516845703125
1896.398193359375
1838.1578369140625
1780.4991455078125
1723.6968994140625
1668.5032958984375
1615.680908203125
1565.422607421875
1517.366943359375
1471.32763671875
1428.169921875
1385.999755859375
1345.7822265625
1308.3463134765625
1273.111083984375
1237.4820556640625
1202.556884765625
1169.625244140625
1139.3770751953125
1109.0230712890625
1078.6915283203125
1049.9571533203125
