2048.493896484375
2006.68798828125
2084.088623046875
2059.06494140625
2041.4346923828125
2033.5421142578125
2035.7095947265625
2040.3662109375
2043.2623291015625
2039.86376953125
2040.2449951171875
2045.3603515625
2048.614501953125
2050.465576171875
2063.97216796875
2083.19091796875
2102.676025390625
2121.10498046875
2143.436767578125
2169.981689453125
2202.79150390625
2252.93505859375
2318.039794921875
2395.567138671875
2486.04736328125
2585.56640625
2688.412353515625
2794.922607421875
2905.946533203125
3028.945068359375
3164.465576171875
3307.6376953125
118.7350082397461
137.65272521972656
147.49191284179688
147.24172973632812
144.02142333984375
140.0732421875
2730.131591796875
2846.33935546875
3035.43408203125
3249.125732421875
3486.697998046875
3745.132080078125
4020.983154296875
4312.18603515625
4618.57421875
4928.8173828125
5165.5673828125
5084.18603515625
4993.14990234375
4896.91259765625
4794.763671875
4686.01953125
4574.09619140625
4459.86767578125
4341.5380859375
4219.49853515625
4095.322021484375
3968.66552734375
3850.53955078125
3735.49755859375
3619.55224609375
3504.720458984375
3393.422119140625
3285.622314453125
3179.069580078125
3070.078369140625
2965.68408203125
2865.445068359375
2769.760009765625
2678.344482421875
2588.447509765625
2496.646484375
2403.114013671875
2310.132080078125
2225.82373046875
2150.22998046875
2083.671630859375
2018.747802734375
1947.75732421875
1869.4017333984375
1783.7574462890625
1695.3009033203125
1619.7965087890625
1546.99853515625
1471.1561279296875
1393.0382080078125
1314.6239013671875
1223.5843505859375
1133.561767578125
1057.582275390625
