2042.7403564453125
1996.94580078125
2168.635986328125
2387.40478515625
2489.556640625
2543.792724609375
2534.7744140625
2492.6650390625
2459.22412109375
2426.054443359375
2398.170166015625
2384.01220703125
2379.795166015625
2386.214599609375
2402.207275390625
2424.574462890625
2462.125732421875
2527.74853515625
2627.83203125
2760.67724609375
2920.2880859375
3101.639892578125
3302.843994140625
3518.12890625
3746.1591796875
3984.937744140625
4233.81396484375
4488.6298828125
4758.74853515625
5033.42578125
5324.8505859375
5624.02099609375
261.3701477050781
220.37380981445312
207.88685607910156
199.56094360351562
205.00558471679688
213.50711059570312
5226.46533203125
6555.0625
6754.80126953125
6814.666015625
6890.26513671875
6973.38671875
7074.84814453125
7190.42333984375
7304.18408203125
7408.970703125
7500.77490234375
7577.31591796875
7635.892578125
7673.39501953125
7689.39404296875
7684.17578125
7657.955078125
7612.18896484375
7549.06494140625
7470.9404296875
7379.29833984375
7274.77783203125
7157.75634765625
7029.2685546875
6891.6474609375
6746.48583984375
6595.189453125
6439.44482421875
6280.716796875
6120.1943359375
5959.185546875
5798.787109375
5639.50146484375
5481.74462890625
5325.8427734375
5172.44384765625
5021.79931640625
4874.55419921875
4731.58642578125
4592.90478515625
4458.94775390625
4329.80712890625
4205.12353515625
4085.113525390625
3969.67431640625
3858.61865234375
3751.81689453125
3649.14501953125
3550.50537109375
3455.74169921875
3363.4599609375
3274.495361328125
3189.344970703125
3107.7099609375
