2064.481201171875
2029.0875244140625
2006.9420166015625
2103.70166015625
2085.788330078125
2089.469482421875
2148.2041015625
2188.738037109375
2204.75146484375
2215.999267578125
2237.64013671875
2269.82470703125
2298.54345703125
2310.67626953125
2317.747314453125
2324.447265625
2334.470458984375
2348.49072265625
2365.14111328125
2383.779052734375
2416.287353515625
2482.28173828125
2583.285400390625
2710.345458984375
2856.53955078125
3017.823974609375
3190.701416015625
3370.80517578125
3552.137451171875
3734.7431640625
3918.595703125
4104.22900390625
4292.2587890625
167.19593811035156
161.28350830078125
162.41635131835938
166.9127960205078
171.42337036132812
175.4996795654297
178.91360473632812
4113.93994140625
4481.71044921875
4691.41259765625
4769.3759765625
4830.220703125
4945.169921875
5076.9189453125
5239.2236328125
5425.947265625
5651.5625
5893.68603515625
6132.38720703125
6371.4775390625
6621.2587890625
6879.646484375
7144.80517578125
7213.27099609375
7102.55859375
7007.18359375
6915.04345703125
6819.091796875
6721.41796875
6614.47412109375
6500.99267578125
6376.1044921875
6245.1953125
6105.625
5960.6689453125
5808.75537109375
5649.1220703125
5484.39404296875
5317.5419921875
5150.6982421875
4984.69677734375
4820.935546875
4660.10986328125
4503.1884765625
4351.63330078125
4204.2177734375
4058.30908203125
3913.693603515625
3771.795654296875
3633.5361328125
3499.802001953125
3371.58837890625
3247.4248046875
3129.01220703125
3016.656005859375
2909.593017578125
2808.24365234375
2711.129638671875
2617.878662109375
2526.538818359375
2437.30859375
2351.4873046875
