2026.304931640625
2373.117919921875
2361.279296875
2267.7041015625
2280.762451171875
2260.18896484375
2210.7109375
2183.74462890625
2167.021484375
2165.554931640625
2178.044677734375
2213.59765625
2257.532958984375
2299.1376953125
2333.435791015625
2362.74658203125
2394.099609375
2430.265380859375
2470.0068359375
2525.162109375
2605.464111328125
2707.33203125
2826.17578125
2959.51953125
3106.791015625
3267.138916015625
3440.28369140625
3624.839111328125
3818.1689453125
4018.23681640625
4086.081298828125
4130.203125
132.50430297851562
111.42847442626953
115.51274871826172
118.69596862792969
120.67691802978516
122.66030883789062
3656.536865234375
4306.01025390625
4560.4580078125
4397.4140625
4342.830078125
4327.181640625
4339.58203125
4378.29150390625
4423.37060546875
4467.41064453125
4509.82421875
4551.46630859375
4610.75
4676.7197265625
4728.75732421875
4759.6962890625
4773.896484375
4781.2900390625
4778.29345703125
4759.40380859375
4723.31494140625
4673.60986328125
4610.23046875
4534.61328125
4447.84423828125
4351.69873046875
4248.79931640625
4139.9140625
4026.375244140625
3910.02978515625
3791.719482421875
3672.293212890625
3551.66796875
3429.056396484375
3308.492431640625
3249.00146484375
3189.96533203125
3074.3193359375
2961.52587890625
2853.360595703125
2749.806640625
2649.959716796875
2553.27587890625
2459.386962890625
2367.939453125
2278.717041015625
2191.535888671875
2106.241943359375
2023.0950927734375
1943.85009765625
1869.0489501953125
1798.673828125
1732.420166015625
1669.942626953125
1610.8382568359375
1554.6561279296875
