2057.685302734375
2024.6988525390625
2000.247802734375
2036.912353515625
2032.986572265625
2066.067626953125
2108.164306640625
2139.6474609375
2202.60791015625
2285.2744140625
2390.69384765625
2487.31396484375
2582.927001953125
2704.588623046875
2871.5888671875
3074.653564453125
3309.37353515625
3573.451904296875
3860.4638671875
4167.6220703125
4493.53076171875
4835.9091796875
5193.32080078125
5566.21142578125
5964.408203125
6398.615234375
6879.72216796875
7394.82470703125
7889.99365234375
8354.01953125
8795.779296875
9197.5966796875
9559.7373046875
431.2551574707031
423.1976013183594
415.2456359863281
404.916748046875
393.5492858886719
383.31640625
7835.70654296875
8163.81201171875
8301.8916015625
8337.94921875
8352.587890625
8385.8271484375
8421.44140625
8613.3310546875
8351.046875
7916.76611328125
7512.46630859375
7108.91455078125
6692.8330078125
6482.41943359375
6271.689453125
5857.74169921875
5461.17626953125
5130.44384765625
4832.0283203125
4557.5615234375
4304.36279296875
4066.451904296875
3842.29248046875
3632.696044921875
3438.3544921875
3256.931640625
3085.029296875
2923.33544921875
2772.12060546875
2628.102783203125
2491.74755859375
2364.4345703125
2247.015380859375
2139.6748046875
2041.313720703125
1950.658935546875
1866.0244140625
1786.1556396484375
1709.55126953125
1635.927734375
1565.629638671875
1498.1864013671875
1432.9998779296875
1370.752685546875
1312.6953125
1258.079345703125
1206.023681640625
1156.413330078125
1109.4296875
1064.8984375
1022.5614013671875
982.8766479492188
945.7998657226562
912.3336181640625
880.3753051757812
850.3341674804688
821.5018310546875
