2085.265625
2057.968505859375
2037.406005859375
2056.42041015625
2049.263916015625
2047.7198486328125
2076.72412109375
2073.91015625
2068.4462890625
2061.744873046875
2065.07470703125
2062.11962890625
2053.35302734375
2011.4521484375
1965.9803466796875
1922.474853515625
1893.134765625
1866.1331787109375
1842.458984375
1819.6085205078125
1796.197265625
1774.6807861328125
1752.9915771484375
1732.508056640625
1713.266845703125
1698.6612548828125
1687.915771484375
1676.572021484375
1669.9635009765625
1668.050537109375
1671.1697998046875
1676.0772705078125
1695.8743896484375
119.6216049194336
121.2594985961914
121.73348236083984
121.89063262939453
121.92581176757812
121.91583251953125
1460.7994384765625
1646.757568359375
1736.4232177734375
1799.1014404296875
1888.191650390625
1967.0362548828125
2041.2017822265625
2111.610595703125
2176.811767578125
2234.916015625
2285.576416015625
2329.14892578125
2367.843994140625
2402.7998046875
2434.287353515625
2462.46875
2487.04541015625
2507.76708984375
2523.35546875
2533.63427734375
2539.17236328125
2541.253173828125
2540.246337890625
2536.455078125
2529.94091796875
2520.7587890625
2509.189697265625
2495.743896484375
2481.1494140625
2465.307373046875
2448.218505859375
2430.099609375
2411.22314453125
2393.397216796875
2374.7861328125
2355.240966796875
2334.626708984375
2312.93115234375
2290.156494140625
2266.244140625
2241.242919921875
2215.254150390625
2188.44384765625
2160.9228515625
2132.864501953125
2104.36376953125
2075.58349609375
2046.6162109375
2017.5638427734375
1988.57080078125
1959.7479248046875
1931.2451171875
1903.07861328125
1875.28466796875
