2062.65283203125
2031.3935546875
2003.1201171875
2041.62744140625
2057.897216796875
2040.9737548828125
2054.921630859375
2069.733642578125
2104.911376953125
2160.138916015625
2254.236083984375
2324.290283203125
2385.207275390625
2449.4267578125
2514.91943359375
2586.8203125
2665.678466796875
2756.131103515625
2856.8447265625
2969.0546875
3095.285888671875
3237.62255859375
3396.116455078125
3571.491455078125
3761.07470703125
3960.739013671875
4169.24609375
4386.83642578125
4612.7333984375
4846.63525390625
5086.68505859375
5332.17626953125
211.280029296875
204.91380310058594
208.62255859375
213.8217010498047
218.74685668945312
222.96385192871094
5058.89208984375
5562.18310546875
5886.798828125
6130.44677734375
6356.59814453125
6634.5986328125
6911.736328125
7103.18310546875
7196.95654296875
7491.68212890625
7802.9775390625
8131.74755859375
8470.04296875
8806.7568359375
9141.234375
9184.884765625
9053.6865234375
8929.923828125
8808.69140625
8682.91796875
8548.3056640625
8407.13671875
8255.4931640625
8095.36083984375
7930.9462890625
7760.33056640625
7584.50390625
7405.21435546875
7223.1572265625
7038.63623046875
6851.94970703125
6662.3740234375
6471.81103515625
6281.7080078125
6093.306640625
5907.4111328125
5727.27685546875
5555.2080078125
5390.71435546875
5233.0009765625
5081.43798828125
4935.4375
4794.21484375
4657.416015625
4524.52197265625
4395.158203125
4269.328125
4147.3857421875
4029.13427734375
3914.646728515625
3804.093994140625
3697.040771484375
3593.47314453125
3492.748046875
3394.499755859375
