2084.94873046875
2057.4267578125
2041.0263671875
2049.62890625
2049.650634765625
2077.93994140625
2075.506591796875
2068.513671875
2066.31103515625
2065.0791015625
2065.45751953125
2043.1390380859375
1998.4251708984375
1951.8843994140625
1912.358154296875
1884.7579345703125
1859.367919921875
1833.7618408203125
1810.0247802734375
1786.64990234375
1763.732177734375
1740.7457275390625
1719.1600341796875
1703.08740234375
1689.5634765625
1677.5989990234375
1667.0494384765625
1662.668212890625
1663.45654296875
1667.096923828125
1676.784912109375
1703.4288330078125
119.22825622558594
120.46971130371094
120.79180908203125
120.99055480957031
120.97054290771484
120.87096405029297
122.53482818603516
1431.4080810546875
1657.1851806640625
1748.2977294921875
1843.52978515625
1929.0855712890625
2007.0947265625
2080.111572265625
2147.69677734375
2207.624267578125
2259.681640625
2304.072021484375
2343.490478515625
2379.2197265625
2411.63330078125
2440.59765625
2465.713134765625
2486.618408203125
2501.99560546875
2511.8017578125
2516.819091796875
2518.378173828125
2517.120361328125
2513.219970703125
2506.380615234375
2496.496337890625
2484.207275390625
2470.068359375
2455.026123046875
2438.66748046875
2421.20361328125
2402.658447265625
2384.82080078125
2366.545166015625
2347.4208984375
2327.29150390625
2306.028076171875
2283.6689453125
2260.16015625
2235.528564453125
2209.719482421875
2182.850830078125
2155.101806640625
2126.69677734375
2097.81201171875
2068.567626953125
2039.0648193359375
2009.487548828125
1979.9727783203125
1950.5809326171875
1921.37451171875
1892.4561767578125
1863.8970947265625
1835.7640380859375
1808.0653076171875
