2085.099365234375
2060.8896484375
2030.5419921875
2014.587158203125
2021.591064453125
2033.057373046875
2043.7386474609375
2062.611328125
2079.866455078125
2086.158935546875
2089.408203125
2092.91357421875
2105.444091796875
2134.431640625
2165.921142578125
2195.7470703125
2224.384521484375
2253.5087890625
2280.9345703125
2318.05322265625
2378.001708984375
2454.262451171875
2548.61669921875
2651.9033203125
2765.7353515625
2891.347900390625
3030.32958984375
3178.94140625
3330.13916015625
3478.696044921875
3624.214599609375
3769.626953125
174.66525268554688
162.49339294433594
154.3472442626953
147.92955017089844
142.3782501220703
137.60922241210938
3048.177001953125
3194.852294921875
3300.7666015625
3491.787109375
3691.0546875
3902.09130859375
4122.62841796875
4351.78271484375
4589.14208984375
4830.173828125
5072.6123046875
5322.24462890625
5586.69287109375
5865.00048828125
6131.80126953125
6408.8125
6678.189453125
6942.13623046875
7203.78125
7444.01611328125
7643.7958984375
7806.85498046875
7935.884765625
8031.298828125
8096.2626953125
8134.634765625
8156.41943359375
8157.75439453125
8145.37939453125
8120.509765625
8086.6953125
8043.294921875
7988.2060546875
7929.283203125
7873.4013671875
7812.27734375
7741.09521484375
7391.8203125
7070.4638671875
6770.0341796875
6486.96435546875
6216.8251953125
5957.52734375
5700.2001953125
5447.71533203125
5206.212890625
4984.97119140625
4786.23046875
4609.48046875
4441.62353515625
4278.72265625
4122.353515625
3974.156982421875
3829.879638671875
3692.699951171875
