2067.48046875
2031.2789306640625
2068.286865234375
2061.900634765625
2048.8115234375
2040.2142333984375
2037.486083984375
2037.28564453125
2041.5484619140625
2045.4737548828125
2043.5052490234375
2044.154541015625
2061.15966796875
2070.0556640625
2071.005859375
2073.157958984375
2088.23828125
2110.0830078125
2136.959716796875
2161.67919921875
2198.984375
2253.248291015625
2322.065185546875
2409.88134765625
2534.511474609375
2717.35205078125
2931.826171875
3095.717041015625
2988.5791015625
2854.9580078125
2674.419677734375
2420.7041015625
113.32119750976562
118.04396057128906
119.13221740722656
119.84416961669922
121.2266845703125
125.64022827148438
1812.6019287109375
1910.71044921875
2088.097900390625
2272.550048828125
2434.869140625
2574.581787109375
2684.206298828125
2762.913330078125
2810.468017578125
2829.4052734375
2827.243896484375
2809.767822265625
2779.34814453125
2738.242919921875
2688.639404296875
2636.08251953125
2582.65576171875
2529.371826171875
2475.027099609375
2421.578369140625
2371.0341796875
2323.31103515625
2277.898681640625
2235.551025390625
2194.986083984375
2156.1708984375
2118.401123046875
2081.223876953125
2044.70947265625
2009.5775146484375
1974.9197998046875
1940.161376953125
1904.802734375
1869.5498046875
1833.7449951171875
1798.2269287109375
1763.183837890625
1728.368896484375
1693.5362548828125
1658.60205078125
1623.857666015625
1589.3211669921875
1555.0555419921875
1521.086181640625
1487.642578125
1454.7603759765625
1422.541259765625
1391.0831298828125
1360.4241943359375
1330.5030517578125
1301.3233642578125
1272.998291015625
1245.513671875
1218.638916015625
