2065.208740234375
2033.7418212890625
2023.9447021484375
2027.835205078125
2048.45166015625
2042.515869140625
2042.9736328125
2052.611083984375
2077.267578125
2118.921630859375
2170.10302734375
2217.685302734375
2262.645263671875
2312.468994140625
2374.22705078125
2455.8681640625
2576.446533203125
2724.13623046875
2887.9580078125
3064.63134765625
3251.797119140625
3447.860107421875
3651.062744140625
3859.2490234375
4073.989013671875
4293.8291015625
4519.359375
4750.6181640625
4987.27587890625
5230.73681640625
5480.23779296875
5734.599609375
251.79754638671875
250.4498748779297
252.2908935546875
253.9678192138672
254.693359375
254.72665405273438
5516.3212890625
5794.49365234375
5938.0693359375
6117.63623046875
6350.60107421875
6618.95703125
6920.74267578125
7247.98681640625
7597.396484375
7951.416015625
8298.4208984375
8638.6298828125
8958.83984375
8952.876953125
8766.4189453125
8582.6650390625
8395.59765625
8203.158203125
8003.69384765625
7797.77587890625
7589.7744140625
7380.751953125
7170.92626953125
6960.45703125
6749.5771484375
6539.61328125
6331.17724609375
6124.00634765625
5920.25048828125
5719.6025390625
5524.25048828125
5337.32275390625
5157.962890625
4985.15869140625
4815.84130859375
4652.533203125
4494.59912109375
4341.943359375
4193.69970703125
4049.60546875
3909.4765625
3773.413818359375
3641.33837890625
3513.11865234375
3388.656005859375
3268.195556640625
3151.722900390625
3039.120849609375
2930.24560546875
2824.993408203125
2723.121826171875
2624.56396484375
2529.33740234375
2437.8125
