2061.234619140625
2025.9365234375
2019.7479248046875
2073.72216796875
2106.139404296875
2168.483154296875
2191.654296875
2205.371826171875
2229.59619140625
2256.978515625
2277.9130859375
2292.044677734375
2297.7001953125
2304.484375
2317.472412109375
2332.61767578125
2348.35302734375
2364.338623046875
2390.720947265625
2434.14501953125
2502.103515625
2592.7138671875
2705.371337890625
2839.419921875
2993.978515625
3167.11328125
3353.669677734375
3549.95947265625
3752.53515625
3960.6083984375
4174.3896484375
4393.45263671875
157.73146057128906
161.7173614501953
172.7791290283203
181.22242736816406
186.68798828125
189.81394958496094
4287.19921875
4490.6513671875
4630.6845703125
4805.51611328125
4938.48876953125
5079.0078125
5245.67041015625
5436.56298828125
5663.2060546875
5904.63525390625
6160.99462890625
6435.3603515625
6737.97265625
7060.74560546875
7254.419921875
7149.6279296875
7078.0517578125
7009.80712890625
6940.53955078125
6862.4873046875
6773.6328125
6667.55078125
6543.6376953125
6402.55029296875
6247.19287109375
6080.26318359375
5904.43505859375
5721.50537109375
5534.54443359375
5345.4287109375
5157.65380859375
4970.1708984375
4778.0634765625
4583.986328125
4395.46142578125
4215.9833984375
4042.138671875
3870.34814453125
3703.017333984375
3542.118896484375
3384.6328125
3231.88818359375
3089.112060546875
2955.512451171875
2829.896728515625
2708.76220703125
2591.179931640625
2480.477294921875
2375.233642578125
2271.74267578125
2171.770263671875
2080.090087890625
1996.5789794921875
1919.7569580078125
1846.9693603515625
