2085.0927734375
2062.671630859375
2032.60107421875
2007.7022705078125
2020.4425048828125
2020.9560546875
2028.234375
2042.0379638671875
2058.64990234375
2075.956787109375
2093.26171875
2100.62158203125
2110.72607421875
2125.920166015625
2148.6630859375
2169.072509765625
2191.579345703125
2216.055419921875
2240.2412109375
2263.02392578125
2282.99267578125
2303.231201171875
2336.9892578125
2382.17529296875
2441.72216796875
2518.40283203125
2608.26220703125
2708.962158203125
2818.9765625
2936.87451171875
3062.128662109375
3191.259765625
141.90469360351562
137.86248779296875
136.58070373535156
135.14071655273438
133.59164428710938
132.11692810058594
2532.538330078125
2874.759521484375
3095.1435546875
3275.37451171875
3446.17578125
3614.76025390625
3781.846923828125
3947.19189453125
4109.59619140625
4269.03466796875
4424.9287109375
4577.28662109375
4726.1162109375
4872.62109375
5018.25830078125
5163.48486328125
5310.638671875
5462.43994140625
5614.5537109375
5784.365234375
5958.8525390625
6124.384765625
6302.16015625
6482.73681640625
6667.39892578125
6835.89990234375
6984.19189453125
7113.19384765625
7227.55029296875
7329.3876953125
7413.36083984375
7484.83251953125
7549.33203125
7609.23974609375
7673.0322265625
7738.6416015625
7800.78271484375
7843.60498046875
7877.93310546875
7905.7900390625
7934.08056640625
7938.17822265625
7902.02099609375
7855.09130859375
7819.5625
7569.486328125
7294.447265625
7043.25830078125
6803.2138671875
6564.61572265625
6332.02783203125
6106.38330078125
5892.048828125
5689.9853515625
