2081.701904296875
2054.6201171875
2012.7235107421875
1987.6627197265625
2078.71435546875
2089.920654296875
2076.236572265625
2072.4697265625
2068.660888671875
2072.048828125
2075.5302734375
2080.05712890625
2100.492431640625
2114.6796875
2129.968994140625
2172.574951171875
2213.484130859375
2241.610107421875
2261.633056640625
2292.056640625
2339.218994140625
2403.441162109375
2470.56103515625
2541.95068359375
2619.099853515625
2726.19677734375
2908.73828125
3133.263916015625
3377.8349609375
3531.8369140625
3417.482421875
3317.285400390625
102.33291625976562
103.01799011230469
103.59524536132812
104.11131286621094
104.5925521850586
105.03112030029297
1608.1123046875
2184.515625
2755.58203125
2521.020751953125
2434.59814453125
2574.96044921875
2681.70947265625
2777.35888671875
2845.559814453125
2881.242431640625
2882.679931640625
2871.693359375
2849.8271484375
2816.551025390625
2776.072998046875
2727.91455078125
2673.25390625
2611.285888671875
2546.070556640625
2483.47802734375
2424.976318359375
2372.377685546875
2325.57080078125
2282.879150390625
2243.054931640625
2204.815673828125
2167.4619140625
2130.86279296875
2096.07568359375
2063.46533203125
2032.6170654296875
2003.36083984375
1974.71826171875
1945.7047119140625
1915.8377685546875
1884.6873779296875
1852.6654052734375
1820.0849609375
1786.805908203125
1752.9111328125
1718.5159912109375
1683.8248291015625
1648.971923828125
1614.2587890625
1580.041015625
1546.515869140625
1513.6929931640625
1481.5504150390625
1450.0926513671875
1419.3062744140625
1389.211669921875
1359.8624267578125
1331.2213134765625
1303.3199462890625
