7.0954461097717285
8.427964210510254
10.981184959411621
13.280715942382812
13.014252662658691
12.338915824890137
12.518258094787598
13.138481140136719
13.850446701049805
14.225656509399414
14.527152061462402
15.003682136535645
15.728227615356445
16.71274757385254
17.55736541748047
18.356096267700195
19.40822982788086
20.780649185180664
22.507488250732422
24.682281494140625
27.372516632080078
30.667648315429688
34.546260833740234
39.056724548339844
44.22842788696289
50.444828033447266
57.581172943115234
65.98323059082031
74.92234802246094
85.35166931152344
97.80426025390625
111.74468231201172
3.174757480621338
2.090179204940796
2.1075143814086914
2.1744561195373535
2.2609007358551025
2.3438119888305664
60.95100784301758
130.77951049804688
153.26356506347656
180.030029296875
214.31057739257812
241.1311492919922
266.09429931640625
290.70965576171875
315.7436828613281
340.95086669921875
366.31768798828125
392.1137390136719
417.25445556640625
442.0543212890625
454.4613037109375
465.4269104003906
475.96624755859375
486.19970703125
495.9888610839844
505.0108642578125
513.2855834960938
520.8208618164062
527.6404418945312
533.83935546875
539.6676025390625
544.5159301757812
548.1047973632812
551.3335571289062
553.927490234375
555.9281616210938
557.1187133789062
558.2566528320312
559.1968383789062
559.78369140625
560.0486450195312
560.031494140625
559.7045288085938
558.98828125
557.8886108398438
556.4149169921875
554.626220703125
552.5864868164062
550.31298828125
547.828857421875
545.1980590820312
542.379638671875
539.4357299804688
536.4220581054688
533.2431640625
529.9845581054688
526.4429931640625
522.4228515625
518.7166748046875
515.1326904296875
