2077.073486328125
2045.5321044921875
2007.3636474609375
2007.0289306640625
2066.084716796875
2076.685302734375
2083.673828125
2080.52587890625
2073.865966796875
2075.741943359375
2078.232666015625
2091.59375
2102.639404296875
2125.11669921875
2155.03857421875
2191.846923828125
2220.896728515625
2246.517578125
2274.230712890625
2310.346923828125
2355.482421875
2406.058349609375
2461.861572265625
2521.924560546875
2586.1748046875
2660.69873046875
2752.30712890625
2862.083251953125
2984.416748046875
3116.3583984375
3258.773681640625
3411.651611328125
126.13021087646484
123.8384017944336
124.0739974975586
124.43819427490234
124.55654907226562
124.4310302734375
2477.969482421875
3051.423095703125
3324.539794921875
3428.86474609375
3522.41259765625
3717.40185546875
3937.945068359375
4196.880859375
4504.1904296875
4836.56884765625
5205.10498046875
5580.03564453125
5957.60009765625
5907.29443359375
5815.9248046875
5751.67626953125
5676.5673828125
5591.251953125
5498.41748046875
5397.37353515625
5297.1806640625
5215.31005859375
5118.4638671875
5009.29541015625
4888.498046875
4763.6943359375
4636.83740234375
4507.76953125
4376.71240234375
4244.02099609375
4109.5986328125
3972.4404296875
3903.404296875
3833.88330078125
3699.619873046875
3572.089111328125
3489.880615234375
3449.427978515625
3329.502685546875
3210.6162109375
3094.2177734375
2982.876708984375
2880.364990234375
2789.1376953125
2705.41259765625
2627.472412109375
2554.72265625
2486.702880859375
2423.10302734375
2362.2451171875
2305.449462890625
2278.16845703125
2251.8369140625
2202.24365234375
2155.5927734375
2111.709228515625
2070.296875
2030.8392333984375
