2019.2159423828125
2377.69384765625
2263.9384765625
2276.7109375
2303.322998046875
2265.5546875
2209.670654296875
2180.385498046875
2171.981689453125
2183.701416015625
2215.69580078125
2255.554931640625
2292.810791015625
2339.30322265625
2388.498046875
2438.270751953125
2488.673095703125
2541.155029296875
2603.48681640625
2684.117431640625
2784.008544921875
2900.141845703125
3029.33984375
3170.102783203125
3320.41845703125
3479.943603515625
3647.91845703125
3824.41748046875
3979.94091796875
4011.630126953125
4059.29638671875
4112.92333984375
130.2211151123047
113.28394317626953
116.10189819335938
117.4991455078125
118.410888671875
119.02973937988281
3977.49365234375
4434.45458984375
4311.859375
4237.822265625
4190.52880859375
4166.57080078125
4173.01611328125
4192.05517578125
4223.24169921875
4254.5634765625
4286.3173828125
4316.70654296875
4366.2001953125
4427.56396484375
4471.22607421875
4501.36474609375
4515.50927734375
4512.474609375
4503.08935546875
4474.20458984375
4426.6298828125
4362.5634765625
4284.62109375
4194.76416015625
4095.167236328125
3987.531005859375
3873.585205078125
3754.80419921875
3632.520751953125
3507.5849609375
3379.015869140625
3248.087158203125
3117.446533203125
2989.49169921875
2863.661865234375
2740.04931640625
2618.88037109375
2499.909912109375
2383.7197265625
2270.093505859375
2159.421142578125
2053.311767578125
1954.1253662109375
1861.841552734375
1774.3411865234375
1692.9261474609375
1617.81396484375
1548.384033203125
1484.0865478515625
1424.140380859375
1368.651123046875
1316.5399169921875
1267.3643798828125
1220.860595703125
