1499.9996337890625
1500.0010986328125
1500.0
1500.0
1500.0
1500.0
1500.0
1500.0
1500.0
1500.0
1500.0
1500.0
1500.0
1500.0
1500.0
1500.0
1499.9998779296875
1500.0
1500.0
1500.0
1500.0
1500.0
1500.0
1500.0
1500.0
1500.0
1500.0
1500.0
1500.0
1500.0
1500.0
1500.0
99.99517059326172
99.99962615966797
100.0
100.0
100.0
100.0
1499.9990234375
1500.0
1500.0
1500.0
1500.0
1500.0
1500.0
1484.5111083984375
1459.240478515625
1433.0299072265625
1405.017578125
1377.0382080078125
1347.7149658203125
1316.8924560546875
1284.8653564453125
1252.5496826171875
1220.5733642578125
1188.100341796875
1155.148193359375
1121.9281005859375
1088.7230224609375
1055.52734375
1022.5938110351562
990.00439453125
957.7135620117188
925.748291015625
894.1427612304688
862.9598999023438
832.267333984375
802.1312255859375
772.6366577148438
743.8400268554688
715.7763671875
688.5060424804688
662.1045532226562
636.6240844726562
612.1734008789062
588.794921875
566.4122924804688
544.8931884765625
524.154052734375
504.0754699707031
484.7412414550781
466.120361328125
448.1953430175781
430.9413757324219
414.3380126953125
398.3627624511719
382.9949951171875
368.2564697265625
354.1414489746094
340.6445007324219
327.52166748046875
314.76678466796875
