1499.995361328125
1500.0
1500.0
1500.0006103515625
1500.0
1500.0
1500.0
1500.0
1500.0
1500.0
1500.0
1500.0
1499.9969482421875
1500.0
1500.0
1499.9998779296875
1500.0
1500.0
1500.0
1500.0
1500.0
1500.0
1500.0
1500.0
1500.0
1500.0
1500.0
1500.0
1500.0
1500.0
1500.0
1500.0
100.0
100.0
100.0
100.0
100.0
100.0
1500.0
1500.03466796875
1500.0
1500.0
1500.0
1500.0
1500.0
1500.0
1500.0
1500.0
1498.57861328125
1436.1546630859375
1366.6964111328125
1296.96044921875
1229.6263427734375
1165.78515625
1106.262939453125
1051.6475830078125
999.1884765625
949.1581420898438
899.0094604492188
851.2861328125
824.2870483398438
796.4829711914062
768.224609375
743.5521850585938
722.4046020507812
703.6773681640625
685.1815185546875
666.8442993164062
648.8175048828125
631.0220947265625
613.4149169921875
596.03857421875
579.1617431640625
562.9476928710938
547.349853515625
532.3757934570312
517.962646484375
504.0961608886719
490.8105163574219
478.0176696777344
465.55877685546875
453.28759765625
441.2066955566406
429.2317199707031
417.2548522949219
405.3445739746094
393.7060852050781
382.4165344238281
371.57916259765625
361.6024475097656
351.96746826171875
342.7435607910156
