2085.104248046875
2071.0439453125
2043.3670654296875
2023.286376953125
2016.5780029296875
2013.5047607421875
2025.5142822265625
2028.055908203125
2038.9976806640625
2042.2176513671875
2038.1162109375
2035.404296875
2040.493408203125
2057.916015625
2085.806640625
2100.416259765625
2111.96044921875
2127.48046875
2148.937255859375
2174.042236328125
2199.295166015625
2224.19580078125
2250.064208984375
2277.30322265625
2312.578369140625
2358.25830078125
2419.475341796875
2489.41796875
2567.068359375
2653.95703125
2749.16357421875
2851.59228515625
123.8996810913086
125.04151153564453
125.67227935791016
126.0947036743164
126.41563415527344
126.6761245727539
2352.9951171875
2637.711669921875
2819.43798828125
2983.4111328125
3146.38427734375
3313.74365234375
3485.91015625
3663.849609375
3844.140380859375
4025.952880859375
4206.921875
4387.89990234375
4568.97607421875
4752.603515625
4936.23095703125
5127.36328125
5316.00830078125
5505.08642578125
5697.9423828125
5907.65234375
6116.30810546875
6319.5419921875
6523.60888671875
6734.93017578125
6955.13134765625
7165.2900390625
7364.7236328125
7561.5322265625
7744.529296875
7910.08544921875
8061.412109375
8195.43359375
8305.1923828125
8392.5302734375
8460.29296875
8504.0166015625
8530.525390625
8532.6884765625
8520.5458984375
8499.3173828125
8472.5126953125
8443.3544921875
8415.21875
8392.27734375
8368.94921875
8339.3759765625
8299.7373046875
8248.3466796875
8188.046875
8127.3330078125
8071.9833984375
8025.89208984375
7977.7734375
7929.65478515625
