2071.94189453125
2038.2603759765625
2001.8798828125
2044.5169677734375
2065.837890625
2049.292236328125
2060.444580078125
2056.6103515625
2051.181640625
2053.27734375
2054.084716796875
2065.078369140625
2092.562744140625
2116.107177734375
2131.0185546875
2137.02099609375
2143.121337890625
2153.93017578125
2164.696044921875
2172.13330078125
2182.499267578125
2199.719970703125
2221.7666015625
2246.351806640625
2270.91162109375
2295.939453125
2325.814453125
2362.643798828125
2409.828369140625
2471.33251953125
2543.84521484375
2623.42529296875
121.6919937133789
123.4974594116211
123.60968017578125
123.7231674194336
123.84278106689453
123.96597290039062
1801.921630859375
2193.48486328125
2526.464599609375
2764.7265625
2957.49560546875
3140.043701171875
3330.9345703125
3532.740234375
3747.075439453125
3974.343505859375
4215.19140625
4470.6083984375
4727.4248046875
4983.84228515625
5247.02001953125
5499.60009765625
5745.01708984375
5852.69140625
5757.8271484375
5680.8173828125
5612.07080078125
5537.0810546875
5454.05224609375
5365.0673828125
5271.875
5175.36279296875
5079.318359375
4982.67529296875
4881.7216796875
4778.0927734375
4687.69287109375
4589.0078125
4484.92041015625
4377.103515625
4267.52392578125
4157.04150390625
4048.447998046875
3943.130859375
3839.936279296875
3737.272216796875
3635.47021484375
3535.712158203125
3439.343017578125
3344.65673828125
3252.120361328125
3161.126708984375
3072.036376953125
2985.78271484375
2902.982177734375
2824.583984375
2749.08056640625
2673.675048828125
2597.604248046875
2521.118408203125
