2073.40380859375
2047.676025390625
2010.6248779296875
2035.788330078125
2089.55078125
2140.633056640625
2212.41943359375
2244.927490234375
2249.77294921875
2239.511962890625
2233.221923828125
2250.414794921875
2278.378173828125
2311.20166015625
2337.115966796875
2352.595458984375
2360.1171875
2363.97119140625
2370.663330078125
2378.4111328125
2386.079833984375
2394.676513671875
2405.826171875
2418.756591796875
2433.10546875
2448.06982421875
2465.328125
2490.977294921875
2532.7998046875
2593.47021484375
2672.639404296875
2768.459716796875
119.30166625976562
121.65623474121094
122.6096420288086
123.12924194335938
123.49400329589844
123.82128143310547
1838.6805419921875
2414.3125
2887.10986328125
3178.25048828125
3375.35302734375
3535.332275390625
3687.60888671875
3844.266845703125
4010.0576171875
4187.79052734375
4378.986328125
4583.63134765625
4800.95556640625
5031.47509765625
5272.1767578125
5521.703125
5785.9052734375
6116.72705078125
6448.5341796875
6774.3818359375
7108.2548828125
7470.9619140625
7815.5654296875
8151.2392578125
8485.5263671875
8817.447265625
9144.8212890625
9313.9697265625
9241.8291015625
9198.556640625
9170.2880859375
9146.28125
9119.8095703125
9087.6689453125
9048.74609375
9002.3828125
8948.736328125
8886.6171875
8816.6474609375
8731.896484375
8634.0244140625
8530.3408203125
8420.7578125
8305.1455078125
8185.73681640625
8059.1318359375
7923.7587890625
7782.90380859375
7637.53515625
7489.6162109375
7339.3466796875
7186.79931640625
7031.82421875
6874.62548828125
