2076.583984375
2046.154541015625
2007.93896484375
1994.7259521484375
2100.013671875
2087.91748046875
2073.7099609375
2059.983642578125
2050.6533203125
2048.739013671875
2057.341064453125
2062.357421875
2059.923095703125
2067.59716796875
2081.76708984375
2098.0537109375
2116.52978515625
2128.9921875
2134.166015625
2137.793212890625
2144.760498046875
2154.332275390625
2162.72998046875
2170.399658203125
2178.89697265625
2190.616943359375
2210.525390625
2232.761474609375
2253.469970703125
2275.104736328125
2302.3759765625
2345.434326171875
123.23561096191406
124.52720642089844
124.60289764404297
124.67517852783203
124.75125122070312
124.82804870605469
1809.59423828125
1913.827880859375
2249.11474609375
2492.312744140625
2669.564208984375
2806.1611328125
2921.856201171875
3037.512451171875
3159.907470703125
3291.365234375
3431.83642578125
3584.9521484375
3754.3642578125
3942.076416015625
4143.89111328125
4359.52099609375
4567.53759765625
4785.05322265625
4985.31201171875
5164.89892578125
5337.72705078125
5508.31298828125
5686.10986328125
5734.42578125
5647.486328125
5570.94189453125
5496.9580078125
5437.798828125
5372.09619140625
5300.81005859375
5225.36669921875
5145.6904296875
5061.44873046875
4973.25390625
4881.93115234375
4788.2841796875
4694.578125
4613.63720703125
4527.60693359375
4439.37060546875
4348.49072265625
4256.15966796875
4162.67529296875
4068.853515625
3975.3359375
3882.45703125
3791.21923828125
3701.220458984375
3612.1748046875
3524.109130859375
3435.660888671875
3346.667724609375
3255.36083984375
3162.923095703125
