2050.106201171875
2017.0242919921875
2014.559814453125
2077.28564453125
2054.682373046875
2040.3553466796875
2029.7750244140625
2026.5057373046875
2032.39990234375
2060.80712890625
2073.6416015625
2072.715576171875
2070.532958984375
2073.62890625
2086.7080078125
2109.885498046875
2140.722900390625
2176.146484375
2225.533203125
2297.0673828125
2392.997802734375
2513.23828125
2658.999755859375
2829.75439453125
3022.6259765625
3232.481689453125
3456.3642578125
3692.529296875
3943.439697265625
4212.68896484375
4498.482421875
4794.3388671875
165.38441467285156
184.6886749267578
205.16050720214844
219.88023376464844
231.21707153320312
240.80459594726562
5994.4931640625
6585.17578125
6771.31201171875
6822.396484375
6897.166015625
7041.53515625
7247.24267578125
7498.93701171875
7803.06494140625
8135.39111328125
8494.9150390625
8878.7900390625
9299.876953125
9765.47265625
10261.9267578125
10784.3720703125
11343.548828125
11941.525390625
12566.126953125
13212.705078125
13880.837890625
14567.8388671875
15271.306640625
15699.4091796875
15725.861328125
15757.3447265625
15776.6494140625
15776.9326171875
15756.5673828125
15718.603515625
15665.05859375
15600.0224609375
15520.2548828125
15423.9267578125
15303.9462890625
15161.095703125
14996.953125
14814.404296875
14617.74609375
14407.3935546875
14184.5380859375
13949.626953125
13705.478515625
13448.419921875
13175.5703125
12909.1982421875
12641.697265625
12371.71875
12101.2138671875
11831.009765625
11562.48828125
11296.599609375
11033.5029296875
10774.1982421875
