2067.882568359375
2043.4979248046875
1998.7860107421875
2069.758056640625
2145.23291015625
2206.048095703125
2193.03173828125
2163.808837890625
2146.165771484375
2145.322265625
2162.26171875
2178.271240234375
2191.243408203125
2195.925537109375
2194.04150390625
2191.3056640625
2190.8857421875
2193.89892578125
2199.1630859375
2206.8779296875
2216.38330078125
2227.203857421875
2238.436767578125
2248.511962890625
2257.260498046875
2269.2880859375
2289.849365234375
2313.96435546875
2342.1533203125
2380.267578125
2430.1953125
2490.253662109375
122.23484802246094
122.98931121826172
123.22383880615234
123.17444610595703
123.30241394042969
123.40635681152344
1796.635009765625
2134.961181640625
2550.741943359375
2771.365234375
2902.523193359375
3005.43603515625
3106.451416015625
3212.91943359375
3326.569091796875
3447.89794921875
3575.3876953125
3707.75244140625
3844.5986328125
3985.613037109375
4130.42724609375
4278.83642578125
4431.54296875
4587.07958984375
4745.455078125
4907.1650390625
5072.63427734375
5239.4921875
5410.11279296875
5590.86572265625
5794.50830078125
5992.92041015625
6188.826171875
6379.84814453125
6571.94580078125
6773.25732421875
6986.08544921875
7215.62841796875
7441.83349609375
7667.59814453125
7812.2236328125
7725.93359375
7665.56982421875
7615.50830078125
7573.8515625
7525.7802734375
7473.05615234375
7412.17333984375
7346.0859375
7275.78271484375
7204.07861328125
7129.74609375
7049.99267578125
6964.13720703125
6872.677734375
6775.966796875
6674.4287109375
6568.57861328125
6458.35595703125
6344.4033203125
