2072.45068359375
2038.3623046875
2000.7510986328125
2020.864013671875
2040.8798828125
2056.542724609375
2077.2412109375
2077.67724609375
2083.42578125
2087.76171875
2093.146240234375
2110.9931640625
2131.83203125
2155.623291015625
2174.75927734375
2190.914306640625
2202.302734375
2213.41650390625
2227.195068359375
2252.09814453125
2284.158935546875
2319.8701171875
2361.06298828125
2415.494384765625
2484.3828125
2565.816162109375
2655.88427734375
2753.63427734375
2860.831298828125
2976.791748046875
3098.796630859375
3225.148681640625
119.37488555908203
121.77433013916016
122.6128158569336
122.7314224243164
122.83782958984375
122.9243392944336
2205.12451171875
2962.623046875
3245.03271484375
3422.541259765625
3593.611572265625
3782.30078125
3990.319091796875
4213.66845703125
4446.24462890625
4684.83837890625
4927.3330078125
5167.103515625
5400.90283203125
5616.9609375
5818.1552734375
6010.96435546875
6197.72119140625
6388.6162109375
6577.58642578125
6756.66650390625
6931.35693359375
7091.30419921875
7246.58349609375
7404.28955078125
7558.99755859375
7693.93798828125
7823.623046875
7942.42333984375
8042.1650390625
8118.67626953125
8168.91748046875
8207.134765625
8243.033203125
8280.5888671875
8324.52734375
8380.3896484375
8439.5068359375
8499.4306640625
8562.1904296875
8618.375
8655.9677734375
8658.5546875
8642.095703125
8633.203125
8649.93359375
8696.9921875
8741.044921875
8409.193359375
8130.474609375
7869.0029296875
7616.52734375
7372.9501953125
7141.3095703125
6917.39306640625
