2070.24609375
2049.301513671875
2028.4136962890625
2010.6478271484375
1997.424072265625
2032.5927734375
2049.112060546875
2051.811279296875
2070.111083984375
2069.787109375
2062.208984375
2078.283935546875
2106.36474609375
2137.80078125
2191.767578125
2245.355224609375
2298.70263671875
2355.500244140625
2417.6064453125
2488.03369140625
2571.763916015625
2671.725341796875
2786.383544921875
2915.310302734375
3057.18896484375
3209.798583984375
3371.761962890625
3543.0986328125
3723.577392578125
3911.7509765625
4106.587890625
4307.0576171875
175.41229248046875
160.43739318847656
161.6471710205078
166.7066650390625
172.57733154296875
178.3524169921875
4409.60693359375
5086.6708984375
5490.49951171875
5775.7734375
6019.03515625
6238.7802734375
6448.72314453125
6655.95068359375
6866.51025390625
7086.34228515625
7321.5615234375
7567.33447265625
7830.255859375
8149.234375
8479.6904296875
8794.916015625
9139.185546875
9495.0341796875
9855.9443359375
10217.3603515625
10582.7763671875
10952.8193359375
11332.54296875
11727.537109375
12140.3818359375
12568.6455078125
13009.8466796875
13463.697265625
13925.1083984375
14389.05859375
14853.435546875
15316.814453125
15776.296875
16231.30859375
16682.31640625
16950.599609375
16681.984375
16454.642578125
16238.9365234375
16025.912109375
15812.05078125
15595.578125
15375.76953125
15152.3212890625
14925.435546875
14694.626953125
14460.201171875
14221.3359375
13980.35546875
13737.3974609375
13492.55859375
13245.9873046875
12998.19921875
12749.017578125
