2085.0
2072.79541015625
2045.706787109375
2022.7613525390625
2006.2293701171875
1993.040771484375
1986.6468505859375
2052.377685546875
2061.85107421875
2063.5498046875
2062.0517578125
2081.8486328125
2111.429443359375
2136.157958984375
2158.211669921875
2180.440673828125
2206.656494140625
2235.389892578125
2263.56005859375
2288.729736328125
2312.142578125
2335.146484375
2358.08984375
2381.9853515625
2410.349365234375
2440.207763671875
2473.0087890625
2511.693359375
2556.4365234375
2605.30810546875
2657.94140625
2715.461669921875
123.09650421142578
124.29972076416016
125.17276763916016
125.82601928710938
126.3429183959961
126.76243591308594
1844.162841796875
2135.48681640625
2463.042236328125
2703.562255859375
2896.45556640625
3061.497802734375
3212.535400390625
3357.84619140625
3499.88720703125
3640.402099609375
3778.049072265625
3914.08447265625
4049.904052734375
4184.765625
4317.13916015625
4447.58349609375
4576.771484375
4704.28515625
4829.6796875
4954.30029296875
5080.9130859375
5213.32373046875
5349.7783203125
5498.28466796875
5647.3935546875
5782.24609375
5924.00439453125
6075.24609375
6242.90771484375
6415.08154296875
6579.06201171875
6731.45166015625
6883.05615234375
7046.7841796875
7178.908203125
7287.0927734375
7383.45361328125
7470.79638671875
7529.47607421875
7577.06298828125
7615.763671875
7640.51025390625
7659.20849609375
7692.6171875
7734.1435546875
7781.19873046875
7836.59619140625
7897.19677734375
7965.1123046875
8009.94091796875
7956.0732421875
7899.1083984375
7709.193359375
7353.9794921875
