2085.014404296875
2062.989990234375
2032.404052734375
2010.261962890625
2021.004638671875
2031.4212646484375
2040.45361328125
2031.5670166015625
2023.79833984375
2018.666015625
2021.48974609375
2042.4793701171875
2068.69140625
2085.57470703125
2098.321044921875
2113.907958984375
2136.230712890625
2162.269775390625
2187.49658203125
2210.337158203125
2236.233642578125
2275.9345703125
2335.36181640625
2413.140625
2505.911376953125
2610.380615234375
2724.385498046875
2847.34228515625
2981.92529296875
3126.014404296875
3278.343994140625
3439.570556640625
134.68601989746094
127.54234313964844
125.26539611816406
125.04378509521484
125.91352081298828
126.48837280273438
3050.3525390625
3222.12255859375
3361.70068359375
3510.302001953125
3688.484619140625
3897.02587890625
4130.07275390625
4378.7431640625
4635.87646484375
4896.8291015625
5158.1494140625
5422.51904296875
5671.4150390625
5900.021484375
6117.91748046875
6321.443359375
6513.63818359375
6703.47705078125
6887.58447265625
7065.578125
7238.462890625
7422.66552734375
7589.31103515625
7739.34033203125
7873.8544921875
7991.47412109375
8093.26123046875
8179.875
8248.9560546875
8296.609375
8325.3095703125
8347.1005859375
8350.91796875
8344.0927734375
8326.9150390625
8300.1669921875
8270.5625
8246.5146484375
8225.9833984375
8212.78515625
8214.0498046875
8216.2158203125
8214.451171875
8209.259765625
8211.23046875
8221.1962890625
8238.59375
8252.9970703125
8265.54296875
8031.24169921875
7762.60888671875
7511.64990234375
7260.03662109375
7009.8896484375
