2062.3701171875
2026.10986328125
2010.5018310546875
2202.79296875
2254.048095703125
2211.521484375
2210.3974609375
2239.902099609375
2281.867919921875
2309.62109375
2340.552001953125
2371.739013671875
2395.474365234375
2417.35107421875
2446.39404296875
2483.093017578125
2525.00244140625
2572.724609375
2629.486328125
2697.287109375
2776.14453125
2865.718017578125
2965.300048828125
3075.6259765625
3197.736572265625
3330.0048828125
3472.560791015625
3625.905029296875
3790.116455078125
3964.4521484375
4148.2109375
4341.3779296875
135.05587768554688
118.74846649169922
120.57992553710938
121.1807861328125
121.61197662353516
121.93451690673828
2892.224609375
4438.42626953125
5132.876953125
5506.20947265625
5786.9970703125
6029.8984375
6261.5224609375
6491.3232421875
6723.67333984375
6960.521484375
7274.4423828125
7574.87353515625
7892.9697265625
8223.689453125
8563.88671875
8911.4521484375
9274.9423828125
9606.6865234375
9568.0166015625
9577.8369140625
9607.4052734375
9641.9677734375
9673.7314453125
9698.5234375
9714.0771484375
9719.455078125
9713.11328125
9694.5615234375
9664.205078125
9622.392578125
9569.8505859375
9508.001953125
9437.5048828125
9358.431640625
9270.662109375
9174.32421875
9070.6923828125
8961.2333984375
8847.1162109375
8729.0146484375
8607.228515625
8481.9794921875
8353.6826171875
8222.90625
8089.89794921875
7954.9599609375
7818.083984375
7680.1669921875
7541.53955078125
7402.36962890625
7262.8408203125
7123.0224609375
6983.0615234375
6843.10693359375
