2085.0
2064.291748046875
2031.4615478515625
2006.56787109375
2080.211181640625
2081.4541015625
2069.390380859375
2061.85400390625
2056.119140625
2051.97216796875
2050.723388671875
2048.702392578125
2047.9974365234375
2057.919677734375
2066.505615234375
2012.0224609375
1974.88623046875
1949.1060791015625
1920.6414794921875
1896.1998291015625
1873.8809814453125
1853.42626953125
1835.1461181640625
1813.8597412109375
1790.48681640625
1774.4658203125
1761.6326904296875
1747.132568359375
1735.29443359375
1724.9112548828125
1715.8466796875
1707.8515625
118.03832244873047
118.66556549072266
119.34061431884766
119.88230895996094
120.2592544555664
120.60025024414062
1618.6927490234375
1656.6322021484375
1681.936767578125
1701.22802734375
1699.7451171875
1689.360107421875
1678.325439453125
1681.3677978515625
1688.2286376953125
1694.633544921875
1698.4669189453125
1720.2830810546875
1761.7738037109375
1802.8260498046875
1846.682373046875
1890.6734619140625
1932.859130859375
1969.822265625
2001.72119140625
2029.0079345703125
2052.15185546875
2074.723876953125
2099.775146484375
2126.3583984375
2152.444580078125
2176.49365234375
2197.6513671875
2215.7412109375
2231.02197265625
2242.724853515625
2250.727294921875
2255.4599609375
2257.791015625
2258.901611328125
2259.796142578125
2260.273681640625
2259.463134765625
2257.0302734375
2252.38671875
2245.608154296875
2238.690185546875
2230.207763671875
2220.13671875
2208.8828125
2196.85302734375
2184.89794921875
2172.791259765625
2160.237060546875
2147.059814453125
2133.084716796875
2118.125732421875
2102.06396484375
2084.738525390625
2066.1630859375
