1432.55712890625
1092.5245361328125
926.5203857421875
859.8526611328125
812.0136108398438
776.60595703125
747.21728515625
720.5833129882812
694.5987548828125
670.8265380859375
653.6033935546875
634.6255493164062
614.564697265625
593.9559326171875
572.7015991210938
551.5093383789062
536.1283569335938
517.2635498046875
498.9945373535156
480.7878723144531
461.08551025390625
440.2007141113281
422.6679382324219
404.93572998046875
387.20361328125
377.71441650390625
368.8454284667969
360.677734375
355.17755126953125
349.6422119140625
343.8729553222656
337.5754699707031
120.16349029541016
121.96946716308594
123.32225799560547
124.40538787841797
125.26024627685547
125.49547576904297
321.16949462890625
336.5291748046875
312.379638671875
324.7401123046875
329.1488342285156
323.5147399902344
318.544921875
302.8146667480469
289.3805847167969
280.1211853027344
276.23431396484375
280.2301940917969
290.6492614746094
303.4322814941406
318.2933044433594
337.3042297363281
359.2740783691406
382.85919189453125
410.3336181640625
435.33258056640625
457.9019775390625
478.4504089355469
496.5924377441406
513.8289184570312
530.2290649414062
545.6505126953125
559.8218994140625
573.3829956054688
586.1256103515625
597.28369140625
606.6860961914062
614.2320556640625
619.7423706054688
622.9904174804688
624.0757446289062
623.0481567382812
620.1631469726562
615.6278076171875
609.8560180664062
602.9767456054688
595.2033081054688
586.9801025390625
578.4222412109375
569.635009765625
560.7750244140625
551.8092041015625
542.8193359375
533.8383178710938
524.8547973632812
515.9563598632812
507.1492004394531
498.456787109375
489.8596496582031
481.4183044433594
473.0833740234375
