2078.010009765625
2045.75
2007.482177734375
2031.2679443359375
2085.814208984375
2073.856689453125
2064.2822265625
2062.184814453125
2060.116943359375
2056.00341796875
2062.96142578125
2071.91357421875
2070.6396484375
2089.064697265625
2098.37451171875
2106.8671875
2111.001953125
2115.489990234375
2123.16162109375
2136.036865234375
2148.572021484375
2159.473388671875
2176.181640625
2198.54052734375
2224.1494140625
2254.56103515625
2287.631591796875
2323.77587890625
2375.946044921875
2441.651123046875
2530.149658203125
2642.354736328125
110.30339813232422
111.00679016113281
111.62904357910156
112.26730346679688
112.75318908691406
113.2414321899414
1712.1571044921875
1903.99267578125
2630.64111328125
3155.478515625
3186.519287109375
3107.107666015625
3038.841064453125
2963.224365234375
2870.0712890625
2763.578857421875
2772.447998046875
2808.658935546875
2844.713134765625
2872.136962890625
2888.38525390625
2902.95458984375
2919.248779296875
2931.799560546875
2942.5830078125
2946.53857421875
2940.510009765625
2925.11279296875
2901.103515625
2869.00537109375
2828.775390625
2782.35986328125
2732.2880859375
2678.96533203125
2622.053466796875
2563.500244140625
2507.127197265625
2454.125244140625
2405.1865234375
2359.8720703125
2316.051025390625
2272.60205078125
2229.12109375
2185.76220703125
2142.2138671875
2097.680908203125
2054.401611328125
2012.6630859375
1971.784423828125
1931.857177734375
1893.06005859375
1855.12744140625
1818.0093994140625
1781.55419921875
1745.8128662109375
1710.7752685546875
1676.1224365234375
1641.731689453125
1607.4755859375
1573.2449951171875
