1609.869140625
1271.7325439453125
990.4391479492188
933.9221801757812
886.2337036132812
849.0322265625
817.9374389648438
790.6777954101562
765.0661010742188
739.1426391601562
712.6063232421875
688.0022583007812
667.5982055664062
646.5823364257812
628.3546142578125
606.6786499023438
582.1757202148438
555.805419921875
528.1044921875
499.96771240234375
474.02899169921875
449.41448974609375
427.742919921875
421.05035400390625
425.04766845703125
424.4262390136719
420.6068115234375
413.86468505859375
405.2018127441406
396.1504211425781
387.9527587890625
379.6159973144531
124.14530944824219
126.14219665527344
127.36267852783203
128.1856231689453
128.77305603027344
129.16705322265625
349.2619934082031
365.99029541015625
356.01605224609375
368.4183654785156
388.90374755859375
388.69158935546875
378.1291198730469
368.8379211425781
363.7977600097656
351.3922119140625
340.8306884765625
333.80194091796875
331.0315246582031
327.6867980957031
324.9927673339844
323.62799072265625
325.2208251953125
332.9482727050781
337.6943664550781
341.6238098144531
345.20452880859375
349.0167236328125
356.5108642578125
366.43731689453125
376.9194641113281
387.95526123046875
400.7153015136719
414.01300048828125
431.76251220703125
454.658935546875
480.3126220703125
507.5803527832031
534.2360229492188
559.3917846679688
582.0028686523438
601.2528686523438
617.554931640625
631.252685546875
642.9481811523438
653.3173828125
663.3417358398438
673.5567016601562
683.6260986328125
692.7953491210938
700.4583740234375
706.3031616210938
710.222412109375
712.3238525390625
712.8016967773438
711.8998413085938
709.8554077148438
706.8245849609375
703.0244750976562
698.6726684570312
693.81396484375
