2026.5162353515625
1911.6060791015625
1677.0592041015625
1615.2684326171875
1532.7088623046875
1461.3779296875
1421.805419921875
1393.749267578125
1373.2430419921875
1363.2525634765625
1354.4981689453125
1342.935546875
1330.8902587890625
1325.7669677734375
1321.213623046875
1315.8839111328125
1310.57373046875
1305.6640625
1301.0784912109375
1297.57373046875
1297.6329345703125
1301.2994384765625
1309.6458740234375
1324.55810546875
1346.9561767578125
1376.1873779296875
1410.611572265625
1448.459228515625
1488.88525390625
1530.9852294921875
1576.0555419921875
1624.002685546875
122.63856506347656
123.89073181152344
126.30783081054688
128.73394775390625
136.08624267578125
150.35665893554688
1828.447998046875
1952.7275390625
1970.3984375
1975.16064453125
1980.64794921875
1991.8077392578125
2009.71630859375
2033.6029052734375
2061.96728515625
2093.92333984375
2128.173583984375
2164.953125
2205.7470703125
2255.56884765625
2323.53857421875
2411.5322265625
2494.501953125
2566.205810546875
2630.157958984375
2689.34814453125
2741.946044921875
2788.249755859375
2826.244873046875
2855.563232421875
2876.5810546875
2889.659423828125
2895.269287109375
2893.80224609375
2885.629638671875
2871.758544921875
2852.955078125
2829.90625
2802.57763671875
2771.067138671875
2734.928955078125
2695.08447265625
2652.193603515625
2606.920654296875
2559.503173828125
2509.865234375
2459.052734375
2407.643310546875
2356.185302734375
2304.884765625
2254.029052734375
2203.75830078125
2153.99755859375
2104.7158203125
2054.514892578125
2004.4903564453125
1955.6282958984375
1907.3607177734375
1859.90576171875
1813.282958984375
