1949.0927734375
1785.3748779296875
1610.9635009765625
1562.691650390625
1441.5775146484375
1363.42333984375
1329.3597412109375
1306.246337890625
1286.01318359375
1271.3822021484375
1255.749755859375
1239.1497802734375
1224.292724609375
1217.135009765625
1213.0140380859375
1216.023681640625
1219.9208984375
1226.014404296875
1238.08935546875
1260.547607421875
1294.8106689453125
1339.9520263671875
1393.3328857421875
1453.283203125
1521.052978515625
1590.7374267578125
1659.620361328125
1727.155517578125
1793.9031982421875
1861.38818359375
1929.172119140625
1993.7119140625
2052.986083984375
301.33050537109375
322.6529235839844
350.5334167480469
376.1229248046875
398.92559814453125
421.0260314941406
2508.516357421875
2525.681640625
2561.765869140625
2623.368408203125
2681.59033203125
2710.3779296875
2738.26025390625
2785.771728515625
2823.902099609375
2852.99267578125
2873.366943359375
2884.802490234375
2887.501220703125
2881.8212890625
2868.003173828125
2846.940185546875
2819.427734375
2786.403564453125
2748.95361328125
2707.10400390625
2660.449951171875
2609.29736328125
2554.90771484375
2498.04345703125
2439.3681640625
2379.75
2319.309814453125
2258.897216796875
2196.70849609375
2135.003662109375
2074.670166015625
2016.1171875
1959.393310546875
1904.6026611328125
1851.6326904296875
1800.2366943359375
1750.3914794921875
1702.0364990234375
1655.3287353515625
1610.265625
1566.768310546875
1524.6546630859375
1483.9342041015625
1444.520263671875
1406.4085693359375
1369.5426025390625
1333.8798828125
1299.356201171875
1265.938232421875
1233.6080322265625
1202.326904296875
1172.05126953125
1142.755126953125
1114.470947265625
1087.099609375
