2083.26953125
2066.176513671875
2034.0885009765625
2018.0517578125
2019.0711669921875
2056.972412109375
2076.27392578125
2078.1640625
2079.287841796875
2079.76708984375
2082.411376953125
2096.117919921875
2113.52587890625
2122.45849609375
2132.970947265625
2149.6728515625
2168.845458984375
2191.634033203125
2219.865478515625
2247.6865234375
2268.08984375
2289.1513671875
2310.140625
2336.630859375
2391.312255859375
2461.34765625
2534.046142578125
2627.544921875
2719.90380859375
2821.277587890625
2935.85498046875
3063.606201171875
138.6968231201172
139.83987426757812
139.90834045410156
138.5734405517578
136.557861328125
134.37484741210938
2532.330322265625
2884.442138671875
3212.309814453125
3524.674560546875
3828.323486328125
4128.6240234375
4431.0478515625
4614.66357421875
4756.57861328125
5112.18505859375
5557.43017578125
5868.072265625
6058.7138671875
6258.62744140625
6419.41455078125
6703.41650390625
6967.6162109375
7237.52783203125
7505.80810546875
7775.90087890625
7907.072265625
8027.205078125
8242.8115234375
8415.4453125
8524.736328125
8603.111328125
8133.86279296875
7873.5537109375
7662.4990234375
7321.6201171875
7028.61279296875
6771.21533203125
6536.12353515625
6313.1142578125
6102.10791015625
5898.927734375
5703.35693359375
5514.8828125
5330.86572265625
5155.01953125
4988.216796875
4833.54833984375
4688.21484375
4546.181640625
4405.84375
4269.23876953125
4133.47265625
3999.537353515625
3868.646240234375
3741.83740234375
3619.543212890625
3500.941162109375
3384.910888671875
3275.3115234375
3171.223876953125
3071.86181640625
2975.873779296875
