2014.077880859375
2111.510986328125
2089.544677734375
2075.229736328125
2095.10888671875
2084.279052734375
2089.834228515625
2081.4580078125
2088.213623046875
2087.51318359375
2098.2802734375
2107.14013671875
2122.1796875
2148.359375
2167.50341796875
2188.334228515625
2214.51025390625
2239.67236328125
2269.025634765625
2305.3349609375
2350.234375
2410.150390625
2493.564697265625
2594.38427734375
2702.832275390625
2820.21630859375
2954.07470703125
3105.907470703125
3260.15869140625
3414.165283203125
3567.08251953125
3722.86572265625
3889.4033203125
107.69952392578125
109.86026000976562
111.80835723876953
113.22932434082031
114.3826904296875
115.34940338134766
2742.953857421875
3372.3046875
3736.20556640625
4077.362548828125
4431.154296875
4623.4931640625
4833.28759765625
5242.986328125
5653.7490234375
6076.13427734375
6234.62841796875
5978.12646484375
5796.5517578125
5638.62060546875
5480.40087890625
5311.9072265625
5125.1787109375
4918.79931640625
4702.52880859375
4506.06591796875
4330.85693359375
4158.29248046875
3990.017333984375
3824.69189453125
3662.968505859375
3500.57275390625
3339.584228515625
3197.13037109375
3072.24267578125
2959.249267578125
2853.933837890625
2741.927490234375
2613.693115234375
2496.167236328125
2358.44140625
2179.404052734375
1956.89990234375
1851.9871826171875
1749.0645751953125
1628.0205078125
1547.9825439453125
1506.7052001953125
1472.8560791015625
1441.8001708984375
1407.2347412109375
1371.271728515625
1334.1336669921875
1296.3170166015625
1259.101318359375
1222.27734375
1186.57373046875
1151.9766845703125
1118.4287109375
1085.911376953125
1054.1165771484375
