2085.07470703125
2066.753173828125
2038.71484375
2012.6409912109375
1993.0457763671875
1988.98828125
2064.125244140625
2077.99951171875
2087.01416015625
2132.03173828125
2171.224365234375
2210.363037109375
2256.89892578125
2300.2841796875
2340.231201171875
2376.958251953125
2410.8828125
2447.826171875
2482.085693359375
2513.5205078125
2549.392822265625
2585.01953125
2630.5107421875
2686.6689453125
2749.08056640625
2817.05810546875
2893.916015625
2988.84619140625
3103.935302734375
3235.70947265625
3380.3310546875
3534.28466796875
148.42550659179688
138.66493225097656
138.79823303222656
139.06568908691406
138.68533325195312
137.65975952148438
2815.964599609375
3132.12060546875
3365.332763671875
3574.27685546875
3766.038818359375
3950.345458984375
4132.06201171875
4314.73388671875
4500.73779296875
4690.63818359375
4881.158203125
5066.95703125
5249.787109375
5434.9853515625
5625.2177734375
5822.27490234375
6030.27685546875
6229.0693359375
6438.947265625
6638.78955078125
6866.4306640625
7066.26611328125
7252.107421875
7422.2822265625
7579.92138671875
7694.4677734375
7771.77685546875
7827.947265625
7880.177734375
7961.12255859375
8037.306640625
8089.380859375
8127.32763671875
8179.17431640625
8214.2734375
8148.72705078125
8130.330078125
7854.80419921875
7452.369140625
7113.95751953125
6806.55029296875
6512.93798828125
6222.18212890625
5924.36572265625
5640.55908203125
5367.912109375
5113.92919921875
4869.2373046875
4628.998046875
4394.7451171875
4163.4775390625
3935.221923828125
3721.854248046875
3544.661376953125
