2046.83642578125
2008.5244140625
2119.699951171875
2318.952880859375
2502.538818359375
2630.8251953125
2704.246826171875
2741.53515625
2723.694091796875
2677.77978515625
2623.4013671875
2574.54833984375
2542.676513671875
2533.452392578125
2535.619384765625
2544.802978515625
2560.081787109375
2580.536865234375
2608.377197265625
2643.391357421875
2688.7939453125
2747.1630859375
2822.068115234375
2916.89306640625
3037.962158203125
3190.265625
3375.08447265625
3590.363525390625
3834.67529296875
4104.78173828125
4389.68994140625
4685.2841796875
189.525634765625
160.46791076660156
148.92982482910156
142.86581420898438
139.4160919189453
137.27108764648438
3666.24951171875
4861.6572265625
6047.10107421875
6984.12548828125
6962.3623046875
6970.45166015625
6959.904296875
6957.3466796875
6988.24755859375
7033.3701171875
7089.1689453125
7156.03564453125
7228.078125
7299.80615234375
7368.47802734375
7432.38671875
7492.88916015625
7548.02685546875
7594.3017578125
7629.2421875
7652.0869140625
7662.607421875
7660.87353515625
7646.572265625
7620.11328125
7582.26611328125
7533.77685546875
7496.42724609375
7476.3759765625
7409.078125
7333.3427734375
7248.04736328125
7154.84814453125
7054.35107421875
6947.3310546875
6834.57763671875
6717.00634765625
6595.5693359375
6471.03857421875
6343.90234375
6214.998046875
6084.9033203125
5954.46826171875
5824.2109375
5694.67138671875
5566.11962890625
5440.32080078125
5316.90869140625
5196.21826171875
5077.85009765625
4961.7900390625
4848.17138671875
4737.087890625
4628.61572265625
4521.92431640625
