2039.2894287109375
1853.085693359375
1411.9591064453125
1329.2977294921875
1254.8662109375
1200.3446044921875
1165.8758544921875
1139.48388671875
1110.2735595703125
1083.6561279296875
1061.85791015625
1038.9041748046875
1018.734619140625
999.4159545898438
982.66796875
964.93994140625
946.4013061523438
927.451416015625
914.3404541015625
902.7047729492188
890.412109375
879.323486328125
869.3280639648438
860.3011474609375
850.965576171875
841.51611328125
832.9036254882812
824.0410766601562
815.8187255859375
807.982177734375
801.8597412109375
796.3939819335938
118.42906951904297
118.9315185546875
119.4141845703125
120.03587341308594
120.65196228027344
121.34489440917969
849.6566772460938
788.78173828125
787.3743896484375
788.3666381835938
783.1859130859375
771.0985717773438
756.1223754882812
741.7160034179688
729.381103515625
729.19384765625
741.2310180664062
753.47998046875
766.5489501953125
786.7951049804688
812.7095336914062
840.4013061523438
869.120849609375
898.834716796875
929.5061645507812
960.4828491210938
990.8773193359375
1021.0264892578125
1050.1090087890625
1077.0396728515625
1100.626220703125
1120.3658447265625
1135.981689453125
1147.9052734375
1157.3734130859375
1165.31103515625
1172.0548095703125
1177.5234375
1181.322265625
1182.9140625
1181.9156494140625
1178.2457275390625
1172.7257080078125
1164.9320068359375
1155.288330078125
1144.6187744140625
1133.2919921875
1122.191162109375
1111.6417236328125
1101.462646484375
1091.4447021484375
1081.1951904296875
1070.4205322265625
1058.886962890625
1046.5181884765625
1033.280029296875
1019.2678833007812
1004.6409301757812
989.5240478515625
974.0507202148438
