2085.0546875
2066.46240234375
2039.042236328125
2015.8580322265625
1998.0062255859375
1992.9183349609375
2023.5145263671875
2080.240234375
2079.925537109375
2075.16845703125
2096.302978515625
2156.198486328125
2223.3671875
2290.941162109375
2359.134765625
2425.194091796875
2487.56689453125
2545.656494140625
2599.35546875
2647.32958984375
2693.012939453125
2743.339111328125
2801.21435546875
2867.925048828125
2943.514404296875
3028.292724609375
3123.466796875
3229.77880859375
3348.521728515625
3480.241455078125
3622.942138671875
3776.343505859375
155.4317626953125
136.4871826171875
132.58653259277344
133.0879364013672
134.44789123535156
135.52413940429688
3073.42724609375
3404.79541015625
3669.95751953125
3916.93505859375
4147.7451171875
4369.20751953125
4585.3134765625
4800.48046875
5018.31103515625
5241.142578125
5475.6240234375
5729.490234375
5994.3701171875
6278.1259765625
6539.98193359375
6797.54638671875
7053.02587890625
7334.8701171875
7598.4453125
7846.93310546875
8078.6240234375
8292.927734375
8485.078125
8652.17578125
8816.642578125
8944.294921875
9045.7216796875
9096.09765625
9142.8759765625
9219.908203125
9258.71484375
9278.0205078125
9298.595703125
9330.9033203125
9381.1220703125
9434.390625
9472.4736328125
9491.931640625
9495.55078125
9473.7734375
9427.884765625
9366.484375
9292.458984375
9147.55859375
8738.384765625
8392.5205078125
8082.9326171875
7798.23291015625
7529.45703125
7266.8701171875
7008.38818359375
6767.12060546875
6536.00341796875
6314.056640625
6108.310546875
