1803.0230712890625
1373.3193359375
1080.1136474609375
920.3229370117188
896.6820068359375
865.4677734375
836.7102661132812
810.5032348632812
786.0384521484375
761.80126953125
737.070556640625
715.4259643554688
691.9454956054688
667.0883178710938
641.7659912109375
616.7512817382812
599.3142700195312
581.3668212890625
568.8958740234375
553.592041015625
536.23046875
520.8984985351562
503.2462463378906
481.9065246582031
459.728759765625
438.5716857910156
419.22808837890625
402.78179931640625
396.61431884765625
395.6462097167969
394.3374328613281
391.3250427246094
122.82080841064453
125.2854995727539
126.17993927001953
126.56343078613281
126.95329284667969
127.31816101074219
403.00439453125
362.5675048828125
409.54071044921875
388.364013671875
381.5799255371094
375.79571533203125
368.930419921875
359.5982971191406
348.17120361328125
336.956298828125
327.0375671386719
319.2479553222656
314.2992858886719
312.86883544921875
316.7738037109375
322.8144226074219
327.99481201171875
331.9594421386719
335.84283447265625
339.89422607421875
344.75897216796875
350.3144226074219
355.9986267089844
361.1577453613281
366.6461181640625
373.12554931640625
381.50262451171875
390.8193664550781
401.7061767578125
415.5538024902344
429.3793029785156
444.0444641113281
460.74517822265625
477.7139587402344
494.4719543457031
509.56915283203125
522.6484985351562
533.9608764648438
544.2349243164062
554.9871826171875
567.1266479492188
579.9721069335938
592.1527099609375
602.4022216796875
610.0623779296875
615.3895874023438
618.7142944335938
620.29833984375
620.3081665039062
618.7479858398438
615.930908203125
612.0802001953125
607.3523559570312
601.9021606445312
