1882.618896484375
1436.8890380859375
1356.3116455078125
1279.1884765625
1172.0400390625
1108.671630859375
1065.5535888671875
1042.02099609375
1016.3479614257812
990.3331909179688
964.3427124023438
938.9715576171875
915.8547973632812
892.6520385742188
869.247802734375
846.6263427734375
828.9296264648438
813.2990112304688
796.2593994140625
778.6328125
760.8091430664062
751.1449584960938
743.3505249023438
733.5399780273438
722.7041625976562
711.831787109375
701.0420532226562
690.80078125
682.9395751953125
675.2586059570312
667.3349609375
662.4873046875
657.6157836914062
112.63790130615234
114.26274871826172
116.0576171875
117.31278228759766
118.27274322509766
119.1135025024414
621.7340087890625
649.2982788085938
654.7821655273438
681.847412109375
699.6881713867188
717.343017578125
732.259765625
749.1263427734375
771.067138671875
793.8237915039062
815.4835815429688
836.56982421875
857.728759765625
878.992919921875
899.8223266601562
918.6788940429688
934.7899169921875
947.929931640625
958.2708740234375
966.7724609375
973.8492431640625
980.0917358398438
985.2091064453125
988.675537109375
990.1834716796875
989.77685546875
987.4193725585938
984.2832641601562
979.6234130859375
974.0980834960938
967.6956787109375
960.5812377929688
952.9087524414062
945.1161499023438
937.0036010742188
928.3570556640625
919.0496215820312
908.998046875
898.1306762695312
886.5013427734375
874.1945190429688
861.2966918945312
847.8988647460938
834.1419677734375
820.1366577148438
805.9555053710938
791.7041015625
777.4733276367188
763.5333251953125
749.8883056640625
736.3472900390625
722.942626953125
709.806884765625
696.754150390625
