2079.396728515625
2053.537353515625
2025.8074951171875
2004.5531005859375
2015.3779296875
2036.7576904296875
2031.7576904296875
2029.455322265625
2047.5855712890625
2061.93310546875
2085.634033203125
2114.801513671875
2142.364013671875
2167.34619140625
2189.061279296875
2212.82666015625
2245.520751953125
2296.114501953125
2367.0048828125
2458.024169921875
2565.900634765625
2685.705078125
2815.983154296875
2957.095703125
3108.828369140625
3271.6787109375
3445.08154296875
3627.18115234375
3820.06005859375
4022.699951171875
4236.01123046875
4460.74853515625
178.99365234375
176.85739135742188
184.7936248779297
192.97409057617188
200.064453125
206.16485595703125
4837.19482421875
5313.2373046875
5544.07666015625
5705.6416015625
5871.68408203125
6069.8466796875
6320.60107421875
6603.29443359375
6920.07861328125
7264.06591796875
7675.72607421875
8123.87255859375
8589.8583984375
9058.2138671875
9537.9853515625
10041.17578125
10549.6826171875
11056.259765625
11554.599609375
12043.9580078125
12522.6416015625
12989.970703125
13445.4072265625
13886.98046875
14314.4619140625
14731.19140625
15138.6416015625
15534.501953125
15920.5732421875
16302.6259765625
16682.9921875
17046.787109375
17391.658203125
17718.8984375
18029.57421875
18317.771484375
18585.70703125
18107.4453125
17562.400390625
17055.626953125
16555.08984375
16068.3642578125
15599.140625
15143.7734375
14699.017578125
14265.064453125
13842.453125
13430.6064453125
13029.6728515625
12640.63671875
12262.2373046875
11894.505859375
11537.26953125
11190.33984375
