2083.158447265625
2064.552490234375
2035.381103515625
2015.6173095703125
2002.8956298828125
2005.580078125
2009.8905029296875
2029.5587158203125
2053.922119140625
2065.867431640625
2095.306396484375
2100.662109375
2102.834716796875
2113.0302734375
2123.811279296875
2141.231689453125
2163.259765625
2188.331298828125
2213.796630859375
2248.265625
2293.93115234375
2357.1142578125
2441.2421875
2545.331298828125
2660.615234375
2780.448974609375
2902.5146484375
3026.125
3151.490966796875
3280.900146484375
3415.0576171875
3556.967529296875
128.4057159423828
124.68397521972656
135.82223510742188
148.16403198242188
158.11880493164062
165.81246948242188
3700.419189453125
3879.77001953125
3966.091552734375
4098.46728515625
4274.818359375
4480.8623046875
4707.1826171875
4946.31689453125
5199.99853515625
5467.177734375
5751.95751953125
6047.18310546875
6346.2939453125
6650.5908203125
6974.248046875
7321.05810546875
7661.9384765625
8007.501953125
8352.4169921875
8719.4697265625
9071.23046875
9413.82421875
9759.375
10112.490234375
10446.4013671875
10765.341796875
11072.6064453125
11364.40625
11644.52734375
11919.744140625
12191.3564453125
12455.9189453125
12712.7548828125
12957.4873046875
13188.80859375
13407.2529296875
13611.8798828125
13801.8193359375
13980.1337890625
14148.6103515625
14230.0126953125
14305.048828125
14446.2998046875
14583.8857421875
14717.7060546875
14845.78515625
14968.5654296875
15085.625
15200.8388671875
15323.3251953125
15425.9619140625
15520.052734375
15605.5224609375
15687.0810546875
15765.083984375
