2085.05859375
2063.1337890625
2035.4405517578125
2014.776123046875
2012.8037109375
2018.8612060546875
2030.483642578125
2043.6978759765625
2040.892333984375
2045.3468017578125
2065.711181640625
2102.9072265625
2123.1220703125
2146.863037109375
2180.9853515625
2218.656982421875
2254.859619140625
2288.48974609375
2325.754638671875
2371.1533203125
2440.482666015625
2520.037109375
2611.919189453125
2718.99072265625
2838.93603515625
2970.666015625
3113.839599609375
3264.456298828125
3418.797607421875
3579.140869140625
3750.092041015625
3930.712646484375
166.0907745361328
159.72219848632812
157.60308837890625
155.4390411376953
153.1942901611328
150.62155151367188
3457.980712890625
3775.0234375
3901.5908203125
4011.400390625
4219.4375
4437.9541015625
4671.92919921875
4922.912109375
5063.220703125
5188.09033203125
5470.0390625
5753.466796875
6049.48046875
6357.587890625
6684.50830078125
7008.22705078125
7315.16455078125
7617.041015625
7897.8662109375
8141.10107421875
8358.4892578125
8551.8759765625
8711.52734375
8843.1455078125
8931.7333984375
8991.0927734375
9026.626953125
9026.2880859375
9002.611328125
8962.3720703125
8912.7607421875
8855.9970703125
8788.310546875
8713.0361328125
8638.7744140625
8566.2275390625
8496.11328125
8420.26953125
8337.888671875
8254.33984375
8171.44970703125
8086.76171875
7885.15380859375
7549.470703125
7251.59130859375
6979.111328125
6726.3994140625
6488.509765625
6260.1865234375
6039.99609375
5828.583984375
5626.23876953125
5435.173828125
5255.9208984375
5086.8134765625
4924.41748046875
