0.007922840304672718
0.008917956613004208
0.010254519991576672
0.01100098341703415
0.011124002747237682
0.011191807687282562
0.011261055245995522
0.011367013677954674
0.011481358669698238
0.01157450582832098
0.011683810502290726
0.011808126233518124
0.011909449473023415
0.012002616189420223
0.012104084715247154
0.012220491655170918
0.01234410610049963
0.012482039630413055
0.012645489536225796
0.012838228605687618
0.013056796975433826
0.01330002024769783
0.013569703325629234
0.01386466808617115
0.014160278253257275
0.014459528960287571
0.014741001650691032
0.015048549510538578
0.015367163345217705
0.015698404982686043
0.016041744500398636
0.01639862358570099
0.0008588340715505183
0.000852521974593401
0.0008638022118248045
0.0008735687006264925
0.0008803994860500097
0.0008850723970681429
0.016065368428826332
0.016806313768029213
0.017231695353984833
0.01756362058222294
0.017890047281980515
0.01825316995382309
0.018634775653481483
0.019048357382416725
0.019498031586408615
0.01998216100037098
0.02050202153623104
0.021071961149573326
0.021647462621331215
0.02214064449071884
0.02265176549553871
0.023178329691290855
0.023716723546385765
0.024257587268948555
0.024363838136196136
0.023758230730891228
0.02316899038851261
0.022589612752199173
0.02201707847416401
0.021449731662869453
0.0208873450756073
0.020330308005213737
0.019777989014983177
0.019236335530877113
0.018706396222114563
0.018187977373600006
0.017679085955023766
0.01718008518218994
0.01669008657336235
0.01620963029563427
0.015740150585770607
0.015282555483281612
0.014839167706668377
0.014416252262890339
0.014010832644999027
0.01361924223601818
0.0132398447021842
0.012870308011770248
0.01251136139035225
0.012162191793322563
0.011823641136288643
0.011495514772832394
0.011177520267665386
0.01086959894746542
0.010571657679975033
0.01028381660580635
0.010005854070186615
0.009738372638821602
0.009480712004005909
0.00923237856477499
