2085.713134765625
2066.216552734375
2042.2835693359375
2024.05517578125
2011.8895263671875
2001.9404296875
2009.657958984375
2007.6248779296875
2027.0938720703125
2033.46044921875
2055.7080078125
2079.2685546875
2103.09228515625
2112.64697265625
2122.55419921875
2139.453369140625
2156.044677734375
2180.802978515625
2210.90380859375
2244.87158203125
2281.09130859375
2324.8291015625
2379.477783203125
2445.931396484375
2528.507568359375
2625.747314453125
2732.690673828125
2845.7548828125
2964.234619140625
3087.833984375
3216.084716796875
3351.714111328125
125.62689208984375
124.8358383178711
125.19007873535156
127.37166595458984
135.55416870117188
144.00387573242188
3395.878173828125
3665.667236328125
3771.9169921875
3879.1982421875
4015.347412109375
4176.36669921875
4355.3330078125
4550.72119140625
4762.46337890625
4989.0966796875
5228.3466796875
5478.54345703125
5739.9794921875
6017.05126953125
6295.29736328125
6575.93603515625
6868.24951171875
7207.0869140625
7550.54052734375
7890.99755859375
8231.3203125
8596.5693359375
8943.09375
9276.0927734375
9607.2890625
9945.1396484375
10286.4990234375
10610.869140625
10920.15625
11213.69921875
11484.87890625
11733.767578125
11969.7265625
12199.544921875
12427.4931640625
12651.9921875
12870.6552734375
13081.8662109375
13284.3193359375
13477.8095703125
13660.7939453125
13832.5576171875
13991.626953125
14136.7705078125
14269.5
14391.248046875
14512.59765625
14624.41796875
14730.8642578125
14831.443359375
14926.3759765625
15026.3251953125
15123.373046875
15213.544921875
