2071.01171875
2035.3634033203125
1995.2730712890625
2066.751220703125
2114.0859375
2095.45556640625
2097.477294921875
2115.52685546875
2143.37744140625
2161.213623046875
2180.148193359375
2193.3154296875
2197.727294921875
2203.23193359375
2205.85107421875
2207.444091796875
2209.103271484375
2214.59228515625
2223.355224609375
2233.80712890625
2248.27392578125
2265.299560546875
2282.3544921875
2299.93359375
2320.5146484375
2345.433349609375
2382.8076171875
2431.75
2490.128173828125
2562.98681640625
2648.675537109375
2743.466796875
119.36066436767578
121.33219909667969
121.6133804321289
121.87921142578125
122.0976791381836
122.27764129638672
1879.803955078125
2459.985107421875
2703.523193359375
2918.87939453125
3116.52587890625
3300.935546875
3477.114013671875
3649.741943359375
3823.2412109375
4001.0244140625
4183.13427734375
4368.58349609375
4559.72216796875
4755.9267578125
4958.26953125
5191.14208984375
5428.01513671875
5678.65380859375
5932.49365234375
6180.2294921875
6441.6181640625
6683.38623046875
6914.0810546875
7155.3857421875
7400.52880859375
7650.8232421875
7882.10791015625
8062.03564453125
8215.935546875
8342.6015625
8447.466796875
8545.3818359375
8632.578125
8719.1787109375
8800.5068359375
8869.45703125
8916.181640625
8931.73828125
8920.3828125
8718.0791015625
8363.896484375
8058.26416015625
7774.59423828125
7503.7041015625
7239.244140625
6987.56640625
6744.5712890625
6506.61376953125
6268.541015625
6033.06787109375
5817.068359375
5613.58203125
5418.740234375
5224.08544921875
