2085.0
2082.1416015625
2065.570556640625
2045.00830078125
2033.2362060546875
2024.363525390625
2016.79541015625
2018.138427734375
2050.64892578125
2046.705322265625
2053.00244140625
2057.1455078125
2055.646484375
2053.822509765625
2055.891845703125
2056.165771484375
2054.730224609375
2052.403564453125
2049.79248046875
2047.99755859375
2053.75732421875
2062.036376953125
2069.504638671875
2079.39501953125
2098.763671875
2135.121826171875
2168.789794921875
2209.042236328125
2251.34912109375
2303.964599609375
2369.138427734375
2439.433349609375
126.83560180664062
127.5775375366211
127.8861312866211
128.0906524658203
128.25222778320312
128.39187622070312
2145.4130859375
2382.687255859375
2492.27490234375
2600.724365234375
2726.29736328125
2866.381591796875
3010.349365234375
3156.28759765625
3306.887939453125
3468.8994140625
3641.829345703125
3819.836669921875
3998.4228515625
4175.34716796875
4352.453125
4533.2001953125
4723.71484375
4928.48388671875
5147.7822265625
5406.802734375
5606.376953125
5735.6875
5891.333984375
6064.0615234375
6174.35205078125
6385.40966796875
6575.3388671875
6737.89404296875
6881.85205078125
7020.72216796875
7115.94970703125
7205.9833984375
7291.7109375
7376.09912109375
7460.1083984375
7539.5029296875
7602.4404296875
7654.66357421875
7693.9912109375
7720.6845703125
7712.17626953125
7696.16357421875
7689.98291015625
7723.7060546875
7784.19384765625
7842.7275390625
7921.68408203125
8028.00341796875
8157.08203125
7986.49560546875
7353.2744140625
7006.25244140625
6680.57421875
6380.92626953125
