2083.223876953125
2059.75244140625
2034.25244140625
2014.7100830078125
2001.2506103515625
2015.662353515625
2043.8580322265625
2038.666748046875
2039.4541015625
2035.1414794921875
2053.28173828125
2070.80322265625
2099.015625
2138.1611328125
2174.552734375
2207.1796875
2236.789794921875
2267.669921875
2303.812744140625
2354.1298828125
2422.183837890625
2508.050537109375
2609.463623046875
2723.214599609375
2847.203369140625
2980.31787109375
3122.751708984375
3273.939697265625
3433.735595703125
3599.878662109375
3775.6484375
3958.855712890625
155.91241455078125
147.95497131347656
152.46685791015625
158.8746795654297
164.9747314453125
170.3352813720703
4073.795654296875
4552.3408203125
4804.783203125
4959.81689453125
5083.70263671875
5211.3544921875
5360.43408203125
5537.08154296875
5743.1572265625
5975.58056640625
6232.1240234375
6514.06591796875
6843.1728515625
7214.30029296875
7682.37939453125
8169.04296875
8662.7666015625
9174.5400390625
9700.091796875
10229.4208984375
10747.2705078125
11255.9072265625
11761.8125
12259.8935546875
12741.4765625
13201.96484375
13639.818359375
14056.453125
14451.669921875
14827.6337890625
15184.869140625
15523.6650390625
15843.046875
16141.5322265625
16421.767578125
16682.2109375
16928.673828125
17141.337890625
17240.138671875
17332.45703125
17489.01171875
17616.05859375
17717.466796875
17789.474609375
17569.080078125
16970.330078125
16442.923828125
15950.0361328125
15480.6181640625
15029.3154296875
14593.1513671875
14170.4453125
13761.0107421875
13363.09375
12976.251953125
