2085.09716796875
2072.033935546875
2043.5240478515625
2023.3883056640625
2009.7637939453125
2002.4405517578125
2027.01611328125
2055.798095703125
2050.172119140625
2041.855712890625
2034.32080078125
2032.2432861328125
2030.7906494140625
2033.4498291015625
2051.551025390625
2083.946533203125
2108.0185546875
2127.2080078125
2144.0947265625
2167.259521484375
2192.256103515625
2218.0849609375
2243.886474609375
2273.356201171875
2308.44775390625
2353.219970703125
2416.507568359375
2494.971923828125
2583.7763671875
2680.76806640625
2785.433349609375
2897.560791015625
123.88280487060547
125.03795623779297
125.6766357421875
126.08837127685547
126.39372253417969
126.63601684570312
2376.526611328125
2730.175537109375
2901.93994140625
3053.234375
3210.002685546875
3376.28125
3550.303955078125
3730.161865234375
3914.199462890625
4099.474609375
4283.83837890625
4466.63134765625
4648.49072265625
4828.1796875
5009.8583984375
5188.63916015625
5365.01806640625
5538.3828125
5707.94287109375
5873.4658203125
6042.60791015625
6198.97998046875
6355.44580078125
6517.2119140625
6683.677734375
6841.18701171875
6994.86572265625
7139.833984375
7272.3251953125
7407.34814453125
7500.5810546875
7562.5537109375
7606.41748046875
7639.23193359375
7665.57080078125
7688.4501953125
7706.29150390625
7720.42138671875
7732.3583984375
7742.94189453125
7753.10400390625
7761.60009765625
7773.935546875
7782.216796875
7786.02978515625
7792.04345703125
7804.3203125
7803.72021484375
7787.95263671875
7762.68115234375
7730.27001953125
7695.1435546875
7660.39990234375
7628.49267578125
