2035.4888916015625
1948.1302490234375
1718.20458984375
1634.84375
1596.5394287109375
1536.66162109375
1479.5888671875
1444.475830078125
1417.99462890625
1397.3948974609375
1383.698974609375
1378.7052001953125
1373.401611328125
1364.704345703125
1354.5333251953125
1345.079345703125
1340.826904296875
1338.7984619140625
1336.9361572265625
1336.131103515625
1336.4495849609375
1338.092041015625
1342.644775390625
1351.4669189453125
1365.5806884765625
1385.381591796875
1410.4649658203125
1440.059814453125
1473.3038330078125
1509.1591796875
1546.7626953125
1587.0452880859375
121.05604553222656
120.84182739257812
122.39969635009766
123.28878021240234
123.8298568725586
124.3606948852539
1639.4471435546875
1837.2413330078125
1895.4056396484375
1920.0374755859375
1933.6685791015625
1946.7213134765625
1962.93115234375
1982.9287109375
2006.00390625
2030.994873046875
2056.728759765625
2082.551513671875
2108.29248046875
2133.03076171875
2157.326171875
2181.335205078125
2205.016357421875
2242.658447265625
2291.07373046875
2335.627685546875
2378.007080078125
2419.57421875
2461.17724609375
2501.209228515625
2533.768310546875
2558.80322265625
2577.354248046875
2589.605224609375
2596.09765625
2597.95703125
2595.475341796875
2588.455322265625
2577.2099609375
2562.369384765625
2544.630615234375
2524.19873046875
2500.909912109375
2474.910888671875
2446.493408203125
2415.738037109375
2382.827392578125
2348.035888671875
2311.6875
2273.861083984375
2234.82666015625
2194.8525390625
2154.158935546875
2112.98828125
2071.180419921875
2029.3294677734375
1987.581298828125
1945.94677734375
1904.452880859375
1863.18359375
