2083.68115234375
2059.746337890625
2034.6124267578125
2016.88818359375
2004.83642578125
2017.376220703125
2043.0001220703125
2035.5789794921875
2036.9052734375
2032.671630859375
2042.0167236328125
2049.309326171875
2067.69482421875
2104.068115234375
2146.855224609375
2181.114013671875
2211.88916015625
2243.057373046875
2275.418212890625
2316.405517578125
2378.95458984375
2464.271728515625
2570.190673828125
2694.824951171875
2833.572509765625
2981.4130859375
3134.724365234375
3291.792724609375
3450.695068359375
3610.568359375
3774.724365234375
3942.832275390625
151.5860137939453
146.7721405029297
152.4282684326172
158.8966827392578
164.46559143066406
168.76608276367188
3901.695068359375
4227.39990234375
4395.3974609375
4513.04541015625
4625.49169921875
4750.9208984375
4894.81982421875
5056.3759765625
5234.677734375
5430.32177734375
5638.7568359375
5857.0146484375
6082.5390625
6318.96533203125
6565.64111328125
6820.54736328125
7096.2841796875
7434.7294921875
7768.814453125
8082.986328125
8395.8330078125
8706.4931640625
9005.2451171875
9295.28125
9576.1396484375
9844.1123046875
10098.1494140625
10337.4833984375
10561.3349609375
10769.4755859375
10963.0517578125
11142.5361328125
11307.8935546875
11460.29296875
11601.3505859375
11731.3818359375
11851.44921875
11963.1416015625
12068.2431640625
12167.9912109375
12265.4765625
12358.896484375
12449.634765625
12539.654296875
12631.7265625
12725.6083984375
12819.6806640625
12912.435546875
13004.34375
13097.4814453125
13148.365234375
12919.3583984375
12538.2333984375
12195.4638671875
11873.0703125
