2079.697021484375
2055.215087890625
2028.924072265625
2009.692626953125
2037.2371826171875
2030.2025146484375
2020.5213623046875
2018.5626220703125
2032.7044677734375
2033.0146484375
2035.5638427734375
2037.8748779296875
2049.224365234375
2070.74267578125
2090.758056640625
2106.885009765625
2119.302978515625
2136.5087890625
2158.707763671875
2179.577880859375
2205.463134765625
2239.49365234375
2279.60888671875
2330.866943359375
2396.909423828125
2477.05224609375
2568.72900390625
2669.832275390625
2779.664306640625
2897.787109375
3023.864013671875
3158.259765625
125.76200866699219
126.65486907958984
132.29244995117188
142.04380798339844
148.42153930664062
152.6912841796875
3204.742431640625
3410.187744140625
3527.17724609375
3634.86962890625
3756.034912109375
3893.58447265625
4045.858154296875
4211.62744140625
4389.068359375
4576.4248046875
4771.64599609375
4973.8525390625
5182.16455078125
5397.36181640625
5621.29052734375
5854.27978515625
6096.2822265625
6345.91162109375
6605.35986328125
6873.12158203125
7161.1064453125
7467.150390625
7801.28173828125
8138.55224609375
8479.4990234375
8828.2490234375
9185.2041015625
9552.267578125
9915.8759765625
10277.4404296875
10634.2958984375
10985.7734375
11329.9052734375
11666.2998046875
11995.0732421875
12318.7490234375
12638.2587890625
12953.5712890625
13264.5556640625
13570.259765625
13869.6728515625
14162.4921875
14447.7470703125
14723.8935546875
14990.8505859375
15247.564453125
15493.5107421875
15727.9697265625
15950.7177734375
16162.4912109375
16361.6435546875
16548.501953125
16723.109375
16886.115234375
