2009.3826904296875
1820.336181640625
1689.5562744140625
1521.9207763671875
1452.6966552734375
1414.265380859375
1395.3409423828125
1378.60888671875
1367.4620361328125
1357.943359375
1347.1434326171875
1334.8621826171875
1321.6912841796875
1309.407958984375
1301.0203857421875
1296.6737060546875
1291.6435546875
1287.2496337890625
1284.0008544921875
1283.041259765625
1286.6351318359375
1292.7989501953125
1301.92529296875
1318.0545654296875
1341.1865234375
1370.993896484375
1406.9189453125
1447.7532958984375
1492.482421875
1540.967041015625
1593.0460205078125
1650.0958251953125
135.42507934570312
137.26409912109375
139.12054443359375
140.96620178222656
143.00692749023438
154.24417114257812
1969.294189453125
2021.943359375
2036.246337890625
2064.312255859375
2096.257080078125
2129.6181640625
2163.8740234375
2200.54833984375
2238.883056640625
2278.968994140625
2322.6455078125
2367.669677734375
2423.1044921875
2483.3720703125
2537.93359375
2588.335693359375
2640.58984375
2692.4990234375
2744.768310546875
2791.309326171875
2831.848388671875
2866.197021484375
2893.953125
2915.091064453125
2929.498779296875
2938.17724609375
2940.873291015625
2937.390869140625
2927.908203125
2912.655029296875
2892.108642578125
2867.017822265625
2838.451171875
2805.513916015625
2767.846435546875
2727.169189453125
2684.050537109375
2638.341064453125
2590.493896484375
2540.966552734375
2490.08203125
2438.460205078125
2386.180908203125
2332.80908203125
2279.418212890625
2226.048583984375
2173.07421875
2120.709716796875
2068.929931640625
2015.9793701171875
1964.425537109375
1914.7496337890625
1866.1265869140625
1818.8770751953125
