2042.75927734375
2000.8255615234375
2092.588623046875
2107.078857421875
2181.083984375
2207.92529296875
2220.49365234375
2239.6884765625
2241.393310546875
2257.16455078125
2277.79638671875
2304.248291015625
2330.414794921875
2354.3232421875
2384.605224609375
2416.0888671875
2443.316650390625
2465.130859375
2484.207275390625
2506.203857421875
2536.520751953125
2573.546630859375
2616.9873046875
2671.995361328125
2739.612060546875
2821.275390625
2918.265869140625
3030.89794921875
3164.27490234375
3315.0810546875
3476.537353515625
3648.231201171875
120.42228698730469
111.11556243896484
112.12811279296875
112.78118133544922
113.50446319580078
114.19537353515625
2242.8076171875
2960.6494140625
3575.107421875
3982.39697265625
4285.72705078125
4558.33056640625
4874.1103515625
5260.08349609375
5717.26025390625
6220.47509765625
6735.50732421875
7251.07958984375
7189.76953125
6874.50634765625
6641.92041015625
6441.14208984375
6249.59375
6058.302734375
5863.22216796875
5751.1220703125
5665.95654296875
5466.1220703125
5261.41650390625
5060.751953125
4872.9140625
4694.853515625
4522.56884765625
4355.37646484375
4196.0029296875
4044.537109375
3898.8427734375
3756.705322265625
3614.9599609375
3476.98974609375
3342.208984375
3211.938232421875
3086.25048828125
2970.98193359375
2867.40185546875
2772.893310546875
2685.302490234375
2601.9150390625
2522.204833984375
2443.510009765625
2364.779052734375
2285.701904296875
2206.958984375
2130.935791015625
2058.25048828125
1988.4830322265625
1921.4000244140625
1857.7325439453125
1798.0361328125
1739.3310546875
1681.67041015625
