2045.773193359375
2003.4039306640625
2086.629638671875
2074.468017578125
2113.1171875
2145.40234375
2145.938232421875
2161.900146484375
2171.449462890625
2165.625244140625
2169.572265625
2184.61962890625
2205.5263671875
2229.7841796875
2256.864990234375
2290.150146484375
2324.232421875
2358.3017578125
2393.2685546875
2432.708251953125
2476.05126953125
2530.8388671875
2592.3740234375
2671.025146484375
2766.375
2876.35595703125
3000.59619140625
3138.1435546875
3285.630615234375
3437.4375
3584.3046875
3723.595703125
135.4699249267578
119.55657196044922
116.45680236816406
116.9719009399414
117.40452575683594
117.7557601928711
2195.727294921875
2872.298828125
3323.29052734375
3645.50537109375
3913.400634765625
4174.23486328125
4443.64013671875
4727.42578125
5042.89306640625
5382.70703125
5731.96728515625
6078.619140625
6411.12548828125
6719.7548828125
7009.40771484375
7311.134765625
6999.62841796875
6698.36181640625
6444.365234375
6209.63818359375
5987.7685546875
5771.0966796875
5554.4580078125
5336.298828125
5120.8369140625
4912.88720703125
4720.23046875
4530.904296875
4343.7080078125
4165.4345703125
3988.312744140625
3811.4521484375
3650.280517578125
3508.224365234375
3378.063720703125
3315.594970703125
3253.884033203125
3139.400634765625
3033.807373046875
2933.218017578125
2834.958251953125
2738.58837890625
2641.925048828125
2547.12646484375
2456.69287109375
2369.294189453125
2289.0107421875
2216.7705078125
2141.621826171875
2058.961181640625
1971.1915283203125
1888.6160888671875
1802.9716796875
1707.02734375
1614.9117431640625
