2022.29833984375
2097.47119140625
2628.362548828125
3176.740478515625
3226.72705078125
3065.893310546875
2856.13232421875
2665.122314453125
2527.185302734375
2428.784912109375
2362.837646484375
2321.900634765625
2304.309326171875
2298.76123046875
2299.404541015625
2306.82275390625
2322.666259765625
2345.35107421875
2371.242919921875
2400.56982421875
2438.916748046875
2491.317138671875
2563.833251953125
2656.74951171875
2767.553955078125
2814.45458984375
2836.431640625
2876.78955078125
2930.172119140625
2992.052734375
3059.377685546875
3131.91650390625
104.63861083984375
104.50261688232422
106.55705261230469
108.01187896728516
109.4300765991211
110.59471130371094
2951.887451171875
3842.4931640625
4150.9853515625
4140.07421875
4084.23876953125
4049.497314453125
4041.825927734375
4061.479736328125
4105.64697265625
4163.90869140625
4229.41748046875
4264.29345703125
4309.4267578125
4406.8740234375
4504.39501953125
4615.30517578125
4719.8447265625
4818.28662109375
4920.2978515625
5022.9052734375
5127.5546875
5225.8486328125
5314.40869140625
5393.7822265625
5464.03076171875
5524.19677734375
5574.1025390625
5613.56640625
5642.81005859375
5661.947265625
5670.54931640625
5669.54638671875
5659.4541015625
5641.02197265625
5614.92041015625
5581.896484375
5542.54638671875
5497.78857421875
5448.0849609375
5393.5625
5334.35400390625
5270.80029296875
5203.25244140625
5132.3662109375
5058.4580078125
4981.94482421875
4903.3232421875
4823.02001953125
4741.55224609375
4659.15380859375
4576.03369140625
4492.54638671875
4409.24951171875
4326.4404296875
4244.77783203125
