2085.00830078125
2073.32861328125
2036.368408203125
2032.4434814453125
2052.64697265625
2048.15771484375
2050.792236328125
2048.1005859375
2042.7901611328125
2045.1490478515625
2047.11669921875
2046.51025390625
2045.894287109375
2051.624755859375
2059.19580078125
2063.210205078125
2065.964599609375
2072.283203125
2080.21435546875
2089.562255859375
2101.301513671875
2121.51416015625
2135.708984375
2157.00634765625
2171.238525390625
2184.326171875
2202.2431640625
2224.142822265625
2253.103271484375
2289.262451171875
2336.71826171875
2388.2763671875
125.7192611694336
126.92752075195312
128.6939239501953
128.432373046875
128.57594299316406
128.7504425048828
1915.6707763671875
2119.27587890625
2332.278564453125
2502.324462890625
2640.902587890625
2765.62353515625
2884.871337890625
3010.439697265625
3145.759033203125
3289.1640625
3440.431884765625
3608.2333984375
3793.110107421875
3990.729248046875
4197.041015625
4406.65234375
4614.1533203125
4820.224609375
5030.634765625
5253.03076171875
5492.07958984375
5755.0087890625
6046.50927734375
6333.16064453125
6618.7353515625
6887.68701171875
7141.458984375
7389.91259765625
7625.2353515625
7842.23486328125
8052.53857421875
8259.5888671875
8459.5947265625
8620.8212890625
8697.0205078125
8781.34375
8851.24609375
8952.4130859375
9032.1943359375
9077.37109375
9062.1748046875
9058.658203125
9041.3447265625
9012.232421875
8997.716796875
8982.8125
8967.53515625
8949.720703125
8643.8544921875
8273.9140625
7947.47119140625
7645.1826171875
7354.373046875
7094.537109375
