2072.128662109375
2044.407470703125
2010.2872314453125
1993.07421875
2091.261962890625
2072.900634765625
2064.510986328125
2060.418212890625
2126.63134765625
2177.7509765625
2221.032470703125
2262.30615234375
2306.040283203125
2354.84326171875
2412.42724609375
2475.4501953125
2560.528564453125
2670.450439453125
2804.828125
2963.394287109375
3142.747802734375
3338.5703125
3545.698974609375
3762.269287109375
3991.40380859375
4228.48681640625
4472.77197265625
4724.77001953125
4985.22607421875
5255.13720703125
5536.646484375
5829.75537109375
237.3142852783203
222.7819366455078
229.50152587890625
241.7115020751953
255.4691162109375
269.5465087890625
6425.572265625
6948.43505859375
7105.1376953125
7225.9765625
7392.017578125
7599.359375
7861.76025390625
8191.60009765625
8554.041015625
8945.6015625
9362.3232421875
9786.3046875
10088.146484375
9932.9296875
9800.27734375
9676.494140625
9542.83984375
9397.939453125
9241.2412109375
9071.9716796875
8891.26171875
8700.7685546875
8502.6005859375
8298.32421875
8088.056640625
7872.52880859375
7652.4560546875
7420.29931640625
7186.53662109375
6959.34814453125
6739.65283203125
6527.11865234375
6321.4951171875
6122.6513671875
5930.587890625
5744.95751953125
5565.47802734375
5391.0771484375
5221.11279296875
5054.86669921875
4892.11572265625
4732.412109375
4575.52734375
4421.4228515625
4270.41259765625
4122.39453125
3977.81298828125
3906.635009765625
3836.568359375
3700.629150390625
3568.818359375
3441.556396484375
3318.044677734375
3197.907958984375
3081.026611328125
