2033.7120361328125
2044.6280517578125
2203.84814453125
2325.42919921875
2378.287841796875
2372.328857421875
2357.566650390625
2318.24267578125
2298.315673828125
2286.67431640625
2287.496826171875
2302.478515625
2323.8544921875
2347.44384765625
2377.306884765625
2407.197021484375
2444.12060546875
2495.3671875
2565.056640625
2655.186767578125
2767.096435546875
2900.275146484375
3054.912841796875
3230.368408203125
3424.69384765625
3637.50732421875
3867.3173828125
4114.2783203125
4374.974609375
4654.88671875
4953.86865234375
5271.5322265625
171.1471405029297
150.63980102539062
153.28338623046875
161.92990112304688
168.34019470214844
172.9361114501953
5011.42529296875
6632.09375
6883.09716796875
6964.17919921875
7064.43701171875
7170.8779296875
7284.056640625
7405.07421875
7550.4873046875
7687.9072265625
7811.60205078125
7923.25390625
8022.8291015625
8107.8759765625
8173.34716796875
8216.3955078125
8236.2705078125
8234.193359375
8210.53125
8166.69580078125
8104.8564453125
8027.11669921875
7935.85302734375
7831.60546875
7714.466796875
7584.75634765625
7445.09375
7296.794921875
7141.4208984375
6980.3046875
6814.39013671875
6645.22216796875
6473.96484375
6301.615234375
6129.32373046875
5957.6884765625
5786.95703125
5617.87646484375
5450.962890625
5286.611328125
5124.72900390625
4964.43505859375
4810.55517578125
4662.88330078125
4520.837890625
4384.13916015625
4254.6630859375
4130.19970703125
4009.848876953125
3893.7412109375
3782.119873046875
3674.921142578125
3571.955078125
3472.91015625
