2054.337158203125
2020.14404296875
1990.37255859375
2096.48095703125
2069.34326171875
2050.197998046875
2042.3389892578125
2044.7916259765625
2060.168701171875
2113.35888671875
2129.849609375
2156.190673828125
2196.279052734375
2246.45703125
2301.3779296875
2368.128662109375
2459.4775390625
2574.8740234375
2716.3779296875
2884.559326171875
3077.447998046875
3293.3505859375
3532.4404296875
3800.804443359375
4100.060546875
4429.1591796875
4783.0546875
5154.37255859375
5546.70361328125
5968.96630859375
6417.8759765625
6896.82763671875
291.9206848144531
302.9830322265625
322.4328918457031
338.4806213378906
351.61712646484375
363.25933837890625
9182.966796875
10227.599609375
10729.5
10925.423828125
11017.69140625
11210.03125
11496.728515625
11879.5068359375
12362.61328125
12904.384765625
13489.853515625
14118.9404296875
14410.4765625
14354.6962890625
14314.521484375
14263.9189453125
14198.888671875
14120.724609375
14027.2353515625
13915.88671875
13856.8447265625
13784.7392578125
13632.7666015625
13461.037109375
13271.9150390625
13064.33203125
12840.521484375
12602.228515625
12349.734375
12088.6201171875
11828.962890625
11566.2568359375
11297.955078125
11026.01953125
10739.1474609375
10463.5283203125
10191.5068359375
9926.265625
9663.908203125
9413.87109375
9166.0986328125
8920.982421875
8679.193359375
8441.765625
8208.7919921875
7981.13427734375
7758.57861328125
7542.54541015625
7334.33935546875
7133.611328125
6940.18798828125
6752.9990234375
6571.9375
6396.60595703125
6227.0986328125
6063.20654296875
