2060.078125
2031.345947265625
1997.0091552734375
2062.35693359375
2048.751708984375
2054.534912109375
2078.9755859375
2097.127197265625
2116.435302734375
2141.780517578125
2176.352783203125
2202.010986328125
2225.06494140625
2247.102783203125
2271.04296875
2296.877197265625
2323.115478515625
2354.8291015625
2400.85693359375
2467.88623046875
2555.132080078125
2660.08984375
2782.392578125
2921.070556640625
3074.138427734375
3237.886962890625
3409.352783203125
3587.599365234375
3772.705078125
3962.837890625
4158.56396484375
4358.97705078125
139.05789184570312
141.74070739746094
152.34703063964844
161.56051635742188
168.3920440673828
173.06056213378906
4226.59423828125
4542.986328125
4763.6416015625
4997.36181640625
5135.1953125
5247.33251953125
5369.99169921875
5516.673828125
5690.5712890625
5894.72021484375
6140.72998046875
6403.05078125
6546.7822265625
6692.29296875
6987.15087890625
7304.31298828125
7653.0185546875
8012.4677734375
8360.935546875
8713.626953125
9058.392578125
9399.7138671875
9519.5654296875
9454.15234375
9397.662109375
9340.015625
9277.5673828125
9206.060546875
9124.3779296875
9033.654296875
8934.509765625
8826.7236328125
8712.931640625
8594.865234375
8470.30859375
8340.0830078125
8204.6181640625
8064.8505859375
7921.578125
7775.11474609375
7625.92724609375
7474.47998046875
7321.05419921875
7165.666015625
7017.05224609375
6869.52978515625
6727.8505859375
6590.783203125
6456.9541015625
6325.82861328125
6197.44970703125
6071.2900390625
5947.2412109375
5825.23193359375
5705.845703125
5589.15185546875
