2079.971923828125
2056.478759765625
2030.2679443359375
2010.200439453125
2000.0152587890625
2008.53173828125
2020.3980712890625
2029.4527587890625
2054.77783203125
2107.029541015625
2135.645751953125
2159.784423828125
2181.05615234375
2208.148681640625
2247.427734375
2294.58544921875
2347.9189453125
2410.416015625
2490.62646484375
2589.104248046875
2703.671875
2829.64111328125
2966.365234375
3114.023193359375
3270.215576171875
3432.899169921875
3601.705078125
3777.3857421875
3962.957763671875
4158.837890625
4365.912109375
4583.099609375
203.49534606933594
208.8037567138672
214.75404357910156
219.83250427246094
224.18807983398438
227.9771270751953
4635.1240234375
5206.7568359375
5505.65087890625
5719.80810546875
5937.7119140625
6184.853515625
6473.498046875
6794.7333984375
7186.89697265625
7599.27099609375
8030.33203125
8535.724609375
9016.15625
9510.935546875
10008.140625
10490.0634765625
10959.6552734375
11415.533203125
11856.6982421875
12275.302734375
12677.7333984375
13068.845703125
13454.1982421875
13835.0703125
14209.0439453125
14576.9130859375
14940.5703125
15300.189453125
15654.7060546875
16001.779296875
16341.21875
16672.03515625
16986.697265625
17286.0078125
17573.201171875
17831.634765625
18057.84765625
18244.740234375
18414.6796875
18543.66796875
18658.1953125
18302.419921875
17489.708984375
16827.5
16212.7470703125
15626.6572265625
15063.7978515625
14523.9091796875
14002.46484375
13498.3251953125
13010.951171875
12539.5166015625
12083.3974609375
11642.3916015625
