2082.0693359375
2055.467529296875
2016.2442626953125
1998.0718994140625
2043.65380859375
2060.2529296875
2087.292236328125
2097.044677734375
2114.70166015625
2124.282470703125
2137.531494140625
2160.939697265625
2186.0615234375
2205.588134765625
2222.45947265625
2238.322021484375
2248.282470703125
2252.859130859375
2255.227783203125
2259.26611328125
2268.91552734375
2284.443603515625
2308.574951171875
2348.307861328125
2403.029541015625
2467.2001953125
2535.07470703125
2608.0927734375
2689.44970703125
2779.57080078125
2877.61328125
2983.4599609375
120.21483612060547
122.53610229492188
123.73357391357422
124.22830963134766
124.57273864746094
124.8415756225586
2161.00830078125
2527.750244140625
2746.802001953125
3012.630859375
3197.138671875
3360.955078125
3526.433837890625
3697.822265625
3872.257080078125
4048.984130859375
4227.2646484375
4406.85693359375
4497.310546875
4587.97119140625
4766.8115234375
4942.90478515625
5118.0673828125
5291.72705078125
5464.34814453125
5641.6337890625
5824.93896484375
6023.6982421875
6227.3642578125
6438.39990234375
6663.966796875
6871.10302734375
7076.5595703125
7275.203125
7453.544921875
7614.4169921875
7761.90185546875
7898.984375
8031.3154296875
8160.21630859375
8280.4375
8401.5927734375
8511.8623046875
8607.4462890625
8695.068359375
8768.9453125
8825.6337890625
8866.728515625
8872.478515625
8853.8212890625
8827.53125
8806.5537109375
8623.1796875
8363.564453125
8129.07958984375
7910.3876953125
7700.60693359375
7497.82421875
7298.7451171875
7101.50537109375
6908.5634765625
6721.55126953125
