2070.6455078125
2041.7081298828125
2000.418212890625
2026.1025390625
2050.561767578125
2077.172607421875
2078.19775390625
2079.033447265625
2091.24755859375
2102.843994140625
2117.335693359375
2135.97314453125
2153.32958984375
2166.04296875
2181.678466796875
2196.343994140625
2208.983154296875
2221.565673828125
2234.973388671875
2250.53271484375
2269.44775390625
2295.107666015625
2333.40185546875
2384.43603515625
2442.95703125
2506.6376953125
2576.434814453125
2655.445068359375
2744.61767578125
2842.8056640625
2948.940673828125
3059.386962890625
120.33321380615234
122.26323699951172
123.31118774414062
124.01737976074219
124.4956283569336
124.82882690429688
2136.578369140625
2628.455322265625
2924.61279296875
3149.23681640625
3355.899169921875
3561.5751953125
3769.90869140625
3979.351806640625
4190.79736328125
4405.18408203125
4621.708984375
4843.10498046875
5072.5048828125
5302.54931640625
5535.4033203125
5756.10009765625
5976.62451171875
6206.12939453125
6440.4931640625
6677.849609375
6920.10546875
7133.65625
7328.283203125
7516.4443359375
7697.322265625
7867.27099609375
8027.7744140625
8178.60302734375
8320.9892578125
8442.681640625
8536.3916015625
8611.3876953125
8671.15625
8719.068359375
8755.84375
8783.072265625
8806.646484375
8831.7548828125
8849.4970703125
8863.75
8876.908203125
8891.4423828125
8903.0048828125
8896.4658203125
8874.7255859375
8847.228515625
8820.2021484375
8797.0625
8683.0146484375
8361.0078125
8088.5166015625
7841.5107421875
7609.7646484375
7391.34130859375
