2064.359375
2020.767822265625
2001.2796630859375
2111.647705078125
2075.06982421875
2052.914794921875
2044.7991943359375
2038.517822265625
2031.2939453125
2044.3978271484375
2055.48095703125
2072.674072265625
2080.662109375
2084.62353515625
2107.3984375
2141.179443359375
2171.801513671875
2197.1943359375
2222.53369140625
2253.99169921875
2293.805908203125
2345.939208984375
2416.7080078125
2505.65576171875
2606.027587890625
2715.230712890625
2833.87939453125
2961.43115234375
3096.606201171875
3237.762939453125
3382.061767578125
3530.122802734375
116.60184478759766
118.89378356933594
119.8442611694336
120.36105346679688
120.76901245117188
121.14739990234375
2726.0244140625
3017.91064453125
3138.435302734375
3301.233642578125
3509.489990234375
3755.8427734375
4049.309814453125
4369.58056640625
4708.83984375
5029.45654296875
4997.9912109375
4897.14990234375
4792.51904296875
4679.93798828125
4558.02587890625
4431.564453125
4301.60302734375
4166.5439453125
4024.08740234375
3880.268798828125
3760.577880859375
3643.1787109375
3524.0400390625
3407.167724609375
3284.947509765625
3146.851318359375
2995.51123046875
2835.2958984375
2671.80615234375
2509.58984375
2356.77978515625
2224.05859375
2093.587890625
1965.6075439453125
1841.3753662109375
1721.2005615234375
1607.16650390625
1502.9512939453125
1407.3236083984375
1332.9505615234375
1273.613037109375
1219.654296875
1168.8065185546875
1120.198486328125
1072.7176513671875
1026.553466796875
981.3499145507812
948.8652954101562
922.3363037109375
898.992431640625
879.388427734375
860.9134521484375
842.687744140625
824.6815795898438
