1999.25
2694.259033203125
3093.7939453125
2893.3837890625
2708.795166015625
2626.96142578125
2593.3994140625
2569.08935546875
2547.619140625
2532.3603515625
2518.130126953125
2453.55615234375
2400.99169921875
2367.17236328125
2341.61572265625
2318.7314453125
2296.372802734375
2274.006103515625
2255.10595703125
2242.449951171875
2234.546875
2233.148681640625
2238.012451171875
2252.161865234375
2275.0654296875
2309.085693359375
2351.19189453125
2401.005859375
2453.5947265625
2508.003173828125
2563.115478515625
2614.917724609375
93.44767761230469
89.11341857910156
92.21887969970703
94.0999526977539
95.52837371826172
96.4499282836914
2584.64697265625
3098.920654296875
2888.9921875
2752.705322265625
2730.14697265625
2732.73681640625
2747.43408203125
2759.52490234375
2763.61328125
2759.724609375
2748.630126953125
2735.19677734375
2724.875732421875
2704.730712890625
2680.602783203125
2648.417236328125
2602.44140625
2541.609375
2474.462890625
2405.70947265625
2347.046142578125
2280.3896484375
2212.551513671875
2144.742431640625
2069.438232421875
1992.0284423828125
1915.7796630859375
1841.825927734375
1769.20849609375
1697.39794921875
1627.3436279296875
1559.863037109375
1496.0546875
1433.779541015625
1371.813720703125
1310.31103515625
1251.047607421875
1194.354248046875
1139.9146728515625
1086.5262451171875
1034.23046875
984.5338745117188
939.5517578125
899.4813842773438
862.8890991210938
828.7811889648438
796.314697265625
764.181884765625
732.2322387695312
701.0758056640625
671.0944213867188
642.36669921875
614.96630859375
589.2753295898438
565.770751953125
