2073.819580078125
2044.4774169921875
2014.73876953125
1991.599853515625
2064.853515625
2073.93994140625
2057.8408203125
2052.811279296875
2048.71533203125
2083.366455078125
2125.667236328125
2155.878173828125
2202.856689453125
2240.638916015625
2271.619384765625
2303.127685546875
2342.454833984375
2393.82763671875
2451.44775390625
2517.635009765625
2594.5009765625
2683.246826171875
2783.12890625
2894.12060546875
3016.1337890625
3149.62255859375
3292.5078125
3441.91552734375
3596.953857421875
3758.2890625
3928.335693359375
4105.07177734375
132.58169555664062
130.74844360351562
132.1612091064453
134.1217041015625
135.94912719726562
137.51393127441406
3808.244384765625
4276.1015625
4513.94970703125
4686.58984375
4840.9111328125
4993.962890625
5153.57958984375
5321.0947265625
5503.37109375
5699.580078125
5905.9912109375
6123.89404296875
6365.6484375
6623.115234375
6900.0205078125
7197.642578125
7526.822265625
7886.7412109375
8223.892578125
8550.7119140625
8868.1953125
9183.265625
9495.142578125
9801.513671875
9888.6484375
9754.537109375
9629.3671875
9503.07421875
9372.3427734375
9236.232421875
9094.5654296875
8946.3466796875
8791.0400390625
8628.5517578125
8459.7490234375
8285.705078125
8108.0107421875
7928.13623046875
7747.8330078125
7568.68603515625
7391.5986328125
7215.33837890625
7040.44140625
6866.197265625
6692.62451171875
6520.7841796875
6350.4326171875
6181.5048828125
6014.19921875
5848.60009765625
5684.80908203125
5526.34033203125
5373.12451171875
5224.87353515625
