2013.24365234375
2753.855712890625
3192.83349609375
2727.07763671875
2463.23681640625
2354.308837890625
2300.6640625
2268.02197265625
2245.19140625
2235.76904296875
2235.453857421875
2238.451416015625
2241.553955078125
2243.9931640625
2245.43212890625
2247.65234375
2253.0185546875
2260.0576171875
2266.770263671875
2272.758544921875
2281.561279296875
2291.425048828125
2303.291015625
2298.150634765625
2271.52783203125
2258.8662109375
2253.84814453125
2255.487548828125
2271.5966796875
2298.9375
2332.598876953125
2371.6845703125
94.13575744628906
86.6565170288086
86.57936096191406
86.69573974609375
87.224365234375
87.86869049072266
1381.029052734375
2543.418701171875
2682.981689453125
2619.23876953125
2640.77001953125
2677.819580078125
2712.60546875
2745.698486328125
2778.545166015625
2810.52197265625
2840.7041015625
2868.474609375
2893.41455078125
2915.01806640625
2939.328857421875
2958.521728515625
2972.943359375
2985.265380859375
2993.253173828125
2997.70458984375
2997.909912109375
2997.74267578125
2992.491943359375
2983.23779296875
2977.747802734375
2974.404296875
2964.638671875
2948.11083984375
2924.762451171875
2890.80078125
2852.888427734375
2810.9423828125
2763.6123046875
2710.39453125
2651.28173828125
2588.977294921875
2525.80615234375
2463.02392578125
2400.57177734375
2338.3994140625
2277.279296875
2217.567138671875
2159.015625
2101.512939453125
2045.5450439453125
1991.5982666015625
1939.6854248046875
1889.2608642578125
1839.4102783203125
1791.684814453125
1745.473388671875
1701.2088623046875
1657.739990234375
1615.5823974609375
