1500.0
1500.0
1500.0
1500.0
1500.0
1500.0
1500.0
1500.0
1500.0
1500.0
1500.0
1500.0
1500.0
1500.0
1500.0
1500.0
1500.0
1500.0
1500.0
1500.0
1500.0
1500.0
1500.0
1500.0
1500.0
1500.0
1500.0
1500.0
1500.0
1500.0
1500.0
1500.0
100.0
100.0
100.0
100.0
100.0
100.0
1500.0
1500.0
1500.0
1500.0
1500.0
1500.0
1500.0
1500.0
1500.0
1500.0
1500.0
1500.0
1500.0
1500.0
1500.0
1500.0
1500.0
1500.0
1500.0
1500.0
1500.0
1499.9998779296875
1499.9998779296875
1499.9998779296875
1500.0
1500.0
1500.0
1500.0
1500.0
1500.0
1468.5211181640625
1395.87548828125
1330.5555419921875
1268.21337890625
1209.5982666015625
1153.997802734375
1101.355712890625
1051.576904296875
1005.3443603515625
962.4443359375
922.4166870117188
884.9981079101562
850.0037231445312
817.1441040039062
786.4335327148438
757.287841796875
729.7687377929688
704.2206420898438
680.2269287109375
657.7337036132812
636.5276489257812
616.740478515625
598.2754516601562
581.1204833984375
565.0635986328125
