1499.9998779296875
1500.0
1500.0
1500.0
1500.0
1500.0
1500.0
1500.0
1500.0
1500.0
1500.0
1500.0
1500.0
1500.0
1500.0
1500.0
1500.0
1500.0
1500.0
1500.0
1500.0
1500.0
1500.0
1500.0
1500.0
1500.0
1500.0
1500.0
1500.0
1500.0
1500.0
1500.0
100.0
100.0
100.0
100.0
100.0
100.0
1500.0
1500.0
1500.0
1500.0
1500.0
1500.0
1500.0
1500.0
1500.0
1500.0
1500.0
1466.812744140625
1399.1329345703125
1336.6226806640625
1306.30126953125
1276.020263671875
1216.385986328125
1158.7962646484375
1103.2999267578125
1050.1724853515625
999.6173706054688
948.8460693359375
899.5004272460938
852.3817749023438
806.1132202148438
763.00048828125
722.1028442382812
683.5396728515625
647.0670166015625
612.7418212890625
580.7860107421875
551.4334716796875
524.5980834960938
499.8924255371094
477.0599060058594
455.8890686035156
436.27728271484375
418.1940612792969
401.83673095703125
387.0275573730469
373.5184020996094
361.1770935058594
349.8805236816406
339.509765625
329.99261474609375
321.2622985839844
313.1990051269531
305.7616271972656
298.8935852050781
292.57489013671875
286.7532653808594
281.33941650390625
276.4016418457031
271.3125305175781
266.11297607421875
