1500.0
1500.0
1500.0
1499.759765625
1500.0
1500.0
1500.0
1500.0
1500.0
1500.0
1500.0
1500.0
1500.0
1500.0
1500.0
1500.0
1500.0
1500.0
1500.0
1500.0
1500.0
1500.0
1500.0
1500.0
1500.0
1500.0
1500.0
1500.0
1500.0
1500.0
1500.0
1500.0
100.0
100.0
100.0
100.0
100.0
100.0
1500.0
1500.0
1500.0
1500.0
1500.0
1500.0
1500.0
1500.0
1500.0
1500.0
1500.0
1500.0
1500.0
1500.0
1500.0
1500.0
1500.0
1500.0
1500.0
1500.0
1471.8062744140625
1415.3780517578125
1359.5986328125
1303.5560302734375
1248.1060791015625
1194.42333984375
1142.0718994140625
1090.1832275390625
1039.7855224609375
991.8509521484375
946.5508422851562
903.908203125
862.879638671875
824.4902954101562
787.798095703125
749.7756958007812
709.1602783203125
670.3788452148438
637.63623046875
608.6820678710938
572.8860473632812
540.7398681640625
526.5934448242188
513.64453125
490.7883605957031
469.5044250488281
448.42059326171875
427.1182861328125
408.13421630859375
390.9450378417969
373.55047607421875
356.2876892089844
339.9147644042969
327.3638610839844
316.6948547363281
305.62725830078125
