0.4796048700809479
0.51255202293396
0.6582149267196655
0.9455398917198181
1.0177018642425537
1.0259065628051758
1.0309815406799316
1.0389400720596313
1.0478636026382446
1.0582412481307983
1.0704132318496704
1.0849100351333618
1.1020855903625488
1.1236076354980469
1.1374512910842896
1.153324842453003
1.1706541776657104
1.1900233030319214
1.210869550704956
1.2304729223251343
1.2502336502075195
1.278349757194519
1.3150652647018433
1.3550082445144653
1.3961175680160522
1.444521427154541
1.4995887279510498
1.5627388954162598
1.6348772048950195
1.7306692600250244
1.8520358800888062
2.0031938552856445
0.03312362730503082
0.032973356544971466
0.0329253263771534
0.03288963809609413
0.0328596867620945
0.032833367586135864
0.7087019681930542
1.4615588188171387
2.0165393352508545
2.012812614440918
2.022043228149414
2.068979263305664
2.1459641456604004
2.215062379837036
14.037683486938477
22.808631896972656
29.118520736694336
34.163177490234375
39.79462814331055
46.23060607910156
52.936527252197266
59.70040512084961
66.74663543701172
73.57826232910156
80.029296875
86.09146118164062
91.85930633544922
97.3297119140625
102.39340209960938
107.03927612304688
111.3930435180664
115.92105865478516
119.84486389160156
123.0932388305664
125.6815414428711
127.711669921875
129.32574462890625
130.6368408203125
132.06817626953125
133.4857940673828
134.8395233154297
136.03826904296875
137.08592224121094
138.1592559814453
139.36199951171875
140.30770874023438
140.78224182128906
140.98385620117188
141.06149291992188
141.07144165039062
141.0413360595703
140.99330139160156
140.92938232421875
140.82589721679688
140.67825317382812
140.5150146484375
140.34815979003906
140.18716430664062
140.04542541503906
139.91940307617188
