1499.99951171875
1500.0
1500.0
1499.9998779296875
1500.0
1500.0
1500.0
1500.0
1500.0
1500.0
1500.0
1500.0
1500.0
1500.0
1500.0
1500.0
1500.0
1500.0
1500.0
1500.0
1500.0
1500.0
1500.0
1500.0
1500.0
1500.0
1500.0
1500.0
1500.0
1500.0
1500.0
1500.0
99.99999237060547
100.0
100.0
100.0
100.0
100.0
1500.0
1500.0
1500.0
1500.0
1500.0
1500.0
1500.0
1500.0
1500.0
1500.0
1500.0
1500.0
1500.0
1500.0
1500.0
1500.0
1500.0
1500.0
1500.0
1500.0
1500.0
1500.0
1500.0
1499.9998779296875
1500.0
1500.0
1500.0
1500.0
1500.0
1500.0
1500.0
1500.0
1412.8619384765625
1368.1502685546875
1324.14453125
1279.171142578125
1231.260498046875
1177.702880859375
1120.616455078125
1060.1180419921875
1011.8629150390625
978.6130981445312
942.9075927734375
906.3648071289062
868.0324096679688
832.0542602539062
810.880859375
788.597412109375
754.8301391601562
728.2295532226562
707.6271362304688
688.3880004882812
669.6396484375
651.1486206054688
