0.03707068786025047
0.039341315627098083
0.04375874251127243
0.04845353960990906
0.050483591854572296
0.050967782735824585
0.05119450017809868
0.051434893161058426
0.05162085220217705
0.05183763429522514
0.05199698358774185
0.0521915964782238
0.05242040008306503
0.05272594466805458
0.05305689200758934
0.053364768624305725
0.053688179701566696
0.054055240005254745
0.05448666960000992
0.05501413717865944
0.05569547042250633
0.056499507278203964
0.05736919492483139
0.05827915668487549
0.05921583250164986
0.06017003953456879
0.06113513931632042
0.06210813298821449
0.06308730691671371
0.06409705430269241
0.06512873619794846
0.0661722868680954
0.0038946769200265408
0.0037073821295052767
0.0036760764196515083
0.0036697646137326956
0.003666552249342203
0.0036622078623622656
0.062429029494524
0.06350313872098923
0.06409550458192825
0.06531736254692078
0.06673983484506607
0.06832921504974365
0.07003866881132126
0.07185668498277664
0.07380080223083496
0.07575897127389908
0.07778606563806534
0.07992491126060486
0.08166714012622833
0.08342195302248001
0.08517914265394211
0.08693563938140869
0.08866307884454727
0.09018397331237793
0.09129517525434494
0.09221750497817993
0.09306319802999496
0.09387855976819992
0.09457213431596756
0.09510870277881622
0.09554337710142136
0.09591970592737198
0.096285879611969
0.09669432044029236
0.09721734374761581
0.09797541052103043
0.09937021881341934
0.10048005729913712
0.10081571340560913
0.10087808221578598
0.10090392082929611
0.10127317905426025
0.10305359214544296
0.10636404901742935
0.11222951114177704
0.11397838592529297
0.10905250906944275
0.10569285601377487
0.10356471687555313
0.10190805792808533
0.10056628286838531
0.1035064235329628
0.18226969242095947
0.3103542625904083
0.4847828447818756
0.6816977858543396
11.980157852172852
15.126211166381836
17.383220672607422
19.906858444213867
21.421201705932617
22.652929306030273
