2085.0
2068.349609375
2037.2926025390625
2012.486328125
2028.44287109375
2094.308837890625
2081.04150390625
2072.3486328125
2066.427490234375
2061.656005859375
2057.94482421875
2056.82080078125
2056.935302734375
2061.391845703125
2062.65478515625
2065.251708984375
2073.279052734375
2072.173583984375
2019.5223388671875
1978.8043212890625
1958.6817626953125
1938.888916015625
1918.211181640625
1897.0323486328125
1874.968505859375
1851.4573974609375
1828.2828369140625
1806.4693603515625
1786.40478515625
1768.2723388671875
1757.0728759765625
1746.5009765625
120.3697280883789
120.69253540039062
121.18252563476562
121.58013916015625
121.91529083251953
122.21491241455078
1771.61181640625
1783.2801513671875
1775.6556396484375
1761.3306884765625
1743.5325927734375
1730.597900390625
1719.9234619140625
1710.10791015625
1701.049560546875
1693.615478515625
1689.411865234375
1688.1337890625
1688.2864990234375
1689.674072265625
1690.977294921875
1691.1827392578125
1695.9195556640625
1704.2877197265625
1710.237060546875
1715.291748046875
1720.646484375
1752.15234375
1790.9129638671875
1830.1943359375
1870.0653076171875
1910.1583251953125
1948.229248046875
1982.341552734375
2011.534423828125
2035.31640625
2055.9560546875
2076.9248046875
2101.13232421875
2128.3046875
2156.714111328125
2184.557373046875
2210.72216796875
2234.40234375
2254.4287109375
2270.405029296875
2282.3837890625
2290.49609375
2295.674072265625
2298.69921875
2300.68310546875
2302.58203125
2304.473876953125
2306.10205078125
2306.83984375
2306.32275390625
2304.1787109375
2300.349609375
2294.631591796875
2287.20654296875
