2066.167724609375
2029.4027099609375
1988.8974609375
2078.3984375
2094.40087890625
2094.494140625
2109.673095703125
2149.12353515625
2174.7783203125
2201.38232421875
2208.251220703125
2207.8212890625
2209.617919921875
2211.3818359375
2213.025146484375
2216.779052734375
2223.979736328125
2235.032958984375
2248.68994140625
2267.2568359375
2287.02099609375
2316.47509765625
2352.761962890625
2397.489013671875
2454.046630859375
2516.87109375
2589.28125
2671.845947265625
2763.1025390625
2862.0048828125
2967.450439453125
3078.39501953125
117.31598663330078
120.2660140991211
121.6534194946289
122.5126953125
123.12042999267578
123.5679931640625
2240.03857421875
2653.272216796875
2928.068603515625
3155.958740234375
3357.187255859375
3541.6044921875
3714.5029296875
3880.891357421875
4045.7265625
4209.2421875
4371.7451171875
4534.51025390625
4697.912109375
4882.18408203125
5064.38232421875
5248.85693359375
5443.96435546875
5638.38330078125
5827.0869140625
6019.25
6197.728515625
6357.1376953125
6487.30712890625
6603.53466796875
6710.64501953125
6792.7314453125
6862.3193359375
6917.884765625
6954.64111328125
6985.482421875
7007.45068359375
7016.77978515625
7018.04736328125
7030.734375
7053.37841796875
6869.298828125
6538.14599609375
6243.80029296875
5979.16259765625
5735.49853515625
5502.30078125
5283.9677734375
5083.85205078125
4894.0732421875
4711.01318359375
4537.9296875
4370.8076171875
4177.78271484375
3975.7451171875
3763.78125
3546.6005859375
3330.357666015625
3163.83056640625
3038.18017578125
