1499.9991455078125
1500.0
1500.0
1500.0
1500.0
1500.0
1500.0
1500.0
1500.0
1500.0
1500.0
1500.0
1500.0
1500.0
1500.0
1500.0
1500.0
1500.0
1500.0
1500.0
1500.0
1500.0
1500.0
1500.0
1499.9998779296875
1500.0
1500.0
1500.0
1500.0
1500.0
1500.0
1500.0
100.00000762939453
100.0
100.0
100.0
100.0
100.0
1500.0
1500.0
1500.0
1500.0
1500.0
1500.0
1500.0
1500.0
1500.0
1500.0
1500.0
1500.0
1500.0
1500.0
1500.0
1500.0
1500.0
1500.0
1500.0
1500.0
1472.464599609375
1403.7469482421875
1340.6243896484375
1280.6993408203125
1223.308837890625
1167.8033447265625
1114.6021728515625
1063.76806640625
1015.1395263671875
968.7055053710938
924.7976684570312
883.0084228515625
843.1390991210938
805.6400146484375
774.693603515625
747.3846435546875
722.4481201171875
699.2100219726562
677.1296997070312
656.0912475585938
636.1265258789062
617.1875610351562
599.2478637695312
582.1431274414062
565.6643676757812
549.7860717773438
534.7113647460938
520.5966796875
507.44085693359375
494.8389892578125
482.5816345214844
470.6961669921875
459.20916748046875
448.2381591796875
437.85125732421875
