1499.9996337890625
1499.999755859375
1121.750244140625
978.58984375
941.81982421875
915.7484130859375
891.8079223632812
869.6932983398438
849.4838256835938
826.015869140625
807.201171875
792.3174438476562
778.3553466796875
763.9547729492188
749.4022827148438
734.1974487304688
718.78173828125
704.662841796875
691.6095581054688
678.3139038085938
663.56591796875
647.9646606445312
632.4779663085938
617.3275756835938
602.3251953125
587.14306640625
571.6539916992188
556.9583740234375
544.34375
533.4472045898438
522.557373046875
510.89739990234375
100.0
99.9985122680664
100.0
100.0
100.0
100.0
821.2637329101562
597.1103515625
513.826171875
462.5310363769531
435.5645751953125
420.4264831542969
409.3717041015625
399.7900390625
390.7984924316406
384.6996154785156
377.8466491699219
370.6549072265625
363.73748779296875
356.5316162109375
349.1457824707031
341.67279052734375
334.1401062011719
326.5938720703125
319.11981201171875
312.1388244628906
305.8112487792969
299.7288513183594
293.6918640136719
287.6386413574219
281.5284729003906
275.3756408691406
269.21539306640625
263.138916015625
257.1611328125
251.2391357421875
245.35911560058594
239.523193359375
233.75413513183594
228.018798828125
222.36837768554688
216.82261657714844
211.39527893066406
206.08631896972656
200.9031982421875
195.84368896484375
190.91690063476562
186.1290740966797
181.6031494140625
177.30545043945312
173.1020050048828
169.01083374023438
165.04083251953125
161.1898956298828
157.46319580078125
153.8616180419922
150.37950134277344
147.0361328125
143.80841064453125
140.6837615966797
