1499.9869384765625
1500.0
1500.0
1500.0
1500.0
1500.0
1500.0
1500.0
1500.0
1500.0
1500.0
1500.0
1500.0
1500.0
1500.0
1500.0
1500.0
1500.0
1500.0
1500.0
1500.0
1500.0
1500.0
1500.0
1500.0
1500.0
1500.0
1500.0
1500.0
1500.0
1500.0
1500.0
100.0
100.0
100.0
100.0
100.0
100.0
1500.0
1500.0
1500.0
1500.0
1500.0
1500.0
1500.0
1500.0
1500.0
1500.0
1500.0
1500.0
1500.0
1500.0
1500.0
1500.0
1500.0
1500.0
1500.0
1500.0
1500.0
1500.0
1500.0
1500.0
1500.0
1500.0
1500.0
1500.0
1473.153564453125
1408.8289794921875
1350.2540283203125
1295.0045166015625
1242.4039306640625
1192.24658203125
1144.5518798828125
1099.30126953125
1056.0849609375
1015.248291015625
976.529541015625
939.8886108398438
905.3821411132812
872.9345092773438
842.4019165039062
813.662109375
786.589111328125
761.172119140625
737.4805908203125
715.4492797851562
694.958984375
675.8153076171875
657.8950805664062
641.1685180664062
625.46923828125
610.6905517578125
596.6865234375
583.3096313476562
