1499.9991455078125
1500.0
1500.0
1500.0
1500.0
1500.0
1500.0
1500.0
1500.0
1500.0
1500.0
1500.0
1500.0
1500.0
1500.0
1500.0
1500.0
1500.0
1500.0
1500.0
1500.0
1500.0
1500.0
1500.0
1500.0
1500.0
1500.0
1500.0
1500.0
1500.0
1500.0
1500.0
100.0000991821289
100.0
100.0
100.0
100.0
100.0
1500.0
1500.0
1500.0
1500.0
1500.0
1500.0
1500.0
1500.0
1500.0
1500.0
1500.0
1500.0
1500.0
1500.0
1500.0
1500.0
1500.0
1500.0
1500.0
1500.0
1484.011474609375
1416.283203125
1354.3797607421875
1295.953125
1239.3905029296875
1184.778076171875
1132.1622314453125
1081.776123046875
1033.5167236328125
987.49462890625
943.6820678710938
902.0159301757812
862.3242797851562
824.425537109375
790.6397705078125
762.2350463867188
736.64306640625
712.5774536132812
689.7559814453125
668.0701293945312
647.7041015625
628.5675048828125
610.4662475585938
593.32470703125
577.0292358398438
561.3861694335938
546.2816772460938
531.7171020507812
517.9417114257812
505.15802001953125
493.10382080078125
481.5138854980469
470.11761474609375
458.87872314453125
