1390.322021484375
1075.9779052734375
856.97509765625
729.80615234375
672.00537109375
652.2697143554688
638.964111328125
626.1102905273438
613.400390625
600.6881103515625
588.1658935546875
575.5755004882812
562.90234375
550.3880004882812
538.6141967773438
526.7927856445312
514.6402587890625
502.4765625
488.507080078125
474.55181884765625
460.83843994140625
447.3682861328125
433.8482666015625
420.045166015625
405.93121337890625
391.53875732421875
377.0444030761719
362.4781494140625
347.93707275390625
336.2344055175781
324.80633544921875
313.5440368652344
100.0
100.0
100.0
100.0
100.0
100.0
412.5382995605469
300.9465637207031
283.6240539550781
274.2304992675781
266.54217529296875
260.8570861816406
257.1427001953125
254.38925170898438
251.97589111328125
249.70228576660156
247.39434814453125
245.0186767578125
242.57574462890625
240.0637664794922
237.43975830078125
234.7266387939453
231.93858337402344
229.05690002441406
226.0909423828125
223.1630401611328
220.28453063964844
217.37057495117188
214.473876953125
211.56251525878906
208.6402587890625
205.71377563476562
202.81211853027344
199.88148498535156
196.8603973388672
193.7410125732422
190.5138397216797
187.2041473388672
183.87828063964844
180.55084228515625
177.2750701904297
173.9138946533203
170.44338989257812
166.90420532226562
163.33778381347656
159.7657470703125
156.2099151611328
152.7169647216797
149.3118133544922
145.97833251953125
142.69818115234375
139.45068359375
136.24952697753906
133.2279052734375
130.23829650878906
127.30647277832031
124.42908477783203
121.61962890625
118.89252471923828
116.24752807617188
