1500.0
1499.873291015625
1499.9996337890625
1500.0
1500.0
1500.0
1500.0
1500.0
1500.0
1500.0
1500.0
1500.0
1500.0
1500.0
1500.0
1500.0
1500.0
1500.0
1500.0
1500.0
1500.0
1500.0
1489.2254638671875
1478.3331298828125
1467.3101806640625
1455.2742919921875
1441.9771728515625
1427.25830078125
1410.7796630859375
1392.2745361328125
1371.833740234375
1349.7188720703125
99.95496368408203
100.0
100.0
100.0
100.0
100.0
1500.0
1500.0
1424.218017578125
1338.2222900390625
1283.7132568359375
1239.0406494140625
1200.675048828125
1166.53515625
1134.8336181640625
1104.504150390625
1074.97509765625
1045.8990478515625
1016.22412109375
987.1041870117188
959.47216796875
932.2586059570312
905.2265625
878.3731689453125
851.6815795898438
825.0227661132812
798.2359008789062
770.95361328125
743.6104125976562
716.349609375
690.01708984375
662.5969848632812
637.4188232421875
613.7911987304688
590.1498413085938
567.1026000976562
545.4005126953125
524.6801147460938
504.3542175292969
485.22772216796875
467.3943176269531
450.0394592285156
433.37542724609375
417.3190002441406
401.8231201171875
386.7588195800781
372.2340087890625
358.3343505859375
345.1883544921875
332.8643798828125
321.3147277832031
310.4489440917969
300.18292236328125
290.4570617675781
281.2030944824219
272.3763427734375
263.9825134277344
256.00836181640625
248.38107299804688
241.2983856201172
