1499.9993896484375
1499.9998779296875
1500.0
1500.0
1500.0
1500.0
1500.0
1500.0
1500.0
1500.0
1500.0
1500.0
1499.9910888671875
1500.0
1499.986328125
1500.0
1500.0
1500.0
1500.0
1500.0
1500.0
1500.0
1500.0
1500.0
1500.0
1500.0
1500.0
1500.0
1500.0
1500.0
1500.0
1500.0
100.00020599365234
100.0
100.0
100.0
100.0
100.0
1499.7227783203125
1500.0
1500.0
1500.0
1500.0
1500.0
1500.0
1500.0
1500.0
1500.0
1500.0
1500.0
1500.0
1500.0
1500.0
1500.0
1500.0
1500.0
1500.0
1500.0
1500.0
1500.0
1482.3519287109375
1430.276123046875
1380.7003173828125
1332.358642578125
1285.2410888671875
1239.69091796875
1195.6202392578125
1152.9549560546875
1111.6859130859375
1071.753662109375
1033.1231689453125
995.8359375
959.9201049804688
925.576171875
892.7968139648438
861.4092407226562
831.3654174804688
802.5596923828125
774.9446411132812
748.3092041015625
722.7567138671875
698.2084350585938
674.5662841796875
651.7474975585938
629.7068481445312
608.39404296875
587.824462890625
568.3040771484375
549.7262573242188
531.6876220703125
514.1071166992188
497.5946044921875
