1500.0
1329.6087646484375
1095.3994140625
1027.106689453125
1012.38623046875
1004.166259765625
994.0067749023438
982.0143432617188
970.8703002929688
960.423583984375
949.7313232421875
939.2582397460938
929.2653198242188
919.767333984375
910.4486694335938
900.9542846679688
891.1868896484375
881.7380981445312
872.6831665039062
863.6873779296875
854.5271606445312
844.972412109375
834.8472290039062
823.6107788085938
810.7904663085938
796.3444213867188
780.4518432617188
763.344482421875
745.3235473632812
727.158447265625
710.553955078125
693.5363159179688
100.0
100.0
100.0
100.0
100.0
100.0
724.6526489257812
674.5673828125
638.9710083007812
612.5686645507812
598.0283813476562
585.9633178710938
573.8123168945312
560.9304809570312
547.2579956054688
532.9650268554688
518.2987060546875
503.405517578125
488.399658203125
473.4442138671875
458.912109375
444.9532775878906
431.4414978027344
418.0969543457031
404.6540222167969
391.10430908203125
377.6916809082031
364.514892578125
351.577392578125
338.88427734375
326.42633056640625
314.1806335449219
302.1799011230469
290.4737243652344
279.0840759277344
268.0411376953125
257.4143371582031
247.26443481445312
237.6122589111328
228.31692504882812
219.3572998046875
210.7312774658203
202.4049072265625
194.3793182373047
186.66053771972656
179.02859497070312
171.7209014892578
164.75559997558594
158.11257934570312
151.73289489746094
145.3844757080078
139.45559692382812
133.80027770996094
128.39920043945312
123.2410659790039
118.31439208984375
113.60832214355469
109.08319091796875
104.27439880371094
100.01093292236328
96.00935363769531
