1392.6734619140625
1080.4779052734375
860.6868896484375
733.07421875
674.7213745117188
654.9618530273438
641.8963623046875
629.2351684570312
616.5650634765625
603.96240234375
591.581787109375
579.21875
566.7197875976562
553.6377563476562
540.7869873046875
528.5016479492188
516.2288818359375
504.1071472167969
490.2817077636719
476.6928405761719
463.3018493652344
450.0037536621094
436.58782958984375
422.91473388671875
408.8272705078125
394.40814208984375
379.8450622558594
365.2011413574219
350.51849365234375
337.9112854003906
326.4766845703125
315.1638488769531
100.0
100.0
100.0
100.0
100.0
100.0
416.5070495605469
304.26654052734375
284.8505554199219
275.214599609375
267.5326843261719
261.6855163574219
257.9058837890625
255.15931701660156
252.78273010253906
250.58447265625
248.33961486816406
246.012939453125
243.61618041992188
241.15065002441406
238.61993408203125
236.0213165283203
233.3058624267578
230.471923828125
227.53775024414062
224.5926055908203
221.6732940673828
218.82228088378906
215.92379760742188
213.04513549804688
210.15603637695312
207.2635955810547
204.37802124023438
201.5030059814453
198.57168579101562
195.5430450439453
192.41482543945312
189.1851043701172
185.88848876953125
182.59388732910156
179.35206604003906
176.120849609375
172.79441833496094
169.36351013183594
165.86624145507812
162.33941650390625
158.80636596679688
155.2956085205078
151.855712890625
148.492431640625
145.19920349121094
141.9515380859375
138.736328125
135.65277099609375
132.64732360839844
129.68614196777344
126.7823486328125
123.93220520019531
121.1500473022461
118.45173645019531
