1499.9998779296875
1500.0
1500.0
1500.0
1500.0
1500.0
1500.0
1500.0
1500.0
1500.0
1500.0
1500.0
1500.0
1500.0
1500.0
1500.0
1500.0
1500.0
1500.0
1500.0
1500.0
1500.0
1500.0
1500.0
1500.0
1500.0
1500.0
1500.0
1500.0
1500.0
1500.0
1500.0
100.00801086425781
100.0
100.0
100.0
100.0
100.0
1500.0
1500.0
1500.0
1500.0
1500.0
1500.0
1500.0
1500.0
1500.0
1500.0
1500.0
1500.0
1500.0
1500.0
1500.0
1500.0
1500.0
1500.0
1500.0
1500.0
1500.0
1500.0
1500.0
1500.0
1500.0
1500.0
1496.07763671875
1436.19189453125
1380.845458984375
1327.751220703125
1276.4776611328125
1226.9134521484375
1179.0821533203125
1132.9534912109375
1088.4874267578125
1045.641845703125
1004.3605346679688
964.5054931640625
926.1701049804688
889.3889770507812
854.0780639648438
820.154296875
787.5355224609375
756.1117553710938
725.8551025390625
696.7890014648438
668.8798217773438
642.0621948242188
616.3825073242188
591.7446899414062
568.127197265625
545.4505615234375
523.7302856445312
502.9115295410156
