1499.999267578125
1500.00537109375
1500.0
1500.0
1500.0
1500.0
1500.0
1500.0
1500.0
1500.0
1500.0
1500.0
1500.0
1499.9923095703125
1500.0
1500.0
1500.0
1500.0
1500.0
1500.0
1500.0
1500.0
1500.0
1500.0
1500.0
1500.0
1500.0
1500.0
1500.0
1500.0
1500.0
1500.0
100.0
100.0
99.99999237060547
100.0
100.0
100.0
100.0
1500.0
1500.0
1500.0
1500.0
1500.0
1500.0
1500.0
1500.0
1500.0
1500.0
1500.0
1500.0
1500.0
1439.52197265625
1375.517333984375
1313.7718505859375
1254.357177734375
1197.1572265625
1142.0869140625
1089.0775146484375
1038.135498046875
989.2680053710938
942.5203857421875
897.8732299804688
855.2760009765625
814.7235107421875
776.0029907226562
739.1959838867188
704.2495727539062
671.0741577148438
639.6312866210938
609.8839111328125
581.757080078125
555.1356201171875
529.9042358398438
506.0182189941406
483.3438415527344
461.89984130859375
441.7738952636719
422.789794921875
404.8601989746094
388.07415771484375
372.2718505859375
357.17303466796875
343.00628662109375
329.51544189453125
316.5672302246094
304.5245666503906
293.2664489746094
282.5801696777344
272.4350891113281
262.80908203125
253.654296875
244.94911193847656
