1499.9998779296875
1500.0
1500.0
1500.0001220703125
1500.0
1500.0
1500.0
1500.0
1500.0
1500.0
1500.0
1500.0
1500.0
1499.951416015625
1500.0
1500.0
1500.0
1500.0
1500.0
1500.0
1500.0
1500.0
1500.0
1500.0
1500.0
1500.0
1500.0
1500.0
1500.0
1500.0
1500.0
1500.0
100.0
100.0
100.0
100.0
100.0
100.0
1500.0
1500.0
1500.0
1500.0
1500.0
1500.0
1500.0
1500.0
1500.0
1500.0
1500.0
1500.0
1500.0
1500.0
1500.0
1500.0
1500.0
1500.0
1499.016357421875
1429.755126953125
1366.391845703125
1306.28515625
1248.7938232421875
1193.5413818359375
1140.531494140625
1089.7325439453125
1041.1285400390625
994.6796875
950.3137817382812
907.8589477539062
867.4407958984375
828.587890625
791.5636596679688
756.5948486328125
723.1971435546875
691.3599853515625
661.061279296875
632.2780151367188
604.8947143554688
578.842529296875
554.1094360351562
530.5222778320312
507.7687683105469
486.01544189453125
465.9148254394531
446.929443359375
428.7017822265625
411.5078125
395.1777648925781
379.7656555175781
365.1990966796875
351.4091796875
338.3349304199219
325.9112243652344
314.10028076171875
