1500.0
1500.0
1500.000244140625
1500.0
1500.0
1500.0
1500.0
1500.0
1500.0
1500.0
1500.0
1500.0
1500.0
1499.9896240234375
1500.0
1500.0
1500.0
1500.0
1500.0
1500.0
1500.0
1500.0
1500.0
1500.0
1500.0
1500.0
1500.0
1500.0
1500.0
1500.0
1500.0
1500.0
100.0
100.0
100.0
100.0
100.0
100.0
1500.0
1500.0
1500.0
1500.0
1500.0
1500.0
1500.0
1500.0
1500.0
1500.0
1424.587158203125
1345.105712890625
1307.058837890625
1270.50341796875
1201.7584228515625
1136.7584228515625
1076.1741943359375
1012.135009765625
945.8524169921875
879.0867309570312
818.2362060546875
763.7315063476562
718.3120727539062
670.7362670898438
629.923095703125
593.8047485351562
559.5554809570312
528.7737426757812
499.87249755859375
472.203857421875
444.4839172363281
415.64019775390625
386.30963134765625
357.727783203125
330.82733154296875
305.2640686035156
280.02655029296875
264.792724609375
259.0474548339844
252.8318634033203
240.33505249023438
230.75369262695312
221.26644897460938
211.625732421875
201.91583251953125
193.2345733642578
185.8114471435547
179.47801208496094
173.97744750976562
169.20347595214844
165.0860595703125
161.38429260253906
157.93307495117188
154.76954650878906
151.83287048339844
149.084228515625
