1499.999267578125
1500.0
1500.0
1500.0
1500.0
1500.0
1500.0
1500.0
1500.0
1500.0
1500.0
1500.0
1500.0
1500.0
1500.0
1500.0
1500.0
1500.0
1500.0
1500.0
1500.0
1500.0
1500.0
1500.0
1500.0
1500.0
1500.0
1500.0
1500.0
1500.0
1500.0
1500.0
99.99681091308594
100.0
100.0
100.0
100.0
100.0
1500.0
1500.0
1500.0
1500.0
1500.0
1500.0
1500.0
1500.0
1500.0
1500.0
1500.0
1500.0
1500.0
1500.0
1500.0
1500.0
1500.0
1500.0
1500.0
1500.0
1463.2237548828125
1399.9229736328125
1341.149169921875
1285.92333984375
1233.6705322265625
1184.0916748046875
1137.8751220703125
1094.8526611328125
1053.542724609375
1012.6681518554688
972.0972900390625
931.6744995117188
891.3350830078125
851.3165893554688
816.3973999023438
787.4439086914062
761.5470581054688
737.3468627929688
713.8461303710938
691.1665649414062
669.6922607421875
649.6339111328125
630.7984619140625
613.5558471679688
598.457275390625
585.3557739257812
573.854736328125
563.2683715820312
553.4651489257812
545.5751953125
538.137939453125
530.2950439453125
521.0211791992188
511.20867919921875
