1500.0
1500.0
1500.0
1500.0001220703125
1500.0
1500.0
1500.0
1500.0
1500.0
1500.0
1500.0
1500.0
1500.0
1500.0
1500.0
1500.0
1500.0
1500.0
1500.0
1500.0
1500.0
1500.0
1500.0
1500.0
1500.0
1500.0
1500.0
1500.0
1500.0
1500.0
1500.0
1500.0
99.9999771118164
100.0
100.0
100.0
100.0
100.0
1500.0
1500.0078125
1500.0
1500.0
1500.0
1500.0
1500.0
1500.0
1500.0
1500.0
1486.657958984375
1386.7767333984375
1292.685302734375
1204.462158203125
1123.7315673828125
1050.4473876953125
982.9537353515625
920.35400390625
863.5951538085938
812.1470947265625
764.73974609375
720.8565063476562
679.91650390625
641.7528686523438
606.2871704101562
573.8017578125
545.1839599609375
520.451171875
498.281494140625
477.91973876953125
458.7178649902344
440.2110290527344
422.0501403808594
404.3777770996094
387.1402282714844
370.1851806640625
353.4299621582031
336.9342956542969
321.7899169921875
307.7130432128906
296.38458251953125
286.83636474609375
278.182861328125
270.12445068359375
262.2945861816406
254.4212188720703
246.5766143798828
238.89193725585938
231.7144012451172
224.9577178955078
218.4610595703125
212.18870544433594
206.2276611328125
200.93214416503906
196.12510681152344
