1500.0
1500.0
1500.0
1500.0
1500.0
1500.0
1500.0
1500.0
1500.0
1500.0
1500.0
1500.0
1500.0
1500.0
1500.0
1500.0
1500.0
1500.0
1500.0
1500.0
1500.0
1500.0
1500.0
1500.0
1500.0
1500.0
1495.3614501953125
1421.75146484375
1356.0653076171875
1295.9498291015625
1236.8360595703125
1177.654052734375
1118.4942626953125
100.0
100.0
100.0
100.0
100.0
100.0
1142.6884765625
1025.9423828125
953.074951171875
871.31591796875
814.8726806640625
785.5491943359375
768.664794921875
728.4695434570312
690.672119140625
654.53466796875
619.7803955078125
586.163330078125
553.826171875
538.1192626953125
522.735595703125
493.15435791015625
465.05474853515625
438.5045166015625
413.49017333984375
389.9730529785156
367.86541748046875
347.0662841796875
327.5417785644531
309.13067626953125
291.7581481933594
275.64141845703125
260.57318115234375
246.50723266601562
233.40037536621094
221.16827392578125
209.625732421875
199.0064239501953
189.0824737548828
179.7678680419922
171.1097869873047
163.0231475830078
155.45005798339844
148.34910583496094
141.69442749023438
135.4507293701172
129.5812530517578
124.05953216552734
118.86161041259766
113.96575927734375
109.35159301757812
104.99950408935547
100.88976287841797
97.00505828857422
93.33158874511719
89.8564224243164
86.50619506835938
83.34837341308594
80.3621597290039
77.53276062011719
74.84602355957031
72.28779602050781
69.88058471679688
