1499.999755859375
1500.0
1500.0
1500.0
1499.9993896484375
1500.0
1500.0
1500.0
1500.0
1500.0
1500.0
1500.0
1500.0
1500.0
1500.0
1500.0
1500.0
1500.0
1500.0
1500.0
1500.0
1500.0
1500.0
1500.0
1500.0
1500.0
1500.0
1500.0
1500.0
1500.0
1500.0
1500.0
1500.0
100.00004577636719
99.99998474121094
100.0
100.0
100.0
100.0
1500.0
1500.0001220703125
1500.0
1500.0
1500.0
1500.0
1500.0
1500.0
1500.0
1500.0
1500.0
1500.0
1500.0
1500.0
1500.0
1500.0
1500.0
1500.0
1444.844482421875
1394.4530029296875
1346.973388671875
1301.3177490234375
1256.8394775390625
1213.5963134765625
1171.6036376953125
1130.576171875
1090.8597412109375
1052.716552734375
1016.2628784179688
981.3912353515625
947.8057861328125
915.6581420898438
885.18994140625
856.5361938476562
829.5469970703125
804.1507568359375
780.2081909179688
757.6014404296875
736.2175903320312
715.9660034179688
696.743896484375
678.5493774414062
661.2416381835938
644.7203369140625
629.03466796875
614.1445922851562
600.050048828125
586.7781372070312
574.3051147460938
562.5681762695312
551.4701538085938
540.8310546875
530.522216796875
520.4761352539062
510.6671142578125
