1499.9869384765625
1500.0
1500.0
1500.0
1500.0
1500.00244140625
1500.0
1500.0
1500.0
1500.0
1500.0
1500.0
1500.0
1500.0
1500.0
1500.0
1500.0
1500.0
1500.0
1500.0
1500.0
1500.0
1500.0
1500.0
1500.0
1500.0
1500.0
1500.0
1500.0
1500.0
1500.0
1500.0
99.99999237060547
100.0
100.0
100.0
100.0
100.0
1500.0
1500.0
1500.0
1500.0
1500.0
1500.0
1500.0
1500.0
1500.0
1500.0
1500.0
1500.0
1500.0
1500.0
1500.0
1500.0
1500.0
1500.0
1500.0
1500.0
1500.0
1500.0
1500.0
1500.0
1500.0
1500.0
1500.0
1500.0
1500.0
1500.0
1500.0
1500.0
1500.0
1499.999755859375
1499.999267578125
1499.999755859375
1499.9981689453125
1500.0
1499.99609375
1499.9876708984375
1500.0
1494.52001953125
1448.4857177734375
1404.49951171875
1361.407958984375
1319.46044921875
1276.7200927734375
1235.4417724609375
1198.6126708984375
1163.1666259765625
1129.0335693359375
1094.2384033203125
1058.00146484375
1020.3054809570312
