1500.0
1500.0
1500.0
1500.0
1500.0
1500.00927734375
1500.0
1500.0
1500.0
1500.0
1500.0
1482.309326171875
1457.11376953125
1434.288330078125
1411.4918212890625
1387.661376953125
1361.8701171875
1336.189697265625
1308.7127685546875
1280.921875
1255.050048828125
1229.2525634765625
1201.6566162109375
1170.281005859375
1138.575439453125
1105.6436767578125
1071.4698486328125
1035.9891357421875
999.8641357421875
961.5565795898438
922.1768188476562
883.2407836914062
100.0
100.0
100.0
100.0
100.0
100.0
1149.6773681640625
895.1845092773438
782.6162719726562
738.8755493164062
715.3302612304688
695.2203369140625
675.7744750976562
657.88427734375
640.5060424804688
623.13525390625
605.8355102539062
588.6884765625
571.7569580078125
555.0256958007812
538.4771118164062
522.1973876953125
506.1600036621094
490.3671875
474.89825439453125
459.8150329589844
445.1727600097656
431.0158996582031
417.3841552734375
404.2796630859375
391.5839538574219
379.2364196777344
367.3033447265625
355.81134033203125
344.77252197265625
334.1771240234375
324.18048095703125
314.7155456542969
305.568359375
296.73602294921875
288.2418212890625
280.0963134765625
272.23748779296875
264.6417236328125
257.3119201660156
250.28038024902344
243.5215606689453
237.0444793701172
230.8431854248047
224.9154510498047
219.24227905273438
213.82049560546875
208.6369171142578
203.67962646484375
198.9434356689453
194.4230194091797
190.10574340820312
185.99346923828125
182.11009216308594
178.37844848632812
