1499.99951171875
1499.9998779296875
1500.0
1500.0
1500.0
1500.0
1500.0
1500.0
1500.0
1500.0
1500.0
1500.0
1500.0
1500.0
1500.0
1500.0
1500.0
1500.0
1500.0
1500.0
1500.0
1500.0
1500.0
1500.0
1500.0
1500.0
1500.0
1500.0
1500.0
1500.0
1500.0
1500.0
100.0
99.99998474121094
100.0
100.0
100.0
100.0
1500.0
1500.0
1500.0
1500.0
1500.0
1500.0
1500.0
1500.0
1500.0
1500.0
1500.0
1500.0
1500.0
1500.0
1500.0
1500.0
1500.0
1500.0
1500.0
1500.0
1500.0
1500.0
1500.0
1500.0
1500.0
1500.0
1499.999755859375
1500.0
1500.0
1500.0
1476.1092529296875
1436.8326416015625
1403.24560546875
1370.9119873046875
1339.7626953125
1308.4005126953125
1276.60986328125
1246.83837890625
1218.7353515625
1191.3251953125
1165.6649169921875
1141.7242431640625
1119.09814453125
1097.733642578125
1077.0184326171875
1055.5712890625
1034.422607421875
1013.9044799804688
992.9191284179688
970.8797607421875
948.1229858398438
925.5569458007812
903.7314453125
882.1018676757812
860.9788818359375
