1500.0
1500.000732421875
1500.0
1500.0
1500.0
1500.0
1500.0
1500.0
1500.0
1500.0
1500.0
1500.0
1500.0
1500.0
1500.0
1500.0
1500.0
1488.560546875
1472.7225341796875
1456.7349853515625
1439.5557861328125
1420.7093505859375
1399.625
1376.6898193359375
1352.096923828125
1325.9852294921875
1298.87109375
1271.34326171875
1243.6195068359375
1215.8353271484375
1188.016845703125
1160.1639404296875
100.0
100.0
100.00000762939453
100.0
100.0
100.0
1500.0
1333.035400390625
1222.3135986328125
1149.0145263671875
1091.928955078125
1044.599365234375
1003.1683959960938
965.37548828125
928.8234252929688
894.655517578125
861.0618896484375
827.7538452148438
794.7313232421875
761.5939331054688
728.2432250976562
696.6896362304688
667.0416870117188
639.0817260742188
613.0706176757812
588.663330078125
565.8048706054688
544.2583618164062
523.2950439453125
502.95538330078125
483.490966796875
465.28338623046875
448.6523742675781
433.1374816894531
418.50408935546875
404.7241516113281
391.59832763671875
379.1258239746094
367.3226013183594
356.0725402832031
345.0721435546875
334.2789001464844
323.65679931640625
313.7591552734375
304.9104919433594
296.7047119140625
288.8353271484375
280.77215576171875
272.7095947265625
264.7603454589844
256.9211120605469
249.4786834716797
242.344970703125
235.5660400390625
228.98861694335938
222.9367218017578
217.5987548828125
212.78675842285156
208.33663940429688
203.35845947265625
