1500.0
1500.0
1500.0
1500.0
1500.0
1500.0
1500.0
1500.0
1500.0
1500.0
1500.0
1500.0
1500.0
1500.0
1500.0
1500.0
1500.0
1500.0
1500.0
1500.0
1500.0
1500.0
1500.0
1500.0
1500.0
1500.0
1386.0960693359375
1252.7928466796875
1129.3311767578125
1033.1431884765625
945.43310546875
895.817138671875
100.0
100.0
99.99810028076172
100.0
100.0
100.0
100.0
100.0
974.2739868164062
928.1163330078125
869.7783203125
822.177001953125
778.6315307617188
739.037109375
702.5296630859375
668.43115234375
636.3795166015625
606.09716796875
577.5780029296875
550.8135986328125
527.0135498046875
505.58587646484375
485.8476867675781
467.464599609375
450.5704345703125
434.5830993652344
419.16790771484375
404.24835205078125
389.9114074707031
376.06097412109375
362.6692199707031
350.0093994140625
338.03997802734375
326.6102600097656
315.72210693359375
305.3287658691406
295.54534912109375
286.408447265625
277.8874206542969
269.80413818359375
262.13690185546875
254.8190460205078
247.8318328857422
241.1374969482422
234.78750610351562
228.6947479248047
222.86460876464844
217.33514404296875
212.04910278320312
206.9779815673828
202.11776733398438
197.50045776367188
193.14688110351562
189.06668090820312
185.22251892089844
181.5354766845703
177.99697875976562
174.5542449951172
171.20394897460938
167.96580505371094
164.84646606445312
161.8494873046875
