1500.0
1500.0
1500.0
1500.004638671875
1500.0
1500.0
1500.0
1500.0
1500.0
1500.0
1500.0
1500.0
1500.0
1500.0
1500.0
1500.0
1499.9913330078125
1500.0
1500.0
1500.0
1500.0
1500.0
1500.0
1500.0
1500.0
1500.0
1500.0
1500.0
1500.0
1500.0
1500.0
1500.0
100.0
100.0
100.0
100.0
100.0
100.0
1500.0
1500.0
1500.0
1500.0
1500.0
1500.0
1500.0
1500.0
1500.0
1500.0
1500.0
1500.0
1500.0
1500.0
1500.0
1500.0
1500.0
1500.0
1500.0
1500.0
1500.0
1500.0
1500.0
1500.0
1500.0
1500.0
1500.0
1500.0
1500.0
1493.603271484375
1435.011962890625
1381.1614990234375
1329.844970703125
1280.489501953125
1232.95703125
1187.1326904296875
1142.919921875
1100.2774658203125
1059.2010498046875
1019.6489868164062
981.5228881835938
944.906982421875
909.7737426757812
875.6270751953125
842.934326171875
811.908447265625
782.1949462890625
753.6795043945312
726.2735595703125
699.9054565429688
674.544677734375
650.1813354492188
626.70654296875
604.0665283203125
