1499.999755859375
1500.0
1499.9998779296875
1500.0
1500.0
1500.0
1500.0
1500.0
1500.0
1500.0
1500.0
1500.0
1500.0
1500.0
1500.0
1500.0
1500.0
1500.0
1500.0
1500.0
1500.0
1500.0
1500.0
1500.0
1500.0
1500.0
1500.0
1500.0
1500.0
1500.0
1500.0
1500.0
100.00037384033203
100.0
100.0
100.0
100.0
100.00000762939453
1500.0
1500.0
1500.0
1500.0
1500.0
1500.0
1500.0
1500.0
1500.0
1500.0
1500.0
1500.0
1464.6964111328125
1422.1842041015625
1380.740478515625
1339.26806640625
1297.765625
1256.229736328125
1214.6424560546875
1173.100341796875
1131.725341796875
1090.6785888671875
1050.250244140625
1010.64111328125
971.9782104492188
934.475830078125
898.1098022460938
862.76123046875
828.9548950195312
796.7174072265625
766.018798828125
736.70068359375
708.6610717773438
681.7837524414062
656.0209350585938
631.3079833984375
607.5911254882812
584.7522583007812
562.8245239257812
541.8280639648438
521.6871337890625
502.3442687988281
483.7716064453125
465.90301513671875
448.70672607421875
432.14373779296875
416.17578125
400.7809753417969
385.9544372558594
371.7057800292969
358.02325439453125
344.893798828125
332.2427673339844
320.09368896484375
