1500.0
1500.0
1500.0
1500.0
1500.0
1500.0010986328125
1500.0
1500.0
1500.0
1499.9993896484375
1500.0
1500.0
1500.0
1499.999755859375
1500.0
1500.0
1500.0
1500.0
1500.0
1499.9996337890625
1499.9998779296875
1499.9998779296875
1499.9998779296875
1499.9998779296875
1500.0
1499.9998779296875
1499.999755859375
1499.999755859375
1500.0
1499.9998779296875
1499.9989013671875
1500.0
99.99948120117188
100.0
100.0
100.0
100.0
100.0
1500.0
1499.994873046875
1500.0
1500.0
1499.99951171875
1500.0
1500.0
1500.0
1500.0
1500.0
1500.0
1500.0
1500.0
1500.0
1500.0
1500.0
1500.0
1500.0
1500.0
1500.0
1500.0
1499.714111328125
1457.02099609375
1422.472900390625
1389.0693359375
1355.7366943359375
1322.5699462890625
1289.281005859375
1255.7576904296875
1222.7501220703125
1190.6495361328125
1158.885009765625
1127.6668701171875
1097.07080078125
1067.388427734375
1038.7935791015625
1011.4500122070312
985.35302734375
960.4286499023438
936.4849853515625
913.09228515625
890.2085571289062
867.8692016601562
846.0448608398438
824.6937255859375
803.9924926757812
783.9860229492188
764.3619995117188
745.283447265625
726.8392944335938
708.9762573242188
691.8285522460938
675.4005737304688
659.6210327148438
