2055.22119140625
2020.6944580078125
1991.91455078125
2086.646484375
2070.654052734375
2053.639892578125
2043.42626953125
2043.6943359375
2044.83447265625
2056.8173828125
2083.94921875
2092.881591796875
2093.983154296875
2112.443603515625
2140.92822265625
2178.7216796875
2223.753173828125
2291.696533203125
2383.6630859375
2494.912353515625
2619.938232421875
2758.708984375
2910.1396484375
3073.840087890625
3248.305419921875
3432.05078125
3631.060791015625
3848.31201171875
4084.218994140625
4340.97705078125
4618.392578125
4916.34765625
158.87254333496094
167.44412231445312
187.47921752929688
205.23046875
220.24839782714844
233.34487915039062
6143.60009765625
6607.5908203125
6813.55615234375
7046.0478515625
7315.8095703125
7634.32275390625
8010.95556640625
8425.767578125
8879.69140625
9380.7744140625
9921.72265625
10489.2724609375
11089.201171875
11736.0341796875
12406.552734375
13084.93359375
13766.6533203125
14447.78125
14541.2041015625
14497.7177734375
14447.73828125
14382.861328125
14305.068359375
14212.0654296875
14102.2333984375
13975.755859375
13834.2353515625
13675.955078125
13501.1240234375
13311.34375
13104.056640625
12881.3974609375
12645.1923828125
12397.8642578125
12135.984375
11876.8388671875
11613.42578125
11345.7646484375
11076.4482421875
10803.8994140625
10521.7275390625
10248.5966796875
9978.427734375
9711.5908203125
9449.103515625
9192.6884765625
8940.236328125
8692.7529296875
8454.81640625
8224.0380859375
7997.4345703125
7775.46630859375
7558.13427734375
7346.71875
