2076.240478515625
2045.299560546875
2010.6612548828125
2030.3953857421875
2082.235595703125
2065.894287109375
2055.098876953125
2050.0615234375
2043.8994140625
2042.3485107421875
2042.19873046875
2040.701904296875
2044.1939697265625
2054.2939453125
2059.14453125
2063.043212890625
2066.247802734375
2071.193359375
2093.642333984375
2102.760009765625
2104.300537109375
2105.537841796875
2107.29931640625
2109.37841796875
2114.2236328125
2126.476318359375
2141.744140625
2164.909912109375
2191.30224609375
2212.270751953125
2232.49267578125
2256.326171875
118.1221923828125
118.63914489746094
119.1133804321289
119.56410217285156
120.00720977783203
120.43733978271484
1802.3206787109375
1869.65185546875
2089.16357421875
2366.324951171875
2524.1396484375
2623.9228515625
2688.537841796875
2741.810546875
2815.078857421875
2914.697021484375
3039.4208984375
3177.06005859375
3101.05224609375
3019.6357421875
2943.99462890625
2866.018798828125
2787.197021484375
2688.615478515625
2551.08447265625
2381.8798828125
2325.040771484375
2369.12939453125
2386.297119140625
2381.777099609375
2372.400634765625
2371.01513671875
2375.0205078125
2379.692626953125
2385.38134765625
2388.04296875
2382.637939453125
2371.910888671875
2357.185302734375
2341.880859375
2325.9580078125
2309.8203125
2293.325439453125
2273.797119140625
2251.34130859375
2227.7548828125
2201.754638671875
2172.309326171875
2141.337646484375
2110.177978515625
2081.650146484375
2056.611572265625
2034.3118896484375
2013.6787109375
1993.232666015625
1973.0418701171875
1951.617919921875
1928.4254150390625
1904.4710693359375
1880.672119140625
