2083.898681640625
2060.543212890625
2036.1634521484375
2017.645751953125
2004.548583984375
1993.1385498046875
2047.8931884765625
2046.06884765625
2046.8526611328125
2046.7650146484375
2070.241943359375
2094.936279296875
2138.976318359375
2190.00927734375
2243.26708984375
2293.93798828125
2344.302490234375
2404.617431640625
2487.3935546875
2599.121826171875
2740.851806640625
2907.612060546875
3092.6630859375
3287.913818359375
3486.46044921875
3685.56982421875
3888.85693359375
4096.60107421875
4308.99462890625
4525.82861328125
4746.90087890625
4972.3115234375
224.5097198486328
213.6581573486328
215.72434997558594
219.99533081054688
224.09487915039062
227.41310119628906
4860.646484375
5152.93017578125
5251.927734375
5321.11279296875
5412.646484375
5540.19677734375
5702.34765625
5892.5693359375
6103.97314453125
6342.07080078125
6602.7138671875
6887.86767578125
7231.80517578125
7663.5869140625
8046.138671875
8409.7998046875
8758.986328125
9085.8388671875
9398.80078125
9683.27734375
9936.3798828125
10156.49609375
10347.091796875
10513.3291015625
10659.2373046875
10786.1015625
10894.28125
10984.599609375
11057.48828125
11115.81640625
11163.029296875
11201.21875
11223.7763671875
11226.607421875
11204.3857421875
11160.0107421875
11097.6240234375
11021.5498046875
10937.10546875
10850.1953125
10761.7978515625
10667.0810546875
10561.25
10434.9296875
10285.6494140625
9924.5517578125
9493.3701171875
9102.5888671875
8737.87109375
8394.8515625
8073.15966796875
7772.7177734375
7493.3134765625
7232.65673828125
