2072.087890625
2033.9793701171875
1993.139404296875
2072.652587890625
2108.25537109375
2084.669677734375
2067.95361328125
2057.689208984375
2051.712158203125
2048.392333984375
2044.462646484375
2044.335693359375
2066.80615234375
2084.1494140625
2108.445556640625
2127.37255859375
2145.169677734375
2180.67041015625
2222.01611328125
2262.57470703125
2303.626953125
2347.141845703125
2395.834716796875
2453.302490234375
2524.4326171875
2614.397705078125
2718.19482421875
2830.761474609375
2951.60693359375
3080.97509765625
3218.026123046875
3360.497802734375
118.10725402832031
120.3080825805664
121.23387145996094
121.83690643310547
122.29450225830078
122.6822738647461
2509.142822265625
2966.873046875
3106.457763671875
3266.512451171875
3476.694091796875
3725.22216796875
4006.478271484375
4318.13330078125
4670.43017578125
4862.4873046875
5061.97998046875
5471.84228515625
5459.9423828125
5353.060546875
5255.90869140625
5159.0244140625
5061.0380859375
4958.71728515625
4852.7177734375
4742.8671875
4633.04443359375
4548.86669921875
4453.3251953125
4350.6650390625
4247.5009765625
4142.16796875
4036.77734375
3922.2177734375
3798.552978515625
3673.1845703125
3549.75537109375
3429.58544921875
3314.601806640625
3194.093017578125
3068.6884765625
2939.262451171875
2806.76806640625
2672.542724609375
2537.325439453125
2402.3671875
2272.758056640625
2146.12744140625
2024.8868408203125
1929.7999267578125
1848.753662109375
1770.2823486328125
1705.1158447265625
1650.2921142578125
1600.46923828125
1553.487060546875
1509.8419189453125
1469.0430908203125
1430.4560546875
1393.7586669921875
1358.590576171875
