2084.9482421875
2069.438232421875
2031.0531005859375
1997.9765625
2117.568115234375
2094.367919921875
2103.23681640625
2110.90234375
2102.963623046875
2104.187744140625
2106.41748046875
2110.68017578125
2114.937744140625
2117.14306640625
2115.706787109375
2119.735107421875
2135.682373046875
2149.82421875
2163.714111328125
2187.955322265625
2227.200927734375
2262.88037109375
2294.3955078125
2336.87646484375
2364.42431640625
2375.876220703125
2396.799072265625
2430.52099609375
2462.65185546875
2532.466552734375
2602.6845703125
2644.8525390625
114.52246856689453
100.31594848632812
100.91326904296875
101.13050842285156
101.01335906982422
101.26221466064453
101.66307830810547
1551.63818359375
1649.8897705078125
2364.304443359375
3293.496337890625
3548.0498046875
3504.42578125
3469.941162109375
3480.3896484375
3556.562255859375
3691.750244140625
3843.48046875
4000.446533203125
3877.73486328125
3777.55029296875
3729.737060546875
3699.8818359375
3678.53125
3675.078125
3695.80859375
3729.921630859375
3770.92138671875
3816.065185546875
3872.49951171875
3935.697509765625
3996.790283203125
4050.077392578125
4092.5849609375
4123.10107421875
4141.33056640625
4147.80224609375
4146.0166015625
4143.2080078125
4143.01953125
4142.24609375
4139.89697265625
4135.9658203125
4130.65234375
4121.43603515625
4102.5341796875
4075.759033203125
4039.95068359375
3995.584228515625
3944.380859375
3887.44970703125
3826.1396484375
3761.34228515625
3693.3955078125
3622.853271484375
3550.487548828125
3477.34326171875
3404.08154296875
3331.10546875
3258.81640625
3187.772216796875
