2026.828857421875
1930.5521240234375
1658.862548828125
1617.2135009765625
1579.8941650390625
1519.48388671875
1472.1773681640625
1436.1627197265625
1406.230712890625
1388.686279296875
1380.2994384765625
1372.391845703125
1361.9783935546875
1351.5478515625
1347.5784912109375
1344.8096923828125
1342.1087646484375
1340.930908203125
1340.573486328125
1342.0648193359375
1348.6337890625
1363.2369384765625
1386.9288330078125
1418.755615234375
1457.178955078125
1500.1700439453125
1545.8028564453125
1594.808349609375
1647.4718017578125
1698.56640625
1747.690185546875
1795.640380859375
157.2972412109375
159.6710968017578
169.6979217529297
178.34898376464844
183.83139038085938
189.0977020263672
2004.8720703125
2081.589599609375
2099.3251953125
2120.02001953125
2131.37841796875
2141.830078125
2154.724853515625
2171.654541015625
2191.36572265625
2212.05712890625
2235.790771484375
2268.806396484375
2316.306396484375
2364.423828125
2411.879638671875
2456.907958984375
2499.42529296875
2542.938720703125
2579.44384765625
2607.37939453125
2627.82080078125
2640.906494140625
2647.02685546875
2647.39501953125
2642.5419921875
2632.275390625
2617.09326171875
2597.828857421875
2575.439208984375
2549.38134765625
2519.926025390625
2487.515869140625
2452.381103515625
2414.80029296875
2375.165771484375
2333.790771484375
2290.879638671875
2246.9609375
2202.1728515625
2156.5751953125
2110.655029296875
2064.92138671875
2019.462158203125
1974.1451416015625
1929.286865234375
1884.962646484375
1841.2841796875
1798.2685546875
1755.78515625
1713.99755859375
1673.085205078125
1633.0821533203125
1593.899658203125
1555.5289306640625
1517.14794921875
