2079.826904296875
2050.2568359375
2011.6600341796875
1983.3701171875
2071.056640625
2109.028564453125
2105.646240234375
2090.831298828125
2078.200927734375
2076.515380859375
2080.3017578125
2095.54150390625
2104.740966796875
2126.8525390625
2156.5732421875
2195.052978515625
2230.030029296875
2255.93310546875
2282.189453125
2312.513916015625
2345.015625
2383.073486328125
2432.80029296875
2491.826416015625
2559.089599609375
2637.271728515625
2729.566650390625
2834.936767578125
2948.8623046875
3069.2431640625
3197.667236328125
3331.058837890625
117.98464965820312
120.14639282226562
121.27073669433594
122.03219604492188
122.59253692626953
122.86628723144531
2144.475830078125
2904.15478515625
3214.20263671875
3430.265625
3639.83251953125
3864.61083984375
4115.95263671875
4412.12646484375
4741.95703125
5102.39501953125
5473.90673828125
5850.09912109375
5702.51220703125
5579.85986328125
5486.6796875
5406.4580078125
5346.26953125
5315.232421875
5210.99560546875
5103.8837890625
4993.22998046875
4876.93408203125
4755.970703125
4630.169921875
4498.68408203125
4362.400390625
4221.2080078125
4077.05419921875
3928.50537109375
3773.194091796875
3616.27197265625
3461.669189453125
3309.880126953125
3163.134521484375
3022.42236328125
2886.828857421875
2758.37744140625
2637.09765625
2524.715087890625
2425.324951171875
2335.85888671875
2254.6103515625
2182.6494140625
2118.107666015625
2058.64013671875
2002.5078125
1949.20654296875
1897.8154296875
1847.9407958984375
1799.3277587890625
1751.6431884765625
1705.640869140625
1661.0684814453125
1617.1173095703125
1574.1201171875
