2084.998046875
2069.77734375
2039.49462890625
2014.0577392578125
2031.944580078125
2033.49560546875
2025.964599609375
2092.49609375
2093.320556640625
2098.320556640625
2106.43212890625
2100.094970703125
2127.748291015625
2168.528076171875
2185.921630859375
2187.90869140625
2193.717041015625
2203.37109375
2212.637939453125
2223.5615234375
2236.864013671875
2251.538330078125
2271.979736328125
2299.04150390625
2339.01416015625
2388.818603515625
2450.110107421875
2540.179443359375
2679.506103515625
2847.749755859375
2951.45947265625
2937.120849609375
93.09619903564453
99.88336181640625
97.99557495117188
98.37629699707031
98.69217681884766
98.9503173828125
1560.771484375
1610.4107666015625
1603.5849609375
2858.49853515625
4194.62646484375
4356.744140625
4221.55859375
4113.65478515625
4107.7158203125
4184.26171875
4310.5966796875
4459.66552734375
4642.54296875
4844.5224609375
4992.0537109375
4830.73388671875
4760.83740234375
4751.12548828125
4776.703125
4827.66552734375
4896.5263671875
4969.56103515625
5040.44189453125
5104.181640625
5158.95068359375
5204.25390625
5243.658203125
5282.38330078125
5324.57470703125
5368.2177734375
5410.8935546875
5449.6552734375
5481.0390625
5502.99462890625
5514.517578125
5514.3173828125
5510.96484375
5505.34716796875
5480.63525390625
5447.31298828125
5404.57421875
5354.44970703125
5297.51318359375
5235.44677734375
5169.775390625
5101.3935546875
5030.9404296875
4958.8310546875
4885.72265625
4812.412109375
4740.07958984375
4668.2265625
4596.892578125
4525.7099609375
4454.40234375
