2032.7635498046875
1812.1947021484375
1800.4207763671875
1600.9794921875
1486.205810546875
1423.8095703125
1400.200439453125
1391.6636962890625
1379.985107421875
1369.493408203125
1359.1290283203125
1345.9407958984375
1332.3271484375
1320.8331298828125
1313.2279052734375
1308.92822265625
1305.8062744140625
1302.775390625
1302.163330078125
1306.4488525390625
1318.24365234375
1340.3660888671875
1370.8375244140625
1407.251220703125
1447.65283203125
1490.6500244140625
1535.9462890625
1584.6575927734375
1637.20556640625
1690.2567138671875
1744.07080078125
1798.1219482421875
148.8491973876953
145.0858917236328
150.10365295410156
157.60166931152344
181.68484497070312
204.92198181152344
2204.201171875
2217.359619140625
2197.108642578125
2203.72607421875
2222.88916015625
2248.07763671875
2279.302001953125
2327.82177734375
2397.515869140625
2468.308349609375
2545.505126953125
2617.8251953125
2682.393310546875
2740.48193359375
2795.0029296875
2842.939453125
2882.47265625
2913.100341796875
2933.94580078125
2945.023681640625
2947.019775390625
2940.50634765625
2926.21044921875
2905.055908203125
2878.764892578125
2847.4462890625
2810.1337890625
2767.302001953125
2719.333740234375
2666.690185546875
2611.327392578125
2553.679931640625
2494.685302734375
2435.01416015625
2375.0478515625
2315.40966796875
2256.44580078125
2198.360107421875
2140.970947265625
2084.341552734375
2026.929443359375
1970.6676025390625
1914.8719482421875
1860.029296875
1806.2691650390625
1753.828369140625
1702.5401611328125
1652.6300048828125
1603.9505615234375
1556.701904296875
1511.067138671875
1466.9981689453125
1424.392578125
1383.2337646484375
