2060.22412109375
2018.71826171875
2026.161376953125
2095.090087890625
2064.629638671875
2046.86279296875
2039.126220703125
2032.211669921875
2024.5345458984375
2023.9439697265625
2029.2337646484375
2034.6123046875
2041.2237548828125
2048.96337890625
2051.00830078125
2050.8037109375
2054.17822265625
2068.174072265625
2088.7470703125
2106.21044921875
2116.359619140625
2125.261474609375
2135.310791015625
2150.314208984375
2165.281494140625
2180.77197265625
2198.382568359375
2221.646728515625
2257.26806640625
2299.3330078125
2352.6923828125
2415.8134765625
121.93775939941406
122.177490234375
122.45591735839844
122.72074890136719
122.96771240234375
123.20254516601562
1833.4527587890625
2126.873291015625
2354.416015625
2532.082763671875
2676.783203125
2807.47216796875
2936.187744140625
3068.120849609375
3205.2060546875
3343.918212890625
3481.37646484375
3620.459716796875
3765.110107421875
3915.29248046875
4079.20947265625
4239.3564453125
4400.60546875
4550.8232421875
4699.96630859375
4843.099609375
4986.888671875
5097.59814453125
5014.919921875
4936.6591796875
4860.1435546875
4782.7705078125
4703.73046875
4623.79150390625
4543.32666015625
4462.03173828125
4379.279296875
4294.24267578125
4205.984375
4114.8779296875
4021.54931640625
3926.7470703125
3830.823974609375
3734.391357421875
3637.48095703125
3540.997314453125
3451.9638671875
3364.816162109375
3278.599853515625
3194.764892578125
3113.90869140625
3035.534423828125
2958.774169921875
2883.109130859375
2811.417236328125
2775.79638671875
2739.445556640625
2665.723876953125
2592.2998046875
2519.195556640625
2445.410400390625
