2080.32177734375
2054.520263671875
2028.75634765625
2010.241943359375
2018.70166015625
2039.9495849609375
2034.600830078125
2025.5667724609375
2019.4061279296875
2028.269775390625
2029.72900390625
2042.783447265625
2067.400634765625
2099.858642578125
2118.3818359375
2133.1865234375
2148.92626953125
2170.265380859375
2191.42822265625
2218.78564453125
2261.568603515625
2319.8076171875
2394.454345703125
2484.0859375
2583.454345703125
2688.307373046875
2797.824951171875
2913.53759765625
3036.530517578125
3166.628662109375
3304.46875
3449.2431640625
126.18936157226562
127.23231506347656
127.9806900024414
128.57257080078125
132.62039184570312
140.28549194335938
3444.9267578125
3722.926513671875
3859.840576171875
3978.77587890625
4111.36376953125
4261.17919921875
4426.43310546875
4603.0634765625
4788.62841796875
4981.806640625
5182.1806640625
5389.7734375
5603.7548828125
5828.892578125
6068.4208984375
6323.48486328125
6598.0732421875
6892.14111328125
7204.4697265625
7565.5595703125
7952.76904296875
8322.87109375
8684.552734375
9049.896484375
9412.095703125
9773.7373046875
10136.650390625
10487.6650390625
10823.7294921875
11145.576171875
11454.0322265625
11753.75
12043.0224609375
12313.4287109375
12564.8212890625
12797.779296875
13013.2255859375
13213.904296875
13399.12890625
13567.7919921875
13719.1298828125
13853.2255859375
13971.517578125
14073.3408203125
14159.8173828125
14233.8818359375
14295.2841796875
14344.076171875
14383.2919921875
14400.59375
14414.03125
14429.5478515625
14434.1318359375
14287.8447265625
13836.1083984375
