2084.959228515625
2062.657958984375
2031.6617431640625
2034.6929931640625
2022.3642578125
2042.192626953125
2062.20751953125
2055.981689453125
2050.327880859375
2047.0167236328125
2062.544677734375
2086.50732421875
2110.515625
2111.969970703125
2109.5244140625
2108.0751953125
2109.324462890625
2112.020751953125
2118.10546875
2133.482421875
2145.1357421875
2157.173095703125
2176.14306640625
2199.66162109375
2231.605224609375
2259.004638671875
2290.352783203125
2314.526611328125
2340.906005859375
2367.27783203125
2404.282470703125
2451.037841796875
103.696533203125
99.49581146240234
101.97018432617188
103.53520202636719
104.9506607055664
106.28125
1708.0286865234375
1809.612548828125
1974.1763916015625
3080.438232421875
3244.109375
3030.62890625
2897.24072265625
2840.309326171875
2834.45751953125
2842.60986328125
2861.8505859375
2892.80126953125
2916.482177734375
2963.760986328125
3029.724609375
3100.870361328125
3175.860595703125
3268.73779296875
3157.214599609375
3109.87353515625
3109.1103515625
3123.544189453125
3147.099365234375
3189.201171875
3250.969482421875
3324.572265625
3397.282470703125
3462.571533203125
3516.0712890625
3560.5419921875
3596.837646484375
3628.593505859375
3661.79150390625
3701.964599609375
3751.6640625
3807.03515625
3865.59521484375
3922.3740234375
3970.58544921875
4009.63037109375
4042.205078125
4071.40673828125
4099.39990234375
4127.05615234375
4153.18505859375
4176.52099609375
4196.74560546875
4213.951171875
4226.98291015625
4235.10302734375
4237.95703125
4235.9638671875
4228.6767578125
4216.38720703125
