2075.717529296875
2044.22705078125
2009.318603515625
2004.4788818359375
2046.5335693359375
2038.438720703125
2062.769775390625
2072.798583984375
2072.359375
2082.0078125
2089.00537109375
2098.397705078125
2109.685302734375
2124.95849609375
2144.467529296875
2166.9609375
2184.984375
2202.427001953125
2217.812255859375
2230.649169921875
2242.127197265625
2255.2412109375
2272.594482421875
2297.358642578125
2324.383544921875
2356.5595703125
2399.654052734375
2452.122314453125
2510.99462890625
2575.9501953125
2647.758544921875
2726.769775390625
121.63755798339844
123.64079284667969
123.79680633544922
123.94063568115234
124.0578842163086
124.17207336425781
1796.898193359375
2311.915283203125
2672.62060546875
2905.251953125
3082.216552734375
3241.38427734375
3402.6591796875
3574.156005859375
3756.690673828125
3949.631103515625
4151.1796875
4357.80615234375
4565.806640625
4772.72021484375
4979.60302734375
5184.99462890625
5388.54931640625
5583.6474609375
5768.79052734375
5945.6083984375
6122.70166015625
6310.36669921875
6500.3779296875
6679.58935546875
6860.08837890625
7040.55322265625
7222.26171875
7391.43017578125
7556.982421875
7730.03955078125
7897.97509765625
8054.0673828125
8204.8154296875
8339.67578125
8452.107421875
8542.0615234375
8601.0556640625
8627.4091796875
8647.8046875
8671.3056640625
8699.5693359375
8733.2890625
8774.0283203125
8819.12109375
8864.00390625
8902.95703125
8938.0478515625
8973.361328125
9012.1171875
9031.771484375
9020.2822265625
9002.060546875
9000.5595703125
9032.51953125
