2003.8692626953125
2088.874755859375
2057.05419921875
2038.5826416015625
2033.9052734375
2038.2828369140625
2030.294921875
2045.393310546875
2069.334716796875
2101.648681640625
2149.39306640625
2194.76123046875
2254.873291015625
2327.7705078125
2404.489013671875
2501.975830078125
2634.0791015625
2786.249267578125
2952.670166015625
3134.851318359375
3332.268798828125
3545.43505859375
3774.687744140625
4013.718505859375
4260.66796875
4515.43115234375
4778.64111328125
5051.736328125
5329.8681640625
5614.60888671875
5914.3056640625
6225.04052734375
6551.732421875
272.2583312988281
247.587646484375
229.48709106445312
223.89064025878906
224.5831298828125
227.65054321289062
6048.76416015625
6528.9921875
6942.158203125
7647.21923828125
8043.66845703125
8482.50390625
9049.48828125
9095.833984375
9088.822265625
9051.4052734375
8993.7158203125
8918.2158203125
8826.93359375
8721.5498046875
8607.4873046875
8485.2421875
8353.826171875
8214.8486328125
8070.0888671875
7920.837890625
7768.1953125
7612.72314453125
7455.10986328125
7296.22509765625
7136.58837890625
6976.6865234375
6816.84814453125
6657.2451171875
6498.86474609375
6343.2158203125
6190.51611328125
6041.07421875
5894.32470703125
5750.4345703125
5609.7548828125
5472.294921875
5338.04931640625
5207.03173828125
5079.2998046875
4954.34814453125
4832.64013671875
4714.21484375
4598.8330078125
4486.4892578125
4377.2236328125
4270.99853515625
4167.7021484375
4067.173095703125
3969.399169921875
3875.22998046875
3783.50927734375
3693.787109375
3606.506103515625
3521.618896484375
3439.13525390625
3358.796630859375
