2059.53076171875
2027.3818359375
2028.25390625
2058.76708984375
2138.556884765625
2140.989501953125
2114.353759765625
2099.85791015625
2096.590087890625
2114.327880859375
2125.03759765625
2137.0390625
2149.83984375
2159.2021484375
2168.232421875
2174.97216796875
2180.289794921875
2185.81005859375
2195.854248046875
2210.137939453125
2224.41015625
2237.896240234375
2252.235595703125
2269.6005859375
2289.791748046875
2311.037353515625
2333.771240234375
2363.82861328125
2404.22998046875
2457.748046875
2522.937255859375
2597.2900390625
120.83953857421875
121.91197967529297
122.54009246826172
122.94338989257812
123.26000213623047
123.53018951416016
1877.7802734375
2432.359130859375
2805.078125
2983.638427734375
3100.6787109375
3203.239990234375
3307.67431640625
3418.035888671875
3534.834716796875
3657.092529296875
3784.494140625
3917.568359375
4056.250244140625
4199.7041015625
4346.8447265625
4497.76220703125
4653.33984375
4814.1767578125
4979.79296875
5150.859375
5325.76025390625
5509.70166015625
5697.2119140625
5905.48291015625
6115.677734375
6333.2783203125
6564.9267578125
6808.71240234375
7067.2451171875
7317.140625
7411.1953125
7363.7236328125
7336.6884765625
7311.728515625
7285.71630859375
7256.43212890625
7218.41552734375
7177.52734375
7129.54541015625
7071.7470703125
7005.994140625
6933.6279296875
6854.97607421875
6769.67578125
6678.2373046875
6581.63623046875
6480.48828125
6374.443359375
6264.86669921875
6152.88134765625
6039.11181640625
5923.9404296875
5807.67822265625
5689.6259765625
