1586.898681640625
1267.978271484375
1031.710693359375
976.0413818359375
931.0686645507812
896.1331176757812
868.0318603515625
843.8251953125
821.5671997070312
800.2837524414062
779.4559936523438
763.0980224609375
743.7675170898438
723.1349487304688
702.1346435546875
681.3928833007812
666.5748291015625
650.4110107421875
632.8641967773438
614.6541137695312
596.0653076171875
576.9973754882812
558.255126953125
540.9984130859375
523.3328857421875
505.35784912109375
489.4644775390625
473.83575439453125
459.62054443359375
449.1390686035156
435.231689453125
420.5459289550781
127.91912841796875
130.0236053466797
130.81382751464844
131.45062255859375
131.95809936523438
132.28309631347656
405.5950622558594
414.0817565917969
412.0467224121094
415.50994873046875
408.3293151855469
397.0421447753906
383.9933166503906
372.11322021484375
361.9811706542969
353.623291015625
347.0556335449219
341.4372863769531
337.0863037109375
333.6239318847656
330.5010986328125
327.4363708496094
324.5257568359375
322.30694580078125
320.5395812988281
322.25
322.1461486816406
320.7844543457031
319.844482421875
325.8696594238281
329.39617919921875
330.9180908203125
331.6802062988281
332.1881103515625
332.6496276855469
336.51385498046875
344.3742370605469
354.7327575683594
365.1400451660156
377.1882019042969
391.7033386230469
407.7956848144531
427.70794677734375
449.189453125
471.45465087890625
494.72479248046875
517.9013061523438
540.3956909179688
561.8799438476562
582.2884521484375
600.6824340820312
616.9711303710938
631.5151977539062
645.169189453125
658.2243041992188
670.823486328125
682.9281005859375
694.5286865234375
705.1326904296875
714.2986450195312
