1712.4808349609375
1347.8104248046875
1108.3818359375
969.8412475585938
891.2381591796875
840.9395751953125
799.7977294921875
763.6657104492188
731.2116088867188
700.269775390625
675.7618408203125
651.2763061523438
624.981201171875
604.3947143554688
584.2776489257812
562.0408325195312
537.8860473632812
512.756103515625
492.3936462402344
476.3780822753906
458.6161804199219
440.884033203125
424.43505859375
408.952392578125
401.08709716796875
396.5882263183594
393.8740539550781
391.9671936035156
389.3384704589844
385.9557800292969
382.2875061035156
378.20068359375
371.58502197265625
119.02851867675781
120.97064971923828
122.17166900634766
122.96923828125
123.50020599365234
123.85414123535156
300.6209411621094
371.6058044433594
404.2181701660156
414.86077880859375
423.3940734863281
434.7681579589844
438.16278076171875
435.8759460449219
431.62518310546875
429.38995361328125
430.88153076171875
434.0431823730469
437.6168518066406
442.9981994628906
449.8486633300781
462.0094909667969
475.03509521484375
486.37884521484375
495.2764587402344
502.367919921875
508.36834716796875
512.9767456054688
516.8546142578125
519.607421875
520.7095947265625
521.1466674804688
521.491455078125
521.83056640625
521.9060668945312
521.5274658203125
521.20849609375
520.699462890625
519.0498657226562
516.480224609375
513.0751953125
509.19647216796875
504.9985656738281
500.60430908203125
496.1532897949219
491.6368408203125
487.1275329589844
482.5376281738281
477.73681640625
472.7205505371094
467.45867919921875
462.0122985839844
456.549560546875
450.9959411621094
445.40380859375
439.79693603515625
434.2825012207031
428.818359375
423.1719055175781
416.8639221191406
410.5516357421875
404.37042236328125
