2076.087890625
2044.8233642578125
2009.880615234375
2001.48681640625
2048.763916015625
2033.959228515625
2063.825927734375
2075.8125
2075.3720703125
2084.256103515625
2092.302490234375
2100.0615234375
2109.327392578125
2124.392333984375
2146.4423828125
2170.243408203125
2187.44775390625
2203.1513671875
2218.27490234375
2231.333740234375
2242.963134765625
2255.186279296875
2270.686767578125
2294.41064453125
2321.408203125
2352.566650390625
2393.55615234375
2444.339111328125
2501.610107421875
2565.046875
2635.406494140625
2713.080322265625
121.69644927978516
123.72623443603516
123.8741683959961
124.01255798339844
124.12110137939453
124.22615814208984
1799.7376708984375
2266.119384765625
2654.263427734375
2890.626220703125
3067.359619140625
3224.123046875
3381.6650390625
3549.05029296875
3727.563720703125
3916.050537109375
4112.94287109375
4315.3388671875
4520.03076171875
4724.59521484375
4929.029296875
5132.57275390625
5333.7353515625
5526.57275390625
5712.60302734375
5886.916015625
6059.11181640625
6239.11669921875
6427.607421875
6605.5810546875
6777.85107421875
6955.2841796875
7136.2666015625
7310.7451171875
7477.41650390625
7646.77783203125
7822.08544921875
7984.07861328125
8137.5048828125
8282.8203125
8405.9833984375
8504.9013671875
8585.5966796875
8631.6298828125
8657.4541015625
8683.0625
8711.1318359375
8742.400390625
8777.6103515625
8817.6953125
8863.18359375
8906.3857421875
8944.1865234375
8981.765625
9025.361328125
9059.947265625
9077.0908203125
9091.5283203125
9118.63671875
9168.0322265625
