2070.751708984375
2034.9169921875
2007.217041015625
2062.47607421875
2081.16943359375
2071.984619140625
2060.52880859375
2059.251708984375
2064.4638671875
2077.06689453125
2080.2802734375
2089.2080078125
2097.631591796875
2107.857421875
2119.01806640625
2124.231201171875
2131.8212890625
2140.5947265625
2150.342529296875
2162.7529296875
2187.730224609375
2224.113037109375
2273.6982421875
2329.361572265625
2387.300048828125
2450.84716796875
2527.992431640625
2619.89501953125
2723.757080078125
2842.58154296875
2979.2119140625
3132.76708984375
124.39788055419922
126.30952453613281
127.1592025756836
126.71842193603516
126.2885513305664
125.60958099365234
2361.838623046875
2901.353515625
3212.974365234375
3485.47216796875
3767.745361328125
4072.455322265625
4391.296875
4713.71484375
5030.0126953125
5347.77685546875
5666.0546875
5736.05615234375
5633.24365234375
5544.25244140625
5466.16650390625
5374.7841796875
5276.22998046875
5169.76123046875
5055.51904296875
4933.2119140625
4804.88134765625
4685.25537109375
4564.052734375
4438.15185546875
4309.52490234375
4183.0439453125
4060.425048828125
3939.166015625
3818.649658203125
3696.923828125
3576.493408203125
3452.982421875
3330.18212890625
3208.9306640625
3091.702880859375
2977.9990234375
2866.9755859375
2757.6376953125
2648.1611328125
2539.590087890625
2439.982177734375
2353.1171875
2274.8291015625
2201.921630859375
2131.687255859375
2063.9697265625
2001.0572509765625
1941.0159912109375
1883.4822998046875
1827.8404541015625
1773.7200927734375
1721.25244140625
1670.1312255859375
1619.65087890625
