1995.984619140625
2058.798583984375
2030.04736328125
2010.425537109375
2029.94482421875
2050.023681640625
2040.93896484375
2043.656494140625
2076.031494140625
2088.4970703125
2104.802001953125
2125.06884765625
2151.46435546875
2187.853515625
2235.65087890625
2312.581298828125
2430.056396484375
2579.71435546875
2741.43896484375
2908.787841796875
3079.785888671875
3257.8193359375
3444.701416015625
3643.7822265625
3857.61279296875
4090.46923828125
4345.9443359375
4626.0595703125
4934.017578125
5267.4716796875
5627.1728515625
6024.4560546875
248.13385009765625
279.8346252441406
296.9844665527344
320.6713562011719
341.06512451171875
357.97882080078125
373.8056945800781
7053.05908203125
6866.83056640625
6894.3828125
7282.9150390625
7738.73583984375
8215.4404296875
8460.876953125
8706.2900390625
9175.0390625
9638.853515625
10098.7412109375
10550.5263671875
10978.509765625
11394.8125
11806.2958984375
12211.595703125
12609.6376953125
12982.8525390625
13331.2548828125
13657.85546875
13962.943359375
14243.81640625
14516.06640625
14773.10546875
15019.568359375
15254.1845703125
15483.6953125
15705.486328125
15919.953125
16120.1533203125
16330.7060546875
16513.466796875
16692.720703125
16709.44140625
16001.2978515625
15696.361328125
15411.2783203125
14870.923828125
14355.2265625
13861.33203125
13387.47265625
12933.408203125
12497.560546875
12078.0205078125
11673.3447265625
11283.6123046875
10907.1787109375
10543.193359375
10192.0458984375
9852.8603515625
9525.9072265625
9209.8603515625
8904.6455078125
8607.921875
8320.322265625
8041.63671875
7772.73681640625
