2000.0457763671875
4069.59912109375
5121.22216796875
2164.55322265625
1598.4493408203125
1412.858154296875
1223.859130859375
1115.1845703125
1053.842529296875
1006.750732421875
981.1079711914062
963.1309814453125
923.3218383789062
885.9625244140625
854.4308471679688
820.9403686523438
787.2140502929688
756.5579833984375
730.1395874023438
707.4700927734375
687.923828125
670.96484375
656.3070068359375
643.6830444335938
632.5319213867188
622.4033813476562
613.0468139648438
604.339111328125
596.217041015625
588.63916015625
581.6110229492188
575.0559692382812
568.8262939453125
562.8032836914062
95.973876953125
91.4388656616211
88.18778228759766
86.02972412109375
84.6541748046875
83.64452362060547
789.7520751953125
818.9711303710938
873.8475341796875
764.3056640625
653.07861328125
600.3603515625
569.3942260742188
550.1898193359375
538.1312255859375
530.0176391601562
525.3873291015625
523.2296752929688
522.6878051757812
522.6514282226562
521.8867797851562
519.6968994140625
515.7452392578125
510.32342529296875
504.6341857910156
498.1905517578125
490.5926818847656
482.7449951171875
475.6125183105469
469.6077880859375
465.0622253417969
461.3601379394531
458.16644287109375
455.5636901855469
454.4718933105469
455.2586975097656
457.3935241699219
460.00628662109375
462.2536315917969
463.6464538574219
463.8648986816406
463.2904968261719
462.1261901855469
460.33465576171875
457.93524169921875
455.0173645019531
451.7620544433594
448.42901611328125
445.27178955078125
442.8455810546875
441.3470153808594
440.6392517089844
441.21142578125
443.3456726074219
446.2987365722656
449.84649658203125
453.9315185546875
458.40936279296875
463.0362854003906
467.511962890625
471.5211486816406
