2076.236572265625
2046.983154296875
2021.9669189453125
2004.6763916015625
1993.845947265625
2063.329833984375
2063.70654296875
2117.593505859375
2153.770263671875
2185.094482421875
2208.87841796875
2247.62841796875
2289.74951171875
2326.572998046875
2364.920654296875
2404.778076171875
2449.454345703125
2512.056640625
2598.9892578125
2708.547119140625
2834.583740234375
2973.484130859375
3124.000732421875
3280.41796875
3436.583740234375
3591.1494140625
3747.944580078125
3910.158935546875
4076.150390625
4242.83251953125
4410.77880859375
4580.3837890625
4668.6904296875
4758.96240234375
153.93609619140625
128.64674377441406
125.10881805419922
126.11553192138672
127.91974639892578
129.31678771972656
3484.78759765625
3826.196533203125
4020.788330078125
4212.19140625
4380.61962890625
4592.4501953125
4843.88232421875
5120.70654296875
5452.615234375
5812.43212890625
6210.6025390625
6612.61767578125
7027.77880859375
7465.34130859375
7867.27294921875
8215.423828125
8532.89453125
8725.1396484375
8771.685546875
8809.5166015625
8851.9833984375
8929.572265625
9044.4677734375
9111.8603515625
8680.1318359375
8130.9375
7709.80029296875
7349.36669921875
7023.41259765625
6707.611328125
6402.046875
6109.9189453125
5835.8671875
5583.55908203125
5348.5693359375
5122.93701171875
4913.09423828125
4723.486328125
4533.59716796875
4343.60791015625
4158.0361328125
3996.531982421875
3856.023681640625
3725.7001953125
3608.551513671875
3492.545166015625
3373.12255859375
3247.3525390625
3112.292236328125
2967.941650390625
2843.3505859375
2731.010009765625
2628.809326171875
2525.63330078125
2431.76513671875
