2053.6728515625
2013.4072265625
2025.762451171875
2209.311767578125
2276.186767578125
2377.299072265625
2444.7216796875
2471.98974609375
2450.201904296875
2410.28076171875
2374.6552734375
2348.2685546875
2329.322021484375
2317.3583984375
2307.416259765625
2304.6904296875
2311.982666015625
2330.01171875
2372.573974609375
2446.57861328125
2537.639404296875
2640.271484375
2761.6015625
2910.054931640625
3087.298583984375
3290.626708984375
3511.53955078125
3742.545166015625
3982.8095703125
4233.22412109375
4496.470703125
4770.04443359375
5051.33203125
5355.396484375
211.73712158203125
204.58335876464844
195.21206665039062
194.0756072998047
201.68157958984375
213.10498046875
223.38174438476562
5428.7451171875
6116.18701171875
6495.41357421875
6680.3369140625
6697.70361328125
6526.0322265625
6318.12255859375
6106.0654296875
6002.67333984375
5956.3857421875
5932.19482421875
5918.7734375
5911.53515625
5898.52685546875
5869.5791015625
5828.89208984375
5767.49951171875
5692.68017578125
5608.64111328125
5510.73388671875
5399.53271484375
5277.296875
5145.8486328125
5000.86328125
4845.478515625
4687.73388671875
4528.5400390625
4367.53125
4205.7412109375
4043.5615234375
3882.376220703125
3724.286865234375
3570.36865234375
3420.960693359375
3277.4697265625
3139.529541015625
3006.182861328125
2877.2314453125
2752.865966796875
2633.611328125
2520.212890625
2412.865966796875
2308.075927734375
2205.08349609375
2106.297607421875
2012.9970703125
1967.3621826171875
1923.2664794921875
1838.87451171875
1759.0540771484375
1684.3602294921875
1612.0887451171875
1542.5498046875
1475.6436767578125
1411.2513427734375
1348.9910888671875
1288.6866455078125
