1718.282470703125
1295.7899169921875
998.2442626953125
895.1364135742188
852.58447265625
812.7753295898438
775.849365234375
740.3511962890625
706.7593383789062
675.177001953125
649.8524780273438
629.6167602539062
606.3746948242188
581.85595703125
556.927001953125
531.8179931640625
507.4114074707031
484.4408874511719
467.8135986328125
456.43951416015625
444.5681457519531
431.6913146972656
422.4606018066406
419.98016357421875
415.29168701171875
409.7119140625
407.02655029296875
404.560546875
400.0615539550781
396.9879150390625
394.3134765625
391.1122741699219
389.0469665527344
120.9342269897461
122.97074127197266
124.21439361572266
124.94816589355469
125.3228759765625
125.663330078125
355.5557556152344
385.5782775878906
421.81494140625
421.5889892578125
449.4231872558594
461.3978576660156
461.671142578125
459.9869384765625
445.1417236328125
428.93408203125
415.65765380859375
406.083251953125
399.8493957519531
396.1584777832031
394.5274963378906
397.44476318359375
407.991455078125
420.80938720703125
437.013427734375
456.0694274902344
479.1560974121094
504.13446044921875
528.9484252929688
552.8729858398438
575.9163208007812
591.1044311523438
598.7301635742188
619.78173828125
641.3937377929688
662.335693359375
682.0560302734375
699.90087890625
716.022216796875
729.85498046875
741.4285888671875
750.84423828125
758.2340087890625
763.7787475585938
767.6279296875
769.9767456054688
771.00146484375
770.7974243164062
769.4400634765625
767.0477905273438
763.7958374023438
759.8364868164062
755.1887817382812
749.9867553710938
744.5169067382812
738.582763671875
732.161865234375
725.3606567382812
718.2919311523438
711.0636596679688
703.6605834960938
696.0657958984375
688.3358764648438
