2022.071533203125
1818.1192626953125
1902.823486328125
1788.4664306640625
1526.927734375
1409.4793701171875
1380.575927734375
1362.29296875
1341.96435546875
1319.2237548828125
1301.672119140625
1291.219482421875
1283.8365478515625
1275.423583984375
1266.7294921875
1259.615234375
1256.3599853515625
1259.930908203125
1273.6983642578125
1300.2740478515625
1335.63232421875
1376.91259765625
1422.40576171875
1470.3262939453125
1524.38232421875
1578.123046875
1630.8291015625
1683.9091796875
1739.9112548828125
1798.1353759765625
1858.245849609375
1918.1734619140625
1975.2742919921875
290.51251220703125
273.77813720703125
274.1751708984375
297.60882568359375
328.35736083984375
360.8992919921875
392.927001953125
2564.84375
2507.30810546875
2486.490234375
2468.274658203125
2482.075439453125
2521.965576171875
2552.25732421875
2571.8642578125
2619.890869140625
2660.843505859375
2692.165283203125
2713.14794921875
2723.8544921875
2725.339599609375
2718.111083984375
2702.5888671875
2679.922119140625
2650.393310546875
2613.672119140625
2568.5146484375
2519.076416015625
2465.715576171875
2408.975830078125
2349.84375
2289.202880859375
2227.440673828125
2165.271728515625
2103.2373046875
2042.030517578125
1981.669921875
1922.21142578125
1863.72216796875
1806.02490234375
1749.9046630859375
1694.982666015625
1640.822021484375
1587.481201171875
1536.122802734375
1486.7227783203125
1439.409912109375
1393.9952392578125
1350.2735595703125
1308.1368408203125
1267.5986328125
1228.6253662109375
1191.1370849609375
1155.0462646484375
1120.2388916015625
1086.6795654296875
1054.7523193359375
1024.081787109375
994.3515625
965.5997314453125
937.8162231445312
911.2443237304688
885.5999145507812
