2054.445068359375
2011.316162109375
2101.065185546875
2131.381103515625
2188.68212890625
2224.993896484375
2205.049560546875
2175.091796875
2164.44580078125
2161.221435546875
2159.592529296875
2159.0126953125
2164.037841796875
2171.58349609375
2180.307861328125
2192.1064453125
2202.429443359375
2210.550537109375
2217.90771484375
2226.334716796875
2244.13623046875
2270.279541015625
2302.909423828125
2346.490966796875
2393.370361328125
2448.0283203125
2512.333984375
2589.5546875
2677.355224609375
2773.771240234375
2880.61328125
3000.142822265625
127.37812805175781
116.85598754882812
116.24418640136719
115.23365020751953
115.0699462890625
115.39290618896484
115.73384094238281
1922.1397705078125
2612.256103515625
3042.39892578125
3345.05859375
3593.107666015625
3832.158935546875
4083.767822265625
4347.3017578125
4619.77294921875
4905.5830078125
5197.603515625
5514.1181640625
5818.435546875
6158.7841796875
6499.931640625
6817.98681640625
7126.80419921875
7416.46044921875
7648.38427734375
7300.72998046875
7062.6240234375
6854.10791015625
6649.14306640625
6439.32763671875
6225.84814453125
6010.8818359375
5799.30615234375
5590.7236328125
5393.20654296875
5206.576171875
5028.6650390625
4856.60205078125
4687.78515625
4520.06689453125
4353.9765625
4189.8447265625
4029.046630859375
3872.37353515625
3720.2587890625
3578.508544921875
3441.079833984375
3308.46728515625
3182.44970703125
3063.889892578125
2946.739501953125
2838.350341796875
2738.392578125
2639.471923828125
2542.115478515625
2445.537841796875
2351.80029296875
2261.93603515625
2176.110107421875
2092.66064453125
