2053.6875
2022.092529296875
1994.6025390625
2084.25048828125
2062.6416015625
2047.7958984375
2036.7225341796875
2027.6171875
2028.2119140625
2030.358642578125
2048.54833984375
2066.68994140625
2074.592529296875
2076.17333984375
2082.630126953125
2098.2490234375
2116.40283203125
2138.698974609375
2167.70068359375
2195.3447265625
2223.92724609375
2261.6640625
2311.865478515625
2378.04296875
2460.877685546875
2560.69140625
2677.648681640625
2811.32080078125
2960.73828125
3124.13916015625
3299.79052734375
3485.92822265625
124.78750610351562
126.36418151855469
126.74673461914062
126.85700988769531
126.88347625732422
136.57977294921875
3955.9990234375
4465.59716796875
4762.45703125
4917.4228515625
5022.79443359375
5128.8505859375
5254.466796875
5405.64453125
5582.2890625
5784.71728515625
6015.79833984375
6279.1162109375
6560.900390625
6854.8291015625
7157.587890625
7473.4912109375
7847.23193359375
8247.2294921875
8654.2158203125
9063.63671875
9499.244140625
9935.7939453125
10381.0263671875
10849.443359375
11341.646484375
11864.197265625
12397.5205078125
12933.1611328125
13475.1474609375
14025.2353515625
14584.6767578125
15154.5400390625
15735.4873046875
16070.6611328125
16073.140625
16085.6796875
16093.984375
16093.3359375
16081.5908203125
16059.21484375
16025.7109375
15982.3173828125
15928.248046875
15863.2978515625
15786.4560546875
15702.0859375
15606.580078125
15498.7578125
15381.2294921875
15254.357421875
15115.568359375
14964.5810546875
14802.005859375
14629.3330078125
