0.4843602180480957
0.5215413570404053
0.7248822450637817
0.9957824945449829
1.0214314460754395
1.0255345106124878
1.0304749011993408
1.0383609533309937
1.0477279424667358
1.0588560104370117
1.0715267658233643
1.0873889923095703
1.104362964630127
1.117796778678894
1.1307353973388672
1.142418622970581
1.1539490222930908
1.165291666984558
1.177796483039856
1.1888492107391357
1.2023922204971313
1.220716118812561
1.2465440034866333
1.2754236459732056
1.3057398796081543
1.3403829336166382
1.3821094036102295
1.4283825159072876
1.4841610193252563
1.5526803731918335
1.640160083770752
1.7459269762039185
0.03297141194343567
0.03285036236047745
0.03279966861009598
0.032748837023973465
0.03359212353825569
0.034230973571538925
0.6234310269355774
1.3217607736587524
1.8358930349349976
2.017282009124756
1.9878411293029785
1.9586278200149536
1.9412864446640015
1.9562150239944458
1.9995450973510742
2.0463929176330566
2.072232961654663
10.479687690734863
16.772104263305664
20.913543701171875
24.290285110473633
29.019241333007812
34.48678207397461
39.99518966674805
45.29484558105469
50.346134185791016
55.168601989746094
60.420509338378906
65.60089874267578
70.51419067382812
75.15111541748047
79.52175903320312
83.62677764892578
87.38467407226562
90.93223571777344
94.19674682617188
97.14908599853516
100.34416961669922
103.29112243652344
105.90364074707031
108.17656707763672
110.11734771728516
111.73925018310547
113.07672882080078
114.12346649169922
114.9221420288086
115.51362609863281
115.93143463134766
116.20909881591797
116.43343353271484
116.58657836914062
116.69589233398438
116.97797393798828
117.0511703491211
116.99386596679688
116.86343383789062
116.6894760131836
116.49092102050781
116.296630859375
116.00084686279297
