0.007936554960906506
0.008756651543080807
0.009736563079059124
0.010714267380535603
0.011469901539385319
0.01163584552705288
0.011705337092280388
0.011756443418562412
0.011817273683845997
0.011900581419467926
0.011989417485892773
0.012091269716620445
0.012203718535602093
0.012301435694098473
0.012383947148919106
0.012466276064515114
0.012557610869407654
0.01268298365175724
0.012852417305111885
0.013056772761046886
0.013289820402860641
0.013544636778533459
0.013816255144774914
0.014103488996624947
0.014403818175196648
0.014719660393893719
0.014987693168222904
0.015272253192961216
0.0155678391456604
0.01587565243244171
0.0161967221647501
0.016537366434931755
0.0009097983129322529
0.000894451979547739
0.000902265717741102
0.0009122058399952948
0.0009207194088958204
0.0009275841875933111
0.01663515530526638
0.017397375777363777
0.017812484875321388
0.018128907307982445
0.018453115597367287
0.018819361925125122
0.019242722541093826
0.019729483872652054
0.020261818543076515
0.0208405964076519
0.02143760584294796
0.021931782364845276
0.022452648729085922
0.02299734763801098
0.023575084283947945
0.024196689948439598
0.024862315505743027
0.025547590106725693
0.02624785155057907
0.026960723102092743
0.027680611237883568
0.028389979153871536
0.029102515429258347
0.02981537953019142
0.030528318136930466
0.03124062903225422
0.031952373683452606
0.03266558051109314
0.03337092325091362
0.03408866375684738
0.03482567518949509
0.03555207699537277
0.03626500815153122
0.036959368735551834
0.03763613849878311
0.038290154188871384
0.03872426226735115
0.03745940700173378
0.036326706409454346
0.03525175526738167
0.03421556577086449
0.033213455229997635
0.0322432741522789
0.031303029507398605
0.030391529202461243
0.029505455866456032
0.02864260971546173
0.02780594304203987
0.026994146406650543
0.026207653805613518
0.025445017963647842
0.024707816541194916
0.023994987830519676
0.023305829614400864
