7.060230731964111
8.396156311035156
10.872515678405762
13.798571586608887
14.173155784606934
15.218790054321289
14.88672924041748
14.891172409057617
15.344783782958984
15.99263858795166
16.782442092895508
17.1787166595459
17.469785690307617
17.878095626831055
18.518295288085938
19.49453353881836
20.888675689697266
22.723262786865234
24.83088493347168
27.298471450805664
30.15873908996582
33.323726654052734
36.746456146240234
40.911033630371094
46.123138427734375
52.551239013671875
60.085105895996094
68.80854034423828
79.06074523925781
92.21318817138672
108.46882629394531
126.31187438964844
1.1823821067810059
2.366103410720825
2.199477195739746
2.2571628093719482
2.343841075897217
2.4176340103149414
58.12103271484375
89.53538513183594
193.26258850097656
208.1702423095703
243.77847290039062
274.2510986328125
301.5841369628906
327.3701171875
351.98162841796875
377.0472106933594
403.85028076171875
431.6017150878906
455.8417053222656
469.2386779785156
482.679931640625
495.3727722167969
507.21551513671875
518.4749755859375
529.0853271484375
538.9661254882812
548.0567016601562
555.0885009765625
561.061279296875
566.3659057617188
570.3462524414062
573.3434448242188
576.2015991210938
579.1251831054688
581.9318237304688
584.4813842773438
586.5060424804688
587.8421020507812
588.6109619140625
589.0301513671875
589.1875610351562
588.9423828125
588.4100341796875
587.6000366210938
586.552978515625
585.2813110351562
583.8074951171875
582.0230102539062
579.980712890625
577.610595703125
573.9840087890625
570.6255493164062
567.3336791992188
564.08544921875
560.8170776367188
557.4781494140625
554.06298828125
550.5399169921875
546.9703369140625
543.410888671875
