0.04078500717878342
0.044360097497701645
0.04944369196891785
0.05473482608795166
0.055553995072841644
0.05574796348810196
0.05611158162355423
0.056495413184165955
0.05677304044365883
0.05697009339928627
0.05712934955954552
0.057319242507219315
0.05758824571967125
0.05791999772191048
0.058235201984643936
0.05850999429821968
0.05877525731921196
0.05902744084596634
0.05927567183971405
0.05955725535750389
0.05991934612393379
0.06037658080458641
0.060913726687431335
0.06152115762233734
0.062195662409067154
0.06294362992048264
0.06376101821660995
0.06466522067785263
0.06562560796737671
0.06663893908262253
0.06771990656852722
0.06885894387960434
0.0035947298165410757
0.0032990342006087303
0.0031655486673116684
0.0030936358962208033
0.0030462525319308043
0.0030111540108919144
0.06139541417360306
0.0665350928902626
0.068769171833992
0.07027418911457062
0.07172315567731857
0.07329775393009186
0.07501965761184692
0.07684823870658875
0.07876069098711014
0.08077577501535416
0.08281094580888748
0.08479105681180954
0.08670362830162048
0.0886150524020195
0.09059422463178635
0.09258328378200531
0.09412179887294769
0.09559566527605057
0.09705673158168793
0.09852509945631027
0.1000959500670433
0.10220293700695038
0.10494384169578552
0.10736078023910522
0.10966793447732925
0.11198021471500397
0.11442394554615021
0.11681269854307175
0.1191323921084404
0.12140297144651413
0.12366631627082825
0.12604540586471558
0.12855888903141022
0.13110323250293732
0.1335986703634262
0.13598066568374634
0.13866332173347473
0.14188463985919952
0.14557823538780212
0.14939607679843903
0.14962367713451385
0.14313241839408875
0.1377929300069809
0.13303358852863312
0.12843649089336395
0.12395849078893661
0.11962854117155075
0.11530442535877228
0.11098963022232056
0.10688843578100204
0.10302527993917465
0.09932806342840195
0.09589173644781113
0.09284941107034683
