0.022103892639279366
0.02418951876461506
0.028189117088913918
0.03000727854669094
0.030751576647162437
0.031085748225450516
0.031200595200061798
0.03125565126538277
0.031326163560152054
0.031461454927921295
0.03162352368235588
0.03176984563469887
0.03191578388214111
0.03203549236059189
0.03214487060904503
0.03224116191267967
0.03234665468335152
0.0324571318924427
0.03257749229669571
0.032704465091228485
0.0328255221247673
0.03294254466891289
0.03306201472878456
0.033193644136190414
0.03335968405008316
0.03359497711062431
0.03391845151782036
0.034309271723032
0.03476041182875633
0.03526536375284195
0.03581961616873741
0.03641517087817192
0.002117359545081854
0.0017403034726157784
0.0016189089510589838
0.0015760728856548667
0.0015604723012074828
0.001556347357109189
0.03353040665388107
0.03653639554977417
0.037823595106601715
0.0386095866560936
0.03926820307970047
0.03991932421922684
0.04060487821698189
0.04133979603648186
0.042125340551137924
0.042955879122018814
0.04382063448429108
0.04471282288432121
0.04563607648015022
0.04662644863128662
0.0476396307349205
0.04847382381558418
0.04931817948818207
0.05016595125198364
0.051051925867795944
0.05196753144264221
0.0528981052339077
0.053850892931222916
0.05481390655040741
0.055785223841667175
0.056793179363012314
0.056029193103313446
0.05482814833521843
0.053681936115026474
0.052555669099092484
0.05142548307776451
0.050306305289268494
0.04919961467385292
0.048116058111190796
0.04705667868256569
0.04601482301950455
0.04498361051082611
0.04395928233861923
0.0429413802921772
0.041926246136426926
0.040919896215200424
0.039921652525663376
0.0389057956635952
0.037904784083366394
0.036952003836631775
0.03649473562836647
0.03605461120605469
0.035221848636865616
0.03442467749118805
0.033652205020189285
0.03289997950196266
0.032163966447114944
0.03144455328583717
0.03074289672076702
0.03005521558225155
0.029380375519394875
