0.022071518003940582
0.024406617507338524
0.028073202818632126
0.029875757172703743
0.030686894431710243
0.031066671013832092
0.031208183616399765
0.031273648142814636
0.031339533627033234
0.03146000951528549
0.031631696969270706
0.031792040914297104
0.031961727887392044
0.032096978276968
0.03221401572227478
0.032307181507349014
0.032407160848379135
0.032512981444597244
0.03262824937701225
0.03275018557906151
0.032872334122657776
0.03299329802393913
0.03311685845255852
0.033252984285354614
0.03342745080590248
0.03367535397410393
0.03401171788573265
0.034415699541568756
0.03488261252641678
0.03540388122200966
0.03597339242696762
0.036582209169864655
0.002141975797712803
0.0017841316293925047
0.001655252417549491
0.0016038246685639024
0.0015898841666057706
0.001596383866854012
0.03366432711482048
0.03667135164141655
0.03799029812216759
0.03879442811012268
0.039461951702833176
0.04011473432183266
0.04080064967274666
0.04153642803430557
0.042321331799030304
0.04315212741494179
0.04401569440960884
0.04490888491272926
0.04583679884672165
0.046840716153383255
0.04781598225235939
0.04863908886909485
0.04946836829185486
0.05030402913689613
0.05116821452975273
0.05206364020705223
0.05297714099287987
0.053926654160022736
0.054887689650058746
0.05585465952754021
0.05684395879507065
0.05554987117648125
0.05436265841126442
0.05321941152215004
0.052094779908657074
0.05095665901899338
0.049833547323942184
0.04872387275099754
0.0476408451795578
0.04657523334026337
0.045520879328250885
0.04447374865412712
0.04342900216579437
0.04236917197704315
0.04131465032696724
0.04028148204088211
0.039284802973270416
0.038331590592861176
0.03742414340376854
0.03655249625444412
0.035708341747522354
0.03488725796341896
0.03409110754728317
0.03331780433654785
0.032566141337156296
0.03183283284306526
0.031116485595703125
0.03041795827448368
0.029737282544374466
0.029072998091578484
