0.02442942000925541
0.02696276642382145
0.030505124479532242
0.03341713920235634
0.03401577100157738
0.03423229604959488
0.03444938361644745
0.034591060131788254
0.03476259112358093
0.034947313368320465
0.03509269654750824
0.03525853157043457
0.035470109432935715
0.03569415584206581
0.035962916910648346
0.03625686466693878
0.0365598201751709
0.036858536303043365
0.0371735580265522
0.03751945495605469
0.0379272885620594
0.03840072080492973
0.038938187062740326
0.03952641040086746
0.040159814059734344
0.040857139974832535
0.0415983647108078
0.04237813502550125
0.04319370165467262
0.04405336081981659
0.04495776817202568
0.0459006167948246
0.0024094253312796354
0.0023035502526909113
0.0022823153994977474
0.0022849326487630606
0.0022965699899941683
0.002312056953087449
0.04273789003491402
0.04539322108030319
0.04674142226576805
0.04773373156785965
0.04868019372224808
0.04969839006662369
0.05083003267645836
0.05210180580615997
0.05348287522792816
0.054965145885944366
0.056430134922266006
0.057649776339530945
0.058880601078271866
0.06012718379497528
0.06142941862344742
0.06265409290790558
0.06383790820837021
0.0649971067905426
0.06611371040344238
0.06719453632831573
0.06824153661727905
0.06925726681947708
0.07022769004106522
0.07119060307741165
0.07213768362998962
0.07027387619018555
0.06772429496049881
0.06534085422754288
0.06305360794067383
0.0608321838080883
0.058659955859184265
0.05653040483593941
0.05444129556417465
0.052397578954696655
0.05041133984923363
0.04847821593284607
0.04658950865268707
0.04473724216222763
0.042915258556604385
0.04123322665691376
0.03981606289744377
0.03853931650519371
0.03734897822141647
0.0362202450633049
0.03513781353831291
0.03409206494688988
0.03307393193244934
0.03208835422992706
0.031141595914959908
0.030240800231695175
0.02938545122742653
0.02857034094631672
0.02778836339712143
0.027037562802433968
