0.0406162291765213
0.044016189873218536
0.048855360597372055
0.054331738501787186
0.05542312562465668
0.055691249668598175
0.05604385584592819
0.05646698176860809
0.05673644691705704
0.05702816694974899
0.05727773532271385
0.05746292695403099
0.05769797042012215
0.05796962231397629
0.0582585409283638
0.058503955602645874
0.0587347187101841
0.058976784348487854
0.059222202748060226
0.059465762227773666
0.05971406772732735
0.05998988077044487
0.06033222749829292
0.06077500432729721
0.06131153181195259
0.061913490295410156
0.06255912035703659
0.06325934082269669
0.06404738873243332
0.06493689864873886
0.06588409841060638
0.06688089668750763
0.0036050607450306416
0.0033371879253536463
0.003181359264999628
0.0030911476351320744
0.0030326792038977146
0.0029917762149125338
0.059407006949186325
0.06442227959632874
0.06706169247627258
0.068779855966568
0.07024872303009033
0.0717368796467781
0.07334540784358978
0.07509763538837433
0.0769815519452095
0.07898036390542984
0.08110302686691284
0.08328639715909958
0.08545699715614319
0.08759485930204391
0.0898163765668869
0.092008575797081
0.09363856166601181
0.0952332466840744
0.09681887924671173
0.09841100871562958
0.09996100515127182
0.10225990414619446
0.10498040914535522
0.10760170966386795
0.1100437119603157
0.11240874975919724
0.11474750936031342
0.11723721027374268
0.11994128674268723
0.12233195453882217
0.12453856319189072
0.1267024129629135
0.12879087030887604
0.13079510629177094
0.1327231526374817
0.13450774550437927
0.1361614614725113
0.137674018740654
0.1390252560377121
0.1406984180212021
0.1430380940437317
0.14638055860996246
0.14839154481887817
0.14959841966629028
0.14820367097854614
0.142964169383049
0.13848313689231873
0.13427308201789856
0.13021518290042877
0.12626010179519653
0.12238255888223648
0.11858290433883667
0.1149439886212349
0.1115843802690506
