0.041182924062013626
0.045195166021585464
0.05099236220121384
0.05501424893736839
0.05594513937830925
0.05619881674647331
0.05638497695326805
0.056690946221351624
0.05710657313466072
0.057491641491651535
0.05782420188188553
0.05809888616204262
0.05831098183989525
0.05850100889801979
0.05867740511894226
0.05884444713592529
0.05900493264198303
0.05918778106570244
0.05938327684998512
0.059613876044750214
0.05986328795552254
0.06012909486889839
0.06042052432894707
0.06073456257581711
0.06108842417597771
0.06154068559408188
0.062073200941085815
0.06265752762556076
0.0632835105061531
0.06394252926111221
0.06462092697620392
0.06531478464603424
0.0031882442999631166
0.002901663538068533
0.002808483550325036
0.0028034732677042484
0.0027967633213847876
0.002791099948808551
0.05713532492518425
0.061491966247558594
0.06362779438495636
0.06530117988586426
0.06675812602043152
0.06805645674467087
0.06923071295022964
0.0703040361404419
0.07129913568496704
0.07224196940660477
0.07315104454755783
0.07405059784650803
0.07495822012424469
0.07585729658603668
0.07678516954183578
0.07777698338031769
0.07883454114198685
0.07995682209730148
0.08119884878396988
0.08251523226499557
0.08392887562513351
0.08542478084564209
0.08694511651992798
0.08839374780654907
0.08993613719940186
0.09160687029361725
0.09339381009340286
0.09485398232936859
0.09675939381122589
0.09897991269826889
0.10108745843172073
0.10221389681100845
0.10348405689001083
0.10549741238355637
0.10768452286720276
0.11028299480676651
0.11391017585992813
0.11870422214269638
0.11428006738424301
0.10864993929862976
0.1079147532582283
0.10893282294273376
0.11103450506925583
0.11391128599643707
0.14427201449871063
0.1790507733821869
0.21660973131656647
0.2566615045070648
0.2992066442966461
0.3444148898124695
0.3928045928478241
0.4429394602775574
0.49039989709854126
0.5425214171409607
