0.03710615262389183
0.03888603299856186
0.04262423515319824
0.04620965197682381
0.04871811345219612
0.049994051456451416
0.05107918754220009
0.05140884965658188
0.05155273526906967
0.051673877984285355
0.051796551793813705
0.05194074660539627
0.052140384912490845
0.05241422355175018
0.05273120850324631
0.05301111564040184
0.05327097326517105
0.05354006215929985
0.05381713807582855
0.05409678444266319
0.054396990686655045
0.05477657914161682
0.05524454265832901
0.055792320519685745
0.05639142915606499
0.05702798068523407
0.05770876258611679
0.05845414102077484
0.05924902483820915
0.06006332486867905
0.060897380113601685
0.061767786741256714
0.0035846575628966093
0.003522543702274561
0.0035264932084828615
0.003526033367961645
0.003519564401358366
0.0035093743354082108
0.0586518794298172
0.05983836576342583
0.060926131904125214
0.06209515780210495
0.06335598975419998
0.06472297757863998
0.06614860892295837
0.06759755313396454
0.06904006004333496
0.0704582929611206
0.07186993956565857
0.07327735424041748
0.07466645538806915
0.0760226771235466
0.07739250361919403
0.07880896329879761
0.08030954748392105
0.08167339116334915
0.08297809213399887
0.08431434631347656
0.08572480827569962
0.08716339617967606
0.08860120922327042
0.08987115323543549
0.09098272770643234
0.09203694015741348
0.09306538105010986
0.0941152572631836
0.0951709970831871
0.09615134447813034
0.09706104546785355
0.09791869670152664
0.09876690804958344
0.09989745169878006
0.1009097769856453
0.10191868990659714
0.1029365137219429
0.10392110794782639
0.10491323471069336
0.10586388409137726
0.10672429949045181
0.10754027217626572
0.1081167608499527
0.10852398723363876
0.10894506424665451
0.1094617247581482
0.11007843166589737
0.11096800863742828
0.11188872903585434
0.112798310816288
0.10921742767095566
0.10569625347852707
0.10239558666944504
0.09919795393943787
