0.1765207052230835
0.1854553073644638
0.18308359384536743
0.1964876502752304
0.20886270701885223
0.21993596851825714
0.2304861843585968
0.2408624291419983
0.24919667840003967
0.2516523599624634
0.25364556908607483
0.25563716888427734
0.2575630843639374
0.2591760754585266
0.2606477737426758
0.2620798647403717
0.2634581923484802
0.26473987102508545
0.2659337520599365
0.26705440878868103
0.2680036723613739
0.2689899206161499
0.2699832320213318
0.27082696557044983
0.2716263234615326
0.2729572653770447
0.27412161231040955
0.2751481235027313
0.27605971693992615
0.27703943848609924
0.2782290279865265
0.2797222137451172
0.022823568433523178
0.02235347218811512
0.022158484905958176
0.022036021575331688
0.021940825507044792
0.021859340369701385
0.23934902250766754
0.259669691324234
0.26800966262817383
0.27322888374328613
0.27751684188842773
0.2821750044822693
0.2903191149234772
0.2989409267902374
0.30766355991363525
0.31634506583213806
0.32499203085899353
0.3336123824119568
0.3425898849964142
0.35167378187179565
0.3610132038593292
0.37020474672317505
0.37893369793891907
0.38685768842697144
0.40507903695106506
0.4673525094985962
0.5781589150428772
0.7647985219955444
1.0881309509277344
7.6796488761901855
38.58414840698242
58.0681037902832
74.2371826171875
87.4991455078125
99.40485382080078
110.75442504882812
121.83885955810547
133.13804626464844
144.77980041503906
155.8795928955078
166.94625854492188
178.2709197998047
189.7498321533203
201.27383422851562
213.00820922851562
224.9732666015625
237.18243408203125
250.07080078125
263.1540222167969
276.2567138671875
289.53717041015625
302.5783386230469
316.4117736816406
331.90826416015625
349.62261962890625
369.13720703125
384.1044006347656
384.21142578125
384.6388244628906
385.02105712890625
