10.760396957397461
11.017803192138672
8.35853385925293
7.521914005279541
7.361526966094971
7.219058990478516
7.009072303771973
6.840706825256348
6.719186305999756
6.639034748077393
6.548807621002197
6.491701602935791
6.471376419067383
6.468983173370361
6.484726428985596
6.516254901885986
6.563657283782959
6.627079963684082
6.704673767089844
6.793837547302246
6.884696960449219
6.973401069641113
7.065345764160156
7.1687750816345215
7.269636154174805
7.3502197265625
7.435143947601318
7.536253929138184
7.654487609863281
7.791337966918945
7.949923515319824
8.132566452026367
0.5075738430023193
0.48722973465919495
0.5042634010314941
0.5237628817558289
0.5389780402183533
0.544528067111969
9.100899696350098
10.020458221435547
10.245253562927246
10.473773002624512
10.748318672180176
11.038862228393555
11.413427352905273
11.91284465789795
12.435661315917969
12.895891189575195
13.337970733642578
13.774558067321777
14.208220481872559
14.638192176818848
15.063108444213867
15.486589431762695
15.933887481689453
16.382999420166016
16.82705307006836
17.265384674072266
17.699129104614258
18.125783920288086
18.545740127563477
18.961902618408203
19.36711311340332
19.75885772705078
20.138851165771484
20.51221466064453
20.914636611938477
21.31150245666504
21.720006942749023
22.13920021057129
22.55915069580078
22.97787857055664
23.405517578125
23.826383590698242
24.235149383544922
24.62148094177246
24.984540939331055
25.325580596923828
25.644590377807617
25.942171096801758
26.22023582458496
26.49968147277832
26.780115127563477
27.048492431640625
27.300575256347656
27.53564453125
27.752256393432617
27.950441360473633
28.132949829101562
28.299081802368164
28.4486026763916
28.609966278076172
