0.022171862423419952
0.024595411494374275
0.028189662843942642
0.029921045526862144
0.03069964423775673
0.03105386532843113
0.03118184395134449
0.03124273382127285
0.03131234273314476
0.03143194690346718
0.03159911185503006
0.03175095096230507
0.031906913965940475
0.03203081339597702
0.03214621916413307
0.032242827117443085
0.03234533965587616
0.03245135024189949
0.03256963565945625
0.032694894820451736
0.03281537815928459
0.032931096851825714
0.033049266785383224
0.03317714482545853
0.03333521634340286
0.033558882772922516
0.03387027606368065
0.03425195813179016
0.03469223156571388
0.035186830908060074
0.035731472074985504
0.036318909376859665
0.0020800547208637
0.0017370330169796944
0.0016187691362574697
0.0015723860124126077
0.0015621144557371736
0.0015715190675109625
0.033488307148218155
0.03640313819050789
0.037682387977838516
0.03847350552678108
0.039132121950387955
0.03978069871664047
0.04046063497662544
0.04118802770972252
0.04196495935320854
0.04278554394841194
0.043642960488796234
0.04452699422836304
0.04544077068567276
0.046415526419878006
0.0474444217979908
0.048287030309438705
0.049117788672447205
0.04994651675224304
0.05080380290746689
0.05169198662042618
0.0525999441742897
0.053525954484939575
0.054477158933877945
0.055422376841306686
0.05639984458684921
0.05638245865702629
0.055153775960206985
0.05399836227297783
0.05287317559123039
0.05175134912133217
0.05063250660896301
0.049524467438459396
0.04843759536743164
0.04737328365445137
0.04632692411541939
0.04529350623488426
0.044266894459724426
0.043247077614068985
0.04223518818616867
0.04123000428080559
0.04021751508116722
0.039196744561195374
0.03820139169692993
0.03725283592939377
0.036353372037410736
0.03551451861858368
0.034716323018074036
0.03394363448023796
0.033189140260219574
0.03245112672448158
0.03172902390360832
0.031022781506180763
0.030331727117300034
0.029653506353497505
