0.161405548453331
0.18234851956367493
0.2052101194858551
0.2092985063791275
0.21017737686634064
0.21100951731204987
0.21177637577056885
0.2125326246023178
0.21363914012908936
0.21478427946567535
0.21583673357963562
0.21666142344474792
0.2177630364894867
0.21914897859096527
0.22050243616104126
0.22183148562908173
0.22318771481513977
0.22482772171497345
0.2270594835281372
0.22996793687343597
0.23359139263629913
0.23775359988212585
0.24231113493442535
0.24738867580890656
0.25307196378707886
0.2593384087085724
0.2661261260509491
0.27345749735832214
0.28455376625061035
0.30055540800094604
0.31779035925865173
0.33583176136016846
0.014377137646079063
0.01416335254907608
0.014527982100844383
0.014841749332845211
0.015041220933198929
0.015137307345867157
0.2765609323978424
0.2810128629207611
0.28377261757850647
0.2885492742061615
0.29575884342193604
0.31754952669143677
0.34870606660842896
0.35856056213378906
0.3527221083641052
0.3496852517127991
0.3400624394416809
0.3306170105934143
0.3209317624568939
0.31101933121681213
0.30056631565093994
0.28904426097869873
0.2778295576572418
0.26714542508125305
0.25680437684059143
0.2469395399093628
0.2375965714454651
0.22868679463863373
0.220148965716362
0.211877703666687
0.20381593704223633
0.19610899686813354
0.18880769610404968
0.18191677331924438
0.17539916932582855
0.16921281814575195
0.1633348912000656
0.15775321424007416
0.15235160291194916
0.14711415767669678
0.1422663927078247
0.13770996034145355
0.13338246941566467
0.1292337030172348
0.12518811225891113
0.12125662714242935
0.11746871471405029
0.11379820108413696
0.11028856039047241
0.10684818029403687
0.10375595092773438
0.10104463994503021
0.09857900440692902
0.09628637135028839
0.09411560744047165
0.0920405462384224
0.09033092856407166
0.08885348588228226
0.08769549429416656
0.08704124391078949
0.08732708543539047
0.08834849298000336
0.09003321826457977
