0.04843030497431755
0.05495952442288399
0.0607452318072319
0.06106288358569145
0.06068139150738716
0.0608147531747818
0.06119801849126816
0.06166629120707512
0.062091127038002014
0.06245851889252663
0.06270232051610947
0.06301716715097427
0.06340823322534561
0.06385505199432373
0.0644020363688469
0.06433971226215363
0.06370794028043747
0.06313751637935638
0.06263411045074463
0.062163785099983215
0.06170022115111351
0.061233848333358765
0.06075030565261841
0.06024317443370819
0.05971051752567291
0.059139184653759
0.058529242873191833
0.057872045785188675
0.05716300383210182
0.05639948695898056
0.055581774562597275
0.05470441281795502
0.002817487111315131
0.0025470019318163395
0.0025380351580679417
0.002531209494918585
0.00267979153431952
0.002971440088003874
0.06147557124495506
0.05956210196018219
0.055979788303375244
0.0541749931871891
0.0529891736805439
0.05130244046449661
0.049849096685647964
0.04847380891442299
0.04712175205349922
0.04576326534152031
0.044364988803863525
0.04291791096329689
0.04135160520672798
0.03981347754597664
0.03829120844602585
0.036937128752470016
0.03560545668005943
0.034274566918611526
0.03297965228557587
0.03166628256440163
0.030388368293642998
0.029175231233239174
0.02803003042936325
0.026982638984918594
0.026027174666523933
0.025151744484901428
0.024290308356285095
0.02344943955540657
0.02267443761229515
0.021945523098111153
0.021209506317973137
0.020482536405324936
0.019766779616475105
0.019094223156571388
0.018450384959578514
0.017790868878364563
0.017115658149123192
0.016419358551502228
0.015700440853834152
0.014961276203393936
0.01428177673369646
0.013666939921677113
0.013078747317194939
0.01251095999032259
0.012077389284968376
0.011765219271183014
0.011522255837917328
0.011320550926029682
0.011147536337375641
0.011001694947481155
0.011219091713428497
0.011684895493090153
0.01217349711805582
0.012677062302827835
0.013188069686293602
0.013702929951250553
