4.046050071716309
5.086347579956055
7.077798366546631
8.450989723205566
7.411803245544434
7.03108024597168
7.152997016906738
7.456194877624512
7.935328960418701
8.539514541625977
9.265695571899414
9.499459266662598
9.635506629943848
9.60440444946289
9.64157772064209
9.784646034240723
10.005864143371582
10.272690773010254
10.573968887329102
10.881086349487305
11.198698043823242
11.513651847839355
11.844993591308594
12.193909645080566
12.564141273498535
12.951435089111328
13.356796264648438
13.832752227783203
14.361310958862305
14.92457389831543
15.520977020263672
16.24009895324707
0.6138759255409241
0.5289055109024048
0.560535192489624
0.6084535717964172
0.664426326751709
0.733474850654602
21.081422805786133
22.089139938354492
21.91468620300293
22.27287483215332
23.00660514831543
23.91628074645996
24.89242172241211
25.898849487304688
26.899362564086914
27.877958297729492
28.824905395507812
29.742990493774414
30.63646125793457
31.50987434387207
32.36469268798828
33.199676513671875
34.00315475463867
34.8335075378418
35.62493133544922
36.3133544921875
36.923831939697266
37.49113845825195
38.01588439941406
38.502113342285156
38.95759201049805
39.374855041503906
39.7674674987793
40.12853240966797
40.45122146606445
40.73755645751953
40.99083709716797
41.21468734741211
41.414485931396484
41.61431884765625
41.79403305053711
41.963035583496094
42.121883392333984
42.26787567138672
42.402061462402344
42.51451110839844
42.618247985839844
42.71446990966797
42.80336380004883
42.95079803466797
43.073856353759766
43.18017578125
43.276756286621094
43.36874771118164
43.463844299316406
43.56108856201172
43.66264724731445
43.775352478027344
43.9046516418457
44.0494384765625
44.207096099853516
