0.008647272363305092
0.008558688685297966
0.00817752256989479
0.007875521667301655
0.007698745001107454
0.00758232781663537
0.0075005944818258286
0.007428689859807491
0.007362502161413431
0.007297745440155268
0.007236785721033812
0.0071773892268538475
0.0071204896084964275
0.007066560909152031
0.007016018498688936
0.006967739202082157
0.006923376582562923
0.006881687790155411
0.006842085625976324
0.006803716067224741
0.006765467114746571
0.006726185325533152
0.006685120984911919
0.006642065476626158
0.006593944039195776
0.0065442523919045925
0.006493489257991314
0.006441290024667978
0.006387354806065559
0.006330740172415972
0.0062711769714951515
0.006208586506545544
0.0008788180421106517
0.000863410416059196
0.000875354278832674
0.0008871303871273994
0.0009000264690257609
0.000912715622689575
0.006258931942284107
0.0061301193200051785
0.005987847689539194
0.0058920071460306644
0.005812677554786205
0.005735374055802822
0.005650282837450504
0.005609129089862108
0.00556458905339241
0.005468698218464851
0.005369748920202255
0.005267459899187088
0.005162241403013468
0.005053747911006212
0.00494211632758379
0.004828358069062233
0.004713468719273806
0.004598056897521019
0.004482895135879517
0.004368363879621029
0.004254353232681751
0.004140870645642281
0.004027808550745249
0.003915504552423954
0.0038045053370296955
0.003695135936141014
0.0035880007781088352
0.0034834176767617464
0.003381668822839856
0.003282669000327587
0.0031863986514508724
0.0030929557979106903
0.0030021523125469685
0.0029143753927201033
0.002829865552484989
0.0027487482875585556
0.0026708284858614206
0.002595913130789995
0.002523919567465782
0.002454646397382021
0.002387980930507183
0.002323800465092063
0.0022619767114520073
0.002202448667958379
0.002145063364878297
0.0020896818023175
0.002036232501268387
0.0019848390948027372
0.0019354517571628094
0.0018877765396609902
0.001841747434809804
0.0017972940113395452
0.001754262368194759
0.001712624914944172
0.0016723875887691975
