0.09912422299385071
0.11382085084915161
0.1252155601978302
0.13609717786312103
0.14356081187725067
0.14696882665157318
0.14953427016735077
0.15125048160552979
0.1525612324476242
0.15377189218997955
0.15502098202705383
0.15622501075267792
0.157334104180336
0.15839214622974396
0.15939073264598846
0.16028137505054474
0.16108600795269012
0.16206508874893188
0.1630898416042328
0.16413792967796326
0.1653018295764923
0.16663721203804016
0.16900339722633362
0.17191685736179352
0.17507535219192505
0.1784389317035675
0.18230387568473816
0.1866045743227005
0.1911490112543106
0.19597885012626648
0.2010655701160431
0.206619992852211
0.025285964831709862
0.017221763730049133
0.013326994143426418
0.011641053482890129
0.010381951928138733
0.010045028291642666
0.14834998548030853
0.16959895193576813
0.18853610754013062
0.20444126427173615
0.21870630979537964
0.2334533929824829
0.2529052495956421
0.2655591368675232
0.2792433500289917
0.3106197714805603
0.3509063422679901
0.40463367104530334
0.45265769958496094
0.47675272822380066
0.5000648498535156
8.14369010925293
14.426064491271973
19.314956665039062
22.780458450317383
25.3131160736084
27.368017196655273
28.935550689697266
30.29300308227539
31.480239868164062
32.49788284301758
33.26237487792969
33.749908447265625
34.203731536865234
34.49473571777344
34.682838439941406
34.81794738769531
34.92866134643555
35.018741607666016
35.08341598510742
35.13605880737305
35.179298400878906
35.22224807739258
35.2733268737793
35.33998489379883
35.41904067993164
35.50093078613281
35.58161163330078
35.65623092651367
35.71998977661133
35.77745056152344
35.8477783203125
35.9265251159668
35.9879035949707
40.50428771972656
49.4330940246582
53.6717414855957
55.93963623046875
57.20794677734375
57.98334503173828
58.56552505493164
