7.165245056152344
8.926630020141602
12.021087646484375
13.050037384033203
14.654178619384766
14.328923225402832
14.083189010620117
14.605631828308105
15.614964485168457
16.604015350341797
17.38230323791504
18.138879776000977
18.771568298339844
19.713848114013672
21.225997924804688
23.702011108398438
27.352672576904297
32.2603645324707
38.61198425292969
45.97502517700195
54.632144927978516
64.45063018798828
75.55643463134766
89.3935775756836
107.99651336669922
129.4349822998047
151.94688415527344
175.5756072998047
198.3899688720703
221.34808349609375
245.7904052734375
271.9722900390625
9.835248947143555
10.90103530883789
12.51161003112793
13.55093765258789
14.02071475982666
14.118330001831055
197.27691650390625
248.76904296875
328.68194580078125
380.0645751953125
431.68212890625
447.4671936035156
452.9742126464844
456.0614013671875
467.0421142578125
477.6655578613281
487.72198486328125
496.46783447265625
503.73486328125
509.62738037109375
513.72607421875
515.9005126953125
516.7164306640625
517.0698852539062
516.8694458007812
516.2509155273438
515.1837768554688
513.8070068359375
512.1013793945312
510.14520263671875
507.78277587890625
505.12359619140625
502.2748107910156
499.3629150390625
496.42120361328125
493.5213928222656
490.65435791015625
487.8109436035156
485.0221252441406
482.166748046875
479.23602294921875
476.29345703125
473.216796875
468.6266174316406
464.735595703125
461.2464904785156
457.9736328125
454.75018310546875
451.59381103515625
448.5450134277344
445.55029296875
442.64581298828125
439.78607177734375
436.99273681640625
434.2770080566406
431.6573181152344
429.1421203613281
426.7637023925781
424.47515869140625
422.2979431152344
420.2179870605469
418.2181396484375
416.25177001953125
