11.785487174987793
9.286438941955566
7.6577534675598145
7.328602313995361
7.025873184204102
6.781051158905029
6.625837802886963
6.503798961639404
6.421069622039795
6.382822036743164
6.385178565979004
6.421151638031006
6.483931541442871
6.571132183074951
6.6686201095581055
6.764288425445557
6.863041877746582
6.97733211517334
7.114416599273682
7.277287006378174
7.394736289978027
7.514541149139404
7.655808448791504
7.816034317016602
8.005447387695312
8.22807502746582
8.478763580322266
8.753761291503906
9.057255744934082
9.381843566894531
9.69675350189209
10.062236785888672
1.0055361986160278
1.124091625213623
1.4011975526809692
1.803473711013794
2.4516184329986572
2.75522518157959
12.712967872619629
13.175594329833984
13.075757026672363
13.38003158569336
13.806960105895996
14.25056266784668
14.685331344604492
15.10092830657959
15.496577262878418
15.871485710144043
16.257816314697266
16.640283584594727
17.013580322265625
17.372953414916992
17.71685028076172
18.046762466430664
18.36041259765625
18.665637969970703
18.97903060913086
19.30919075012207
19.69717788696289
20.096389770507812
20.534379959106445
20.994712829589844
21.477298736572266
21.942960739135742
22.3828125
22.793920516967773
23.179609298706055
23.544891357421875
23.884550094604492
24.19670867919922
24.48274040222168
24.74635124206543
24.99248695373535
25.222196578979492
25.46125030517578
25.70552635192871
25.939836502075195
26.16297721862793
26.37147331237793
26.568622589111328
26.774709701538086
26.948793411254883
27.1043758392334
27.245954513549805
27.38134002685547
27.508258819580078
27.62697410583496
27.740966796875
27.853696823120117
27.967851638793945
28.090543746948242
28.215953826904297
28.341093063354492
