4.025546550750732
5.022086143493652
7.022597789764404
8.456382751464844
7.489212989807129
7.0718770027160645
7.14235782623291
7.46052885055542
7.88713264465332
8.433175086975098
9.089714050292969
9.441740036010742
9.646656036376953
9.74055004119873
9.768651008605957
9.869660377502441
10.051006317138672
10.291680335998535
10.559540748596191
10.845452308654785
11.146646499633789
11.455412864685059
11.772344589233398
12.109173774719238
12.466987609863281
12.845276832580566
13.248350143432617
13.69670295715332
14.227140426635742
14.813057899475098
15.431020736694336
16.129201889038086
0.5978206396102905
0.511333703994751
0.5401234030723572
0.5813975930213928
0.6319217681884766
0.6892940402030945
20.983863830566406
22.001953125
21.975988388061523
22.534067153930664
23.437732696533203
24.499698638916016
25.653114318847656
26.1585693359375
26.845317840576172
28.047943115234375
29.23662757873535
30.381488800048828
31.478832244873047
32.548240661621094
33.606727600097656
34.64691925048828
35.664249420166016
36.740482330322266
37.746402740478516
38.62069320678711
39.379150390625
40.06336212158203
40.68317794799805
41.25540542602539
41.80720138549805
42.33143615722656
42.83481979370117
43.29281234741211
43.69444274902344
44.034820556640625
44.31892013549805
44.551021575927734
44.74073028564453
44.91297149658203
45.0427360534668
45.14289093017578
45.21475601196289
45.26468276977539
45.30373001098633
45.33956527709961
45.37588882446289
45.41455841064453
45.5079460144043
45.6102409362793
45.69921875
45.78229904174805
45.863258361816406
45.9410514831543
46.0185546875
46.09894561767578
46.183773040771484
46.2587890625
46.32780838012695
46.3948974609375
46.4624137878418
46.53355026245117
