17.302040100097656
14.331536293029785
11.479798316955566
10.509066581726074
10.183326721191406
9.968558311462402
9.784773826599121
9.588492393493652
9.450737953186035
9.38759994506836
9.399744987487793
9.489188194274902
9.641067504882812
9.844414710998535
10.094951629638672
10.361282348632812
10.697226524353027
11.101338386535645
11.596931457519531
12.221720695495605
12.991026878356934
13.936161041259766
15.024075508117676
16.23758316040039
17.575029373168945
19.014310836791992
20.51904296875
22.08173942565918
23.779232025146484
25.670461654663086
27.72400665283203
29.747350692749023
8.531155586242676
9.272541999816895
10.246792793273926
11.123881340026855
11.807107925415039
12.492298126220703
38.01543426513672
39.093997955322266
39.6259765625
40.845157623291016
42.08987808227539
43.55205535888672
44.99943542480469
45.60862350463867
46.40069580078125
47.77614212036133
49.108890533447266
50.343994140625
51.43110656738281
52.365478515625
53.11018753051758
53.663673400878906
54.077938079833984
54.384307861328125
54.579673767089844
54.699947357177734
54.75267028808594
54.75273513793945
54.72685623168945
54.65998840332031
54.4829216003418
54.18085479736328
53.87686538696289
53.603904724121094
53.343910217285156
53.09062576293945
52.85205841064453
52.632591247558594
52.4318962097168
52.254276275634766
52.10065460205078
51.969322204589844
51.85774230957031
51.76465606689453
51.696800231933594
51.64921951293945
51.596492767333984
51.54335021972656
51.49150466918945
51.440467834472656
51.39263153076172
51.35022735595703
51.31181335449219
51.278072357177734
51.25033950805664
51.2294807434082
51.2093620300293
51.19114685058594
51.17747497558594
51.17113494873047
51.10568618774414
50.975494384765625
