0.15033529698848724
0.16779577732086182
0.19506220519542694
0.2162523716688156
0.22377265989780426
0.22912834584712982
0.232501819729805
0.23523665964603424
0.2377382218837738
0.23960833251476288
0.24111194908618927
0.24246683716773987
0.24392198026180267
0.24525325000286102
0.24628113210201263
0.24705365300178528
0.24767030775547028
0.2481246292591095
0.2487015426158905
0.24936942756175995
0.24999934434890747
0.25066035985946655
0.2520168423652649
0.25497952103614807
0.2588202953338623
0.2632008194923401
0.26796388626098633
0.27313950657844543
0.2788415551185608
0.28521493077278137
0.2927057147026062
0.3013985753059387
0.023932533338665962
0.022625694051384926
0.020043769851326942
0.017522726207971573
0.01594500057399273
0.01509946957230568
0.22121408581733704
0.24703799188137054
0.28174784779548645
0.3105652332305908
0.3355846107006073
0.3589744567871094
0.3819860816001892
0.40545418858528137
0.42919811606407166
0.4575653672218323
0.48767954111099243
0.520197331905365
0.5572205185890198
0.5962045192718506
0.6354928612709045
0.6734029054641724
0.7123015522956848
0.7531594038009644
0.795357882976532
0.8387268781661987
0.8114754557609558
0.7609775066375732
0.7167165279388428
0.7076529860496521
0.7161682844161987
0.7344100475311279
0.7528936266899109
0.7729229927062988
0.7965003252029419
0.8245407342910767
0.8565711379051208
0.8920801877975464
0.9307844042778015
0.9740669131278992
1.0251113176345825
4.912049293518066
10.53033447265625
13.287590980529785
15.826370239257812
18.377832412719727
20.86454200744629
23.34885597229004
25.919891357421875
28.28799057006836
30.43404769897461
32.2845344543457
33.67448806762695
34.80558776855469
35.74357986450195
36.533912658691406
37.21820831298828
37.80876159667969
38.31573486328125
38.75093460083008
