10.094583511352539
11.986071586608887
9.13442611694336
8.041265487670898
7.926573276519775
8.023455619812012
7.916497707366943
7.788344383239746
7.661832809448242
7.551388263702393
7.391345977783203
7.272456645965576
7.205151081085205
7.144713878631592
7.100420951843262
7.091183662414551
7.113593101501465
7.15864372253418
7.21748685836792
7.280534744262695
7.356968879699707
7.452671051025391
7.5673933029174805
7.697759628295898
7.852110385894775
8.03709888458252
8.258502960205078
8.51048469543457
8.820991516113281
9.22138786315918
9.740208625793457
10.390687942504883
0.9069945216178894
0.9993259310722351
1.1208891868591309
1.2250628471374512
1.3185197114944458
1.4088414907455444
17.5450496673584
16.876462936401367
17.313026428222656
18.50813102722168
19.913249969482422
21.44559669494629
23.076141357421875
23.896778106689453
24.71696662902832
26.469497680664062
28.32252311706543
30.113065719604492
31.825023651123047
33.4305419921875
34.9195442199707
36.262939453125
37.44468688964844
38.51416015625
39.507896423339844
40.42103576660156
41.23359298706055
41.95815658569336
42.619842529296875
43.24658203125
43.86040115356445
44.4365119934082
45.0179328918457
45.601680755615234
46.18283462524414
46.66911315917969
47.050010681152344
47.41343307495117
47.78673553466797
48.18467330932617
48.612098693847656
49.06727981567383
49.5364990234375
50.00590133666992
50.47978210449219
50.95316696166992
51.41184616088867
51.84446716308594
52.249752044677734
52.62839126586914
52.97731018066406
53.2994384765625
53.63926315307617
53.98816680908203
54.28624725341797
54.55310821533203
54.816001892089844
55.0650749206543
55.30009460449219
55.52330780029297
55.7325325012207
