0.04158840700984001
0.046377167105674744
0.0534139946103096
0.05592529475688934
0.056462038308382034
0.056862834841012955
0.05752669274806976
0.05821786820888519
0.05876551941037178
0.0591820552945137
0.05950732156634331
0.05981430783867836
0.06019027158617973
0.06064702942967415
0.061157289892435074
0.061790890991687775
0.06259869039058685
0.06352204829454422
0.06455434113740921
0.06568543612957001
0.06689365208148956
0.0681692361831665
0.06950822472572327
0.07090751081705093
0.07236023247241974
0.0738588273525238
0.0753972977399826
0.07699748128652573
0.0786702111363411
0.08039014041423798
0.08218850195407867
0.08408568799495697
0.004368496127426624
0.004298306070268154
0.004332111217081547
0.004373353905975819
0.004411419853568077
0.004443727433681488
0.07871115207672119
0.08204668760299683
0.08449918031692505
0.08685803413391113
0.08936698734760284
0.09200417995452881
0.09401637315750122
0.0959559828042984
0.09807614237070084
0.10021720081567764
0.10403778403997421
0.1082894504070282
0.11271368712186813
0.11772765964269638
0.1234625056385994
0.1297752857208252
0.1364760547876358
0.14027398824691772
0.13397376239299774
0.12893034517765045
0.12440422177314758
0.12015838176012039
0.11611359566450119
0.11220932751893997
0.10843265056610107
0.10477658361196518
0.10124202817678452
0.09783436357975006
0.09454832226037979
0.09138182550668716
0.0883399099111557
0.0854150727391243
0.08260541409254074
0.07990574091672897
0.07730943709611893
0.07481013983488083
0.07240750640630722
0.07123078405857086
0.0700787603855133
0.06787083297967911
0.06575354933738708
0.06372641772031784
0.06178481876850128
0.05992450937628746
0.05814134702086449
0.05643323436379433
0.054793428629636765
0.053216733038425446
0.05170534551143646
0.05025462806224823
0.04886189475655556
0.04752514511346817
0.04624130576848984
0.04500412940979004
0.04380730539560318
