0.03804858773946762
0.04135771095752716
0.04581233486533165
0.050980303436517715
0.05259709805250168
0.053034860640764236
0.05352908372879028
0.05395685136318207
0.05435686931014061
0.05483733490109444
0.05527406185865402
0.055679772049188614
0.056082483381032944
0.056446339935064316
0.056767839938402176
0.05708165466785431
0.05740844085812569
0.057821765542030334
0.05831848084926605
0.058907318860292435
0.05958601459860802
0.06035515293478966
0.061216916888952255
0.06219538673758507
0.06328538805246353
0.0644223615527153
0.06560070812702179
0.06682014465332031
0.06809000670909882
0.069418765604496
0.07081882655620575
0.07229703664779663
0.004094292875379324
0.003935195039957762
0.0038828521501272917
0.003856468014419079
0.0038343011401593685
0.003809301182627678
0.0657382607460022
0.06935575604438782
0.0720352977514267
0.07423538714647293
0.07621461898088455
0.07827132195234299
0.08020512759685516
0.08116233348846436
0.0821642279624939
0.0842898041009903
0.08653636276721954
0.088959701359272
0.09131420403718948
0.09341081231832504
0.09547511488199234
0.09798839688301086
0.10054770857095718
0.10393129289150238
0.10710818320512772
0.11003604531288147
0.11276133358478546
0.11536838114261627
0.11791292577981949
0.12023429572582245
0.11846829205751419
0.11399871110916138
0.10992355644702911
0.10610352456569672
0.1024664118885994
0.09898805618286133
0.09566298872232437
0.09247613698244095
0.08940651267766953
0.08646192401647568
0.08366233855485916
0.08102453500032425
0.07854855805635452
0.07620345801115036
0.07398076355457306
0.07185875624418259
0.06983906030654907
0.06792767345905304
0.06611187756061554
0.06439536064863205
0.06277243793010712
0.06121905520558357
0.05974248796701431
0.05833373963832855
0.057003140449523926
0.05570372939109802
0.05442691221833229
0.05316918343305588
0.05192175135016441
0.05070412904024124
0.04952837899327278
