0.007788288872689009
0.008468220010399818
0.009296604432165623
0.01003249827772379
0.010633112862706184
0.011220026761293411
0.01152254268527031
0.011623885482549667
0.011691855266690254
0.011751841753721237
0.011799457482993603
0.011866440065205097
0.011932539753615856
0.012015673331916332
0.012121548876166344
0.012244305573403835
0.012359198182821274
0.01246635802090168
0.012572397477924824
0.012683873064815998
0.012809650972485542
0.012965315952897072
0.013153345324099064
0.013370313681662083
0.013615541160106659
0.013882542960345745
0.014163235202431679
0.014454655349254608
0.014741168357431889
0.014982344582676888
0.015234444290399551
0.015490696765482426
0.0008620870066806674
0.0008385798428207636
0.0008401573868468404
0.0008467667503282428
0.00085362110985443
0.0008594607934355736
0.015247716568410397
0.015797924250364304
0.01610312983393669
0.01633337326347828
0.01654411107301712
0.016767378896474838
0.017005570232868195
0.01726309023797512
0.017540160566568375
0.01783713698387146
0.018151434138417244
0.018483949825167656
0.01883596181869507
0.01920461282134056
0.01959230564534664
0.019997859373688698
0.020423531532287598
0.0208809282630682
0.02139093726873398
0.021808860823512077
0.0221861582249403
0.02255990356206894
0.022944308817386627
0.02333896979689598
0.02373621240258217
0.024138668552041054
0.024545716121792793
0.024956388399004936
0.02536981739103794
0.02578398957848549
0.026185909286141396
0.026592304930090904
0.02700655907392502
0.027431391179561615
0.027865882962942123
0.028309708461165428
0.028764067217707634
0.02922925539314747
0.029704289510846138
0.030190154910087585
0.030688224360346794
0.0312001034617424
0.0317549966275692
0.03232308849692345
0.03290124610066414
0.033491089940071106
0.03408445417881012
0.03467922657728195
0.035276006907224655
0.03588026016950607
0.03649900108575821
0.03562074154615402
0.03464760631322861
0.033750321716070175
