18.806936264038086
17.663249969482422
14.912203788757324
12.468311309814453
11.295692443847656
10.697395324707031
10.350789070129395
10.13351821899414
10.001612663269043
9.920659065246582
9.873467445373535
9.812533378601074
9.77209186553955
9.768263816833496
9.823548316955566
9.953667640686035
10.178481101989746
10.497541427612305
10.904809951782227
11.3912935256958
11.933235168457031
12.496155738830566
13.045124053955078
13.57380485534668
14.084446907043457
14.569231033325195
15.050206184387207
15.5795316696167
16.17131233215332
16.82206153869629
17.51908302307129
18.30465316772461
3.4813876152038574
3.199782133102417
3.444196939468384
3.717940330505371
3.9702823162078857
4.200218677520752
29.3436336517334
27.270732879638672
27.006254196166992
28.14606285095215
29.784772872924805
31.560983657836914
33.301788330078125
34.30210876464844
34.91513442993164
36.50471496582031
38.03946304321289
39.53213119506836
41.0265007019043
42.4374885559082
43.6884765625
44.82756042480469
45.84321975708008
46.75162124633789
47.56389236450195
48.224212646484375
48.78351593017578
49.231689453125
49.62323760986328
49.972991943359375
50.282901763916016
50.52605438232422
50.70640563964844
50.8138427734375
50.84436798095703
50.76691818237305
50.60233688354492
50.392555236816406
50.174373626708984
49.976078033447266
49.89839172363281
49.82147216796875
49.66629409790039
49.54590606689453
49.43029022216797
49.310054779052734
49.18113327026367
49.088706970214844
48.9682731628418
48.8367805480957
48.70328140258789
48.5776252746582
48.46685028076172
48.37383270263672
48.297584533691406
48.246219635009766
48.22708511352539
48.23180389404297
48.25200653076172
48.28639602661133
48.3347053527832
48.3951416015625
