0.042826097458601
0.05218244343996048
0.058584220707416534
0.06173397973179817
0.06276468932628632
0.06302438676357269
0.06326387077569962
0.0636414960026741
0.06412910670042038
0.06472009420394897
0.0653887391090393
0.06608589738607407
0.06676247715950012
0.06638243794441223
0.06541323661804199
0.06464897841215134
0.06401476263999939
0.06346559524536133
0.06297343224287033
0.06251852959394455
0.0620717816054821
0.06161009147763252
0.06113026663661003
0.060624800622463226
0.06008906289935112
0.059519875794649124
0.0589144229888916
0.05827164277434349
0.057592712342739105
0.056828055530786514
0.055808503180742264
0.05479533597826958
0.00425768131390214
0.003264639526605606
0.003064783290028572
0.0030108876526355743
0.0029726221691817045
0.0029452682938426733
0.07047948241233826
0.061790384352207184
0.056461989879608154
0.05374365299940109
0.05181993171572685
0.05017992481589317
0.048739634454250336
0.04744017869234085
0.0461619533598423
0.044974006712436676
0.04387710988521576
0.04285156726837158
0.041862089186906815
0.04087283834815025
0.03985714167356491
0.03881584480404854
0.03774326294660568
0.03665141388773918
0.03554321452975273
0.03443067520856857
0.03333909437060356
0.03226965665817261
0.031221095472574234
0.030194325372576714
0.02918972633779049
0.028205959126353264
0.027241136878728867
0.02631211094558239
0.025429926812648773
0.024595225229859352
0.023803992196917534
0.02305215783417225
0.02233627811074257
0.021649984642863274
0.020990436896681786
0.020355308428406715
0.019742507487535477
0.019150476902723312
0.018578363582491875
0.018025510013103485
0.01749160699546337
0.016976140439510345
0.016478706151247025
0.015999140217900276
0.015536574646830559
0.015090215019881725
0.014659734442830086
0.014244429767131805
0.013844159431755543
0.013458449393510818
0.013086595572531223
0.012727905064821243
0.01238170638680458
0.01204734481871128
