0.006622757762670517
0.007258680183440447
0.008063217625021935
0.008831135928630829
0.00946871843189001
0.00973568856716156
0.009858528152108192
0.00991544034332037
0.009980598464608192
0.010058308951556683
0.010131098330020905
0.010186976753175259
0.01023747306317091
0.010301997885107994
0.010371548123657703
0.010438383556902409
0.010510306805372238
0.010591741651296616
0.010677735321223736
0.010770563036203384
0.01086939312517643
0.010979989543557167
0.011114871129393578
0.011274891905486584
0.011457868851721287
0.011661801487207413
0.011887210421264172
0.012135256081819534
0.012404417619109154
0.01269060280174017
0.012967773713171482
0.013227291405200958
0.0007861561607569456
0.0007279787096194923
0.0007288428023457527
0.0007404278730973601
0.0007518474594689906
0.0007615680806338787
0.013301722705364227
0.013855786062777042
0.01413528248667717
0.014356407336890697
0.014582015573978424
0.01483121421188116
0.015111572109162807
0.015419866889715195
0.01575666479766369
0.016124946996569633
0.016529889777302742
0.016964038833975792
0.017436083406209946
0.017873523756861687
0.01831008493900299
0.01880107820034027
0.019299650564789772
0.01976253278553486
0.020222460851073265
0.02069837599992752
0.021197916939854622
0.021718034520745277
0.02225521393120289
0.022811774164438248
0.02338961325585842
0.0239917803555727
0.02462031878530979
0.02526535838842392
0.02591656893491745
0.026569582521915436
0.027225960046052933
0.027885952964425087
0.02855178900063038
0.029222728684544563
0.029898589476943016
0.03058076649904251
0.03126877173781395
0.03197183832526207
0.032686710357666016
0.033417634665966034
0.0341549851000309
0.034877926111221313
0.0356651209294796
0.03647572174668312
0.03723530471324921
0.03794686123728752
0.03862909600138664
0.0392674021422863
0.03991897404193878
0.04054974392056465
0.0411347933113575
0.04167741537094116
0.04219028353691101
0.04267359897494316
