0.02436455711722374
0.026817254722118378
0.030234355479478836
0.033394403755664825
0.03402723744511604
0.03422488644719124
0.03448761627078056
0.03465281054377556
0.03483926132321358
0.03502313047647476
0.035206813365221024
0.03540008142590523
0.03561840578913689
0.03585335612297058
0.03608725219964981
0.036314018070697784
0.03653207793831825
0.03674173727631569
0.03697645291686058
0.037244413048028946
0.03757936879992485
0.0379863940179348
0.03845301643013954
0.038968395441770554
0.0395316444337368
0.040151163935661316
0.040831200778484344
0.04156094416975975
0.04233117401599884
0.04313722252845764
0.043986961245536804
0.044883690774440765
0.002410483080893755
0.002302480163052678
0.0022716003004461527
0.0022665609139949083
0.0022736298851668835
0.0022879322059452534
0.04145190864801407
0.04423297941684723
0.04583120346069336
0.04696197807788849
0.04795975238084793
0.048987653106451035
0.050112005323171616
0.05135419964790344
0.052723102271556854
0.05419532582163811
0.0557560920715332
0.057044923305511475
0.05832101032137871
0.05959779769182205
0.06088807061314583
0.06216145679354668
0.06339269876480103
0.06460842490196228
0.06580989807844162
0.06698562949895859
0.06814642995595932
0.06929308921098709
0.07041698694229126
0.07151852548122406
0.07265008985996246
0.07381971925497055
0.07151122391223907
0.06902706623077393
0.0666690543293953
0.0643710270524025
0.06212446466088295
0.05992388352751732
0.057764388620853424
0.05565326288342476
0.05359858646988869
0.051613226532936096
0.04970969259738922
0.04789704829454422
0.04614464193582535
0.044446177780628204
0.042794134467840195
0.041195280849933624
0.03982977196574211
0.03858475387096405
0.037405990064144135
0.03627793490886688
0.03520388528704643
0.03418154641985893
0.03320278972387314
0.03226185590028763
0.03135501965880394
0.030477872118353844
0.02962566912174225
0.028794461861252785
