18.286779403686523
16.379440307617188
13.13447093963623
11.282981872558594
10.65302562713623
10.413902282714844
10.316047668457031
10.277838706970215
10.280009269714355
10.321614265441895
10.406864166259766
10.546857833862305
10.764426231384277
11.066069602966309
11.465370178222656
11.950244903564453
12.479940414428711
13.091382026672363
13.782913208007812
14.54389762878418
15.39607048034668
16.306331634521484
17.236364364624023
18.160417556762695
19.057355880737305
19.91516876220703
20.694202423095703
21.46744728088379
22.233356475830078
23.130102157592773
24.157150268554688
25.30130958557129
5.840753555297852
6.123661994934082
6.60427188873291
7.017434597015381
7.360174179077148
7.649670124053955
34.012107849121094
31.06689453125
31.241497039794922
32.5258674621582
33.99692916870117
35.3896369934082
36.67774963378906
37.91673278808594
39.130889892578125
40.338340759277344
41.52857208251953
42.69001770019531
43.824710845947266
44.8936767578125
45.88798904418945
46.85508346557617
47.726924896240234
48.579837799072266
49.388328552246094
50.123130798339844
50.757408142089844
51.28328323364258
51.83921432495117
52.39445877075195
52.942928314208984
53.46623992919922
53.92662048339844
54.188968658447266
54.331790924072266
54.40203094482422
54.42552947998047
54.41835021972656
54.33085632324219
54.16389083862305
53.9425048828125
53.69322967529297
53.42319107055664
53.12293243408203
52.79288101196289
52.42915725708008
52.04130172729492
51.63775634765625
51.21043014526367
50.77219009399414
50.33054733276367
49.888519287109375
49.44845199584961
49.0098762512207
48.57761001586914
48.16007614135742
47.7623405456543
47.38943862915039
47.04270553588867
46.7271842956543
