0.040388382971286774
0.04314225912094116
0.047937650233507156
0.05279932916164398
0.055078472942113876
0.05559748411178589
0.05580975115299225
0.05623325705528259
0.056622400879859924
0.05693408474326134
0.057205840945243835
0.05739957466721535
0.05757859721779823
0.05785505846142769
0.05820776894688606
0.05853244289755821
0.05881606787443161
0.05908944830298424
0.059375133365392685
0.05967000871896744
0.06000358238816261
0.06039378046989441
0.060877490788698196
0.06147332116961479
0.062159229069948196
0.06290675699710846
0.0637102872133255
0.06457812339067459
0.06553622335195541
0.06651538610458374
0.06751203536987305
0.06853550672531128
0.003838076489046216
0.003606253769248724
0.003464684123173356
0.0033661494962871075
0.003294409019872546
0.0032397799659520388
0.060296110808849335
0.0648307055234909
0.06723716109991074
0.06885359436273575
0.07028583437204361
0.07175672054290771
0.07332354784011841
0.07499631494283676
0.07675930112600327
0.07861398905515671
0.08056291937828064
0.0825326219201088
0.0844145342707634
0.08625771850347519
0.08802464604377747
0.08976371586322784
0.09144721180200577
0.09290435165166855
0.09409496188163757
0.09526027739048004
0.09641778469085693
0.09755989909172058
0.09864244610071182
0.09977605938911438
0.10095389932394028
0.10315875709056854
0.10530078411102295
0.10761117935180664
0.11018713563680649
0.11254984885454178
0.11456527560949326
0.11655612289905548
0.11867672204971313
0.12112295627593994
0.1239408403635025
0.12692919373512268
0.12990374863147736
0.13352838158607483
0.13798075914382935
0.1422630250453949
0.14728997647762299
0.14261724054813385
0.13499559462070465
0.128902867436409
0.12322921305894852
0.11765062808990479
0.11252869665622711
0.10823319852352142
0.10433858633041382
0.10083940625190735
0.09758660942316055
0.0944756343960762
0.09143063426017761
0.08846130967140198
