2075.78515625
2043.9510498046875
2005.967529296875
1995.656982421875
2062.9169921875
2049.216796875
2091.734375
2122.50439453125
2127.202392578125
2120.502685546875
2119.12255859375
2144.47216796875
2171.640625
2198.0615234375
2212.79248046875
2220.822265625
2230.83984375
2243.555419921875
2256.52685546875
2276.3974609375
2310.48095703125
2361.330078125
2429.576171875
2513.877197265625
2607.417724609375
2704.410400390625
2806.121337890625
2918.445068359375
3041.024658203125
3170.687744140625
3304.4814453125
3444.35693359375
119.39662170410156
121.08109283447266
122.09223937988281
122.62760925292969
122.66107177734375
122.70282745361328
2331.73095703125
3173.25634765625
3422.573486328125
3547.818603515625
3689.493896484375
3874.06298828125
4094.880615234375
4337.0751953125
4584.7578125
4834.23291015625
5077.11962890625
5310.4443359375
5525.00634765625
5718.0712890625
5891.04150390625
6049.13330078125
6217.61962890625
6382.89111328125
6549.0048828125
6695.10009765625
6826.89697265625
6961.3564453125
7085.8544921875
7207.06298828125
7320.51806640625
7411.69970703125
7493.654296875
7585.21435546875
7669.1376953125
7750.88720703125
7814.35009765625
7872.71826171875
7943.8115234375
8028.31201171875
8110.9384765625
8185.4443359375
8245.1728515625
8289.6708984375
8326.3486328125
8356.3681640625
8371.88671875
8379.1396484375
8304.4091796875
7893.2919921875
7572.11083984375
7275.9013671875
7002.74072265625
6747.279296875
6509.3310546875
6279.91943359375
6049.98291015625
5833.4453125
5632.25830078125
5452.2783203125
