2065.1474609375
2027.845458984375
1986.374755859375
2096.50732421875
2095.670654296875
2096.88427734375
2119.39599609375
2151.6484375
2163.98583984375
2167.435546875
2169.855224609375
2171.50927734375
2173.482177734375
2172.462158203125
2170.35791015625
2166.9150390625
2162.808837890625
2161.12890625
2163.561767578125
2168.516357421875
2173.736083984375
2185.852294921875
2203.06201171875
2227.326171875
2256.817138671875
2300.205078125
2353.97705078125
2411.6572265625
2477.7958984375
2554.003173828125
2636.970458984375
2726.163330078125
119.4366683959961
121.78173065185547
122.3470687866211
122.70614624023438
122.93672180175781
123.08909606933594
1984.103515625
2480.75830078125
2742.462890625
2951.1982421875
3119.149169921875
3266.69140625
3407.7041015625
3548.479736328125
3690.161865234375
3833.431884765625
3980.202392578125
4130.02392578125
4280.05078125
4433.10595703125
4588.8955078125
4751.38671875
4931.603515625
5112.17529296875
5298.0048828125
5490.296875
5677.642578125
5853.3662109375
6035.03466796875
6207.19091796875
6365.3701171875
6517.43505859375
6644.873046875
6764.0986328125
6875.6953125
6979.560546875
7063.1328125
7127.458984375
7183.84765625
7219.5146484375
7239.3427734375
7253.39892578125
7259.30419921875
7253.54931640625
7247.7939453125
7198.4423828125
6896.1650390625
6638.7666015625
6395.68212890625
6160.31494140625
5933.21875
5718.60205078125
5517.72412109375
5323.0478515625
5130.35400390625
4952.177734375
4789.81005859375
4635.07373046875
4485.328125
4341.22509765625
