0.007959319278597832
0.00878264382481575
0.00979356374591589
0.010849540121853352
0.01147841289639473
0.01161766704171896
0.011704837903380394
0.011779303662478924
0.011874819174408913
0.01196275558322668
0.012053042650222778
0.012165205553174019
0.012273840606212616
0.012379427440464497
0.012479451484978199
0.012586468830704689
0.012727173045277596
0.012916048057377338
0.01314717810600996
0.013410565443336964
0.013697708956897259
0.014005511999130249
0.014330634847283363
0.014673112891614437
0.014972263015806675
0.015280550345778465
0.01560091134160757
0.015934420749545097
0.016283316537737846
0.016656950116157532
0.01705487072467804
0.01747419685125351
0.0009910640073940158
0.0009705293923616409
0.0009751946199685335
0.000981269869953394
0.0009857129771262407
0.0009891664376482368
0.017587829381227493
0.01850653439760208
0.01910514384508133
0.019607368856668472
0.020106349140405655
0.02063686028122902
0.021233070641756058
0.02170412242412567
0.022192077711224556
0.022722208872437477
0.023288730531930923
0.023889100179076195
0.02452409267425537
0.025206103920936584
0.025912562385201454
0.026632152497768402
0.027367932721972466
0.02810380607843399
0.02884179912507534
0.029582781717181206
0.030330505222082138
0.031085573136806488
0.0318494513630867
0.032615188509225845
0.03339877724647522
0.03418894112110138
0.035004567354917526
0.03580790385603905
0.03659968450665474
0.03737219050526619
0.03812127187848091
0.03876775875687599
0.03738842159509659
0.03615977615118027
0.034998636692762375
0.03388318791985512
0.03280741348862648
0.03176789730787277
0.030763758346438408
0.029793594032526016
0.02885347232222557
0.027942713350057602
0.027062945067882538
0.026213807985186577
0.025395218282938004
0.024605466052889824
0.023844363167881966
0.023110659793019295
0.022402919828891754
0.02171996422111988
0.021065998822450638
0.020441444590687752
0.01984488032758236
0.019273843616247177
