1353.8385009765625
1013.7325439453125
799.5341186523438
678.2164306640625
637.0780029296875
619.016357421875
605.7487182617188
593.1301879882812
580.39892578125
566.8246459960938
552.583984375
537.9888916015625
522.9024658203125
507.9854736328125
494.01165771484375
480.76141357421875
467.98944091796875
455.4533996582031
442.8552551269531
430.5854187011719
418.236328125
405.838623046875
394.3179931640625
385.36962890625
375.5700378417969
365.1263427734375
354.088623046875
342.55511474609375
330.8407897949219
318.98565673828125
307.1339111328125
295.4773254394531
100.0
99.9998779296875
100.0
100.0
100.0
100.0
378.85589599609375
279.2697448730469
261.0056457519531
254.23301696777344
250.37123107910156
247.4425048828125
244.83839416503906
242.3287353515625
239.7769317626953
237.14865112304688
234.42108154296875
231.60357666015625
228.7267303466797
225.82725524902344
222.8733367919922
219.97360229492188
217.10385131835938
214.24618530273438
211.35653686523438
208.40615844726562
205.45477294921875
202.4962615966797
199.46031188964844
196.33078002929688
193.0977020263672
189.79339599609375
186.5277099609375
183.28114318847656
180.04229736328125
176.81504821777344
173.56809997558594
170.27279663085938
166.99911499023438
163.71961975097656
160.43455505371094
157.1483154296875
153.8677978515625
150.5660400390625
147.216796875
143.90284729003906
140.70074462890625
137.4973907470703
134.38377380371094
131.3433074951172
128.35787963867188
125.47908020019531
122.69307708740234
119.9758071899414
117.28898620605469
114.61896514892578
112.00231170654297
109.41804504394531
106.87958526611328
104.41510772705078
