2085.11181640625
2071.16455078125
2042.0609130859375
2020.5279541015625
2005.300048828125
1993.1300048828125
2016.37646484375
2044.0654296875
2057.9794921875
2050.4375
2041.0474853515625
2033.0765380859375
2040.216796875
2068.431396484375
2100.885498046875
2132.59423828125
2165.626708984375
2203.74560546875
2240.27685546875
2277.451904296875
2315.3212890625
2352.89892578125
2390.11376953125
2431.185302734375
2476.24658203125
2528.47802734375
2591.12109375
2664.76611328125
2748.997314453125
2841.88427734375
2942.44873046875
3050.084228515625
123.27047729492188
124.31880950927734
125.10233306884766
125.63835144042969
126.0489730834961
126.38369750976562
2247.106689453125
2664.625732421875
2889.568359375
3076.04443359375
3252.322998046875
3427.348388671875
3605.73046875
3790.55908203125
3983.223876953125
4183.4306640625
4387.58544921875
4594.4970703125
4804.3759765625
5016.443359375
5229.904296875
5443.86474609375
5661.98486328125
5882.376953125
6102.892578125
6327.103515625
6561.501953125
6793.68798828125
7023.9345703125
7241.171875
7462.06884765625
7650.42626953125
7808.85546875
7956.416015625
8094.45263671875
8222.7001953125
8344.9599609375
8465.8798828125
8579.013671875
8682.412109375
8774.455078125
8860.6494140625
8927.3837890625
8971.8525390625
9012.9296875
9053.9970703125
9097.3818359375
9138.2734375
9165.9658203125
9187.2392578125
9208.0361328125
9229.2001953125
9247.8095703125
9244.2841796875
9214.4365234375
9171.3095703125
9133.0009765625
9108.00390625
9092.0185546875
9082.1259765625
