1499.9993896484375
1500.0
1500.0
1500.0
1500.0
1500.0
1500.0
1500.0
1500.0
1500.0
1500.0
1500.0
1500.0
1500.0
1500.0
1500.0
1500.0
1500.0
1500.0
1500.0
1500.0
1500.0
1500.0
1500.0
1500.0
1500.0
1500.0
1500.0
1500.0
1500.0
1500.0
1500.0
100.0
100.0
100.0
100.0
100.0
100.0
1500.0
1499.9234619140625
1500.0003662109375
1500.0
1500.0
1500.0
1500.0
1500.0
1500.0
1500.0
1500.0
1500.0
1500.0
1500.0
1500.0
1500.0
1500.0
1500.0
1500.0
1500.0
1500.0
1500.0
1500.0
1500.0
1500.0
1500.0
1500.0
1500.0
1500.0
1500.0
1500.0
1500.0
1486.7655029296875
1430.6485595703125
1377.4207763671875
1326.3406982421875
1276.8701171875
1228.756591796875
1181.982666015625
1136.901611328125
1093.3084716796875
1050.8162841796875
1010.0078735351562
970.693359375
932.253662109375
895.1580200195312
859.2575073242188
824.4180297851562
790.3764038085938
758.1898193359375
732.8212280273438
711.8372802734375
691.313232421875
672.0153198242188
653.8899536132812
