1499.999267578125
1500.0
1500.000244140625
1500.0
1500.0
1500.0
1500.0
1500.0
1500.0
1500.0
1500.0
1500.0
1500.0
1500.0
1500.0
1500.0
1500.0
1500.0
1500.0
1500.0
1500.0
1500.0
1500.0
1500.0
1500.0
1500.0
1500.0
1500.0
1500.0
1500.0
1500.0
1500.0
100.0
100.0
100.0
100.0
100.0
100.0
1500.0
1496.3922119140625
1499.9698486328125
1500.0
1500.0
1500.0
1500.0
1500.0
1500.0
1500.0
1500.0
1500.0
1500.0
1500.0
1500.0
1500.0
1500.0
1497.7484130859375
1431.1043701171875
1366.7366943359375
1304.2174072265625
1243.6260986328125
1186.876953125
1130.8287353515625
1077.143310546875
1025.5765380859375
975.7213134765625
927.7451782226562
881.8798217773438
838.1942138671875
797.5070190429688
759.1104736328125
723.4218139648438
690.1981811523438
659.4435424804688
629.85791015625
601.0882568359375
573.0458374023438
547.2413940429688
523.5059814453125
502.2183532714844
482.1759338378906
462.54071044921875
443.11407470703125
423.5211181640625
404.80322265625
386.3275451660156
368.4070739746094
350.9678649902344
335.3447570800781
322.6860046386719
310.8935241699219
299.233642578125
287.8166809082031
277.6673278808594
