1500.0
1260.384033203125
1091.8631591796875
1045.40771484375
1023.642578125
1005.7427978515625
989.4771728515625
974.4248657226562
961.107177734375
948.092041015625
935.334228515625
923.3773193359375
912.2615966796875
902.5408935546875
893.4193115234375
884.4244995117188
875.5111694335938
866.5916748046875
857.5528564453125
847.8963012695312
837.2631225585938
825.0789184570312
811.1582641601562
795.5541381835938
778.4601440429688
760.2156982421875
741.4741821289062
722.6242065429688
704.8003540039062
686.9805908203125
669.3087768554688
651.7163696289062
100.0
100.0
100.0
100.0
100.0
100.0
645.177001953125
601.177001953125
574.21240234375
554.7611083984375
537.9884643554688
522.56103515625
507.5948791503906
492.6332702636719
477.55364990234375
462.5514831542969
447.8177185058594
433.5186767578125
419.6833801269531
405.87677001953125
391.84442138671875
377.63909912109375
363.51116943359375
349.5863037109375
335.9242858886719
322.4680480957031
309.26654052734375
296.4049377441406
283.91448974609375
271.8120422363281
260.14898681640625
249.04400634765625
238.44326782226562
228.25384521484375
218.1704559326172
208.57518005371094
199.37782287597656
190.57711791992188
182.16537475585938
174.1291046142578
166.4792938232422
159.2137451171875
152.3094024658203
145.76065063476562
139.55703735351562
133.659912109375
127.90140533447266
122.42169952392578
117.27084350585938
112.38398742675781
107.69728088378906
103.24223327636719
98.9988021850586
94.96599578857422
91.15869903564453
87.43701171875
83.70841979980469
80.39836120605469
77.29007720947266
74.34210968017578
