1500.0
1500.00927734375
1499.999267578125
1500.0
1500.0
1500.0
1500.0
1500.0
1500.0
1500.0
1500.0
1500.0
1500.0
1500.0
1500.0
1500.0
1500.0
1499.999755859375
1500.0
1500.0
1500.0
1500.0
1500.0
1500.0
1500.0
1500.0
1500.0
1500.0
1500.0
1500.0
1500.0
1500.0
99.99700164794922
100.0
100.0
100.0
100.0
100.0
1500.0042724609375
1500.0
1500.0
1500.0
1480.9884033203125
1446.9420166015625
1411.853759765625
1374.5728759765625
1335.8778076171875
1296.48974609375
1256.56298828125
1216.34228515625
1177.7996826171875
1140.94677734375
1104.916015625
1069.9195556640625
1035.20068359375
1000.6343994140625
967.2386474609375
934.4533081054688
902.51708984375
871.4962158203125
841.1627197265625
811.2457885742188
781.574462890625
752.4384155273438
724.1972045898438
696.8453369140625
670.326171875
644.8370971679688
620.4930419921875
597.3980712890625
575.4031372070312
554.4674682617188
534.5255126953125
515.4840698242188
496.8892517089844
478.98291015625
461.8680114746094
445.4831848144531
428.995849609375
413.31396484375
398.6602478027344
384.5874328613281
371.0283508300781
358.1083679199219
345.7672119140625
333.97344970703125
322.6572265625
311.7623596191406
301.4141845703125
291.89398193359375
283.0592956542969
274.7477722167969
