1500.0
1500.0
1500.0
1500.0
1500.0
1500.0
1500.0
1500.0
1500.0
1500.0
1500.0
1500.0
1500.0
1500.0
1500.0
1500.0
1500.0
1499.9932861328125
1500.0
1500.0
1500.0
1500.0
1500.0
1500.0
1500.0
1500.0
1500.0
1500.0
1500.0
1500.0
1500.0
1500.0
100.0
100.0
100.0
100.0
100.0
100.0
1500.0
1500.0
1500.0
1500.0
1500.0
1500.0
1500.0
1500.0
1500.0
1500.0
1500.0
1500.0
1500.0
1500.0
1500.0
1500.0
1500.0
1500.0
1500.0
1500.0
1500.0
1500.0
1500.0
1500.0
1500.0
1500.0
1500.0
1500.0
1500.0
1500.0
1500.0
1500.0
1482.241943359375
1430.454345703125
1380.4678955078125
1331.800048828125
1284.51806640625
1238.779541015625
1194.6878662109375
1152.1180419921875
1110.7867431640625
1070.677490234375
1031.7823486328125
994.0750732421875
957.5545043945312
922.0721435546875
887.7296752929688
854.6644897460938
822.8482055664062
792.2059326171875
762.679931640625
734.2667236328125
706.4739379882812
679.9171752929688
