1500.0
1500.0
1500.0
1500.0
1500.0
1500.017822265625
1500.0
1500.0
1500.0
1500.0
1499.9981689453125
1500.0
1500.0
1497.6407470703125
1457.818115234375
1414.3489990234375
1378.344482421875
1345.788330078125
1317.4859619140625
1289.68505859375
1260.0150146484375
1227.4130859375
1192.0440673828125
1157.90380859375
1127.589599609375
1096.459228515625
1064.4915771484375
1032.7330322265625
997.3414916992188
959.4163208007812
918.3280639648438
876.6752319335938
835.0689697265625
100.0
100.0
100.0
100.0
100.0
100.0
1109.4425048828125
776.570068359375
719.5927124023438
695.8533935546875
676.8560180664062
659.1604614257812
641.078125
622.3692016601562
603.4652709960938
584.842529296875
566.7444458007812
549.2071533203125
532.2001342773438
515.586181640625
499.2521057128906
483.19171142578125
467.47088623046875
452.19708251953125
437.4228210449219
423.1426086425781
409.3171691894531
395.913330078125
382.9363098144531
370.3954772949219
358.3033142089844
346.68408203125
335.52825927734375
324.8055419921875
314.3955993652344
304.3058776855469
299.392578125
294.58428955078125
285.46527099609375
276.6208190917969
268.0239562988281
259.7073669433594
251.6869659423828
243.9816436767578
236.59788513183594
229.54945373535156
222.82815551757812
216.4390411376953
210.38951110839844
204.662109375
199.24510192871094
194.12042236328125
189.2703857421875
184.67051696777344
180.30255126953125
176.15081787109375
172.20228576660156
168.44290161132812
164.8594512939453
161.4374237060547
158.16873168945312
