1500.0
1500.0
1500.0
1500.0
1500.0
1500.0
1500.0
1500.0
1500.0
1500.0
1500.0
1500.0
1500.0
1500.0
1500.0
1500.0
1500.0
1500.0
1500.0
1500.0
1500.0
1500.0
1500.0
1500.0
1500.0
1500.0
1500.0
1500.0
1500.0
1500.0
1500.0
1500.0
100.0
100.0
100.0
100.0
100.0
100.0
1500.0
1500.0
1500.0
1500.0
1500.0
1500.0
1500.0
1500.0
1500.0
1500.0
1500.0
1500.0
1500.0
1500.0
1500.0
1500.0
1500.0
1500.0
1500.0
1438.6947021484375
1374.5614013671875
1311.025390625
1249.9044189453125
1191.05029296875
1136.1865234375
1083.2850341796875
1030.484619140625
977.8447875976562
926.8411865234375
876.304931640625
826.9520263671875
785.3359375
748.2919311523438
713.1795654296875
678.5469970703125
644.6011352539062
612.5343627929688
582.0742797851562
553.9825439453125
527.8602905273438
503.2574462890625
479.8952331542969
457.21246337890625
434.820068359375
412.7603759765625
393.5067443847656
376.8443603515625
361.3171691894531
346.3823547363281
332.1322326660156
318.0515441894531
303.8473815917969
290.01507568359375
277.23675537109375
