1499.999755859375
1500.1036376953125
1500.0
1500.0
1500.0
1500.0
1500.0
1500.0
1500.0
1500.0
1500.0
1500.0
1500.0
1500.0
1500.0
1500.0
1500.0
1500.0
1500.0
1500.0
1500.0
1500.0
1500.0
1500.0
1500.0
1500.0
1500.0
1500.0
1500.0
1500.0
1500.0
1500.0
99.99976348876953
100.0
100.0
100.0
100.0
100.0
1499.8226318359375
1500.0
1500.0
1500.0
1500.0
1500.0
1500.0
1500.0
1500.0
1473.7806396484375
1439.97216796875
1406.457275390625
1372.517822265625
1338.296875
1303.9373779296875
1269.3433837890625
1234.65185546875
1201.099365234375
1168.6759033203125
1136.0953369140625
1103.5013427734375
1071.0565185546875
1038.8330078125
1007.8335571289062
977.4323120117188
948.08984375
919.2769775390625
890.5071411132812
861.8915405273438
833.9016723632812
806.5819702148438
779.723876953125
753.252685546875
727.1400146484375
701.4470825195312
676.2456665039062
651.7041625976562
627.9010009765625
604.998291015625
583.0982055664062
562.1940307617188
542.2045288085938
522.5465698242188
502.6400451660156
484.14501953125
466.6622009277344
449.8091125488281
433.6512451171875
418.1195373535156
403.2088317871094
388.95416259765625
374.77777099609375
361.25323486328125
348.5990295410156
