1500.0
1500.0
1500.0
1500.0
1500.0064697265625
1500.0
1500.0
1500.0
1500.0
1500.0
1500.0
1500.0
1500.0
1500.0
1500.0
1500.0
1500.0
1500.0
1500.0
1500.0
1500.0
1500.0
1500.0
1500.0
1500.0
1500.0
1500.0
1500.0
1500.0
1500.0
1500.0
1500.0
99.99995422363281
100.0
100.0
100.0
100.0
100.0
1500.0
1500.0
1500.0
1500.0
1500.0
1500.0
1500.0
1500.0
1500.0
1500.0
1500.0
1500.0
1500.0
1500.0
1500.0
1500.0
1500.0
1500.0
1500.0
1500.0
1500.0
1500.0
1500.0
1500.0
1500.0
1500.0
1500.0
1500.0
1500.0
1500.0
1500.0
1500.0
1499.9945068359375
1499.9957275390625
1500.0
1499.9969482421875
1499.9967041015625
1499.998291015625
1499.9932861328125
1500.0
1499.9979248046875
1499.9993896484375
1499.9970703125
1499.9971923828125
1499.9967041015625
1499.9970703125
1500.0
1499.999755859375
1499.9658203125
1499.9937744140625
1499.999267578125
1456.92138671875
1397.0596923828125
1340.848388671875
