1500.0
1318.2879638671875
1159.07373046875
1093.7020263671875
1033.227294921875
1008.9549560546875
995.1399536132812
982.7977905273438
970.757080078125
958.8931884765625
945.229248046875
932.091064453125
920.3828735351562
909.4927368164062
898.6400756835938
887.837890625
877.1945190429688
866.6903686523438
856.2817993164062
845.0385131835938
832.0360717773438
816.7022705078125
799.0316772460938
779.3094482421875
757.8974609375
735.8011474609375
714.5472412109375
693.724853515625
673.21923828125
653.2182006835938
633.2018432617188
613.1907958984375
593.1754760742188
100.0
100.0
100.0
100.0
100.0
100.0
580.1642456054688
533.4901733398438
505.5047912597656
485.70123291015625
469.4103698730469
454.6407775878906
440.48583984375
426.3262023925781
411.7787170410156
397.1436462402344
382.6226806640625
368.2012023925781
353.90777587890625
339.74554443359375
325.7462463378906
311.8992614746094
298.29150390625
285.0361022949219
272.21832275390625
259.89141845703125
248.11614990234375
236.9998321533203
226.38536071777344
216.1988525390625
206.39599609375
196.74130249023438
187.6186065673828
178.88113403320312
170.521484375
162.5645294189453
155.015625
147.85940551757812
141.09017944335938
134.6960906982422
128.5223846435547
122.59646606445312
117.06599426269531
111.81803131103516
106.37476348876953
101.48263549804688
96.9527816772461
92.69522094726562
88.67720794677734
84.88188934326172
81.30977630615234
77.9488754272461
74.78504180908203
71.80305480957031
68.95396423339844
66.25694274902344
63.71068572998047
61.306732177734375
59.037391662597656
56.89207077026367
