1500.0
1500.0
1500.0
1500.0
1500.000244140625
1500.0
1500.0
1500.0
1500.0
1499.9998779296875
1500.0
1499.9991455078125
1499.9998779296875
1500.0
1499.999755859375
1499.998779296875
1499.999267578125
1500.0
1499.998779296875
1500.0
1499.9993896484375
1499.99853515625
1500.0
1500.0
1499.99560546875
1499.9998779296875
1500.0
1499.9986572265625
1500.0
1499.9998779296875
1499.999755859375
1500.0
99.40216827392578
100.0
100.0
100.0
100.0
100.0
1500.0
1500.0
1500.0
1500.0
1500.0
1500.0
1500.0
1500.0
1500.0
1500.0
1500.0
1459.92822265625
1421.3388671875
1384.4093017578125
1346.8995361328125
1309.037353515625
1272.3331298828125
1236.283935546875
1200.444091796875
1164.98583984375
1129.817138671875
1095.2532958984375
1061.223876953125
1028.4757080078125
996.6416625976562
965.7464599609375
935.8605346679688
906.7391357421875
878.5827026367188
851.2101440429688
824.8495483398438
799.1275634765625
774.2522583007812
750.3001708984375
727.3112182617188
705.2764892578125
684.316650390625
664.3865356445312
645.4346923828125
627.3628540039062
610.287353515625
594.0863647460938
578.5704345703125
563.7774658203125
549.739501953125
536.3184204101562
523.4683227539062
511.16729736328125
499.4095764160156
488.2467346191406
477.5576171875
467.2931213378906
457.4054260253906
447.90264892578125
