1409.7510986328125
1062.271728515625
832.7666625976562
708.950927734375
640.866455078125
608.82177734375
588.3162231445312
570.4007568359375
553.8873901367188
539.0286865234375
524.9808349609375
511.4709777832031
497.7235412597656
484.06243896484375
475.8584289550781
467.6606140136719
459.3130187988281
451.48065185546875
443.6746826171875
435.5286560058594
426.97540283203125
418.0318298339844
408.59967041015625
398.6651916503906
390.5240173339844
382.46337890625
374.31884765625
365.8157653808594
356.78997802734375
347.2323303222656
337.2605285644531
326.97540283203125
100.0
100.0
100.0
100.0
100.0
100.0
434.4359130859375
305.6484069824219
274.0505676269531
266.0194091796875
261.7782897949219
258.64154052734375
255.75909423828125
252.86203002929688
249.83363342285156
246.5999755859375
243.44906616210938
240.33038330078125
236.98548889160156
233.4042205810547
230.0089111328125
226.79046630859375
223.548095703125
220.26466369628906
216.89454650878906
213.42291259765625
209.76229858398438
206.17730712890625
202.58815002441406
198.92959594726562
195.20054626464844
191.50479125976562
187.86306762695312
184.20797729492188
180.69529724121094
177.08778381347656
173.30648803710938
169.42889404296875
165.48843383789062
161.51162719726562
157.51583862304688
153.52891540527344
149.57644653320312
145.703857421875
141.9143829345703
138.2076873779297
134.66868591308594
131.29949951171875
127.9671630859375
124.68416595458984
121.46198272705078
118.3174819946289
115.27176666259766
112.32247161865234
109.47633361816406
106.73052215576172
104.0927734375
101.57318115234375
99.15335083007812
96.8325424194336
