1500.0
1500.0
1500.0025634765625
1500.0
1500.0
1500.0
1500.0
1500.0
1499.9998779296875
1499.9796142578125
1500.0
1500.0
1500.0
1500.0
1500.0
1500.0
1500.0
1500.0
1500.0
1499.9998779296875
1500.0
1500.0
1500.0
1500.0
1500.0
1500.0
1500.0
1500.0
1500.0
1436.943603515625
1354.2923583984375
1272.0994873046875
99.99859619140625
100.0
100.0
100.0
100.0
100.0
1500.0
1500.0059814453125
1469.2972412109375
1152.2652587890625
959.3702392578125
876.2743530273438
817.3384399414062
768.5317993164062
728.9347534179688
695.5047607421875
663.7614135742188
633.7564086914062
605.2261352539062
578.8950805664062
554.7183227539062
531.9884643554688
510.66412353515625
490.33819580078125
470.9595947265625
452.8318786621094
436.0752258300781
420.70306396484375
406.0293884277344
392.07720947265625
378.64031982421875
365.70050048828125
353.3327331542969
341.6049499511719
330.42767333984375
319.7312316894531
309.4705505371094
299.6246032714844
290.1197814941406
280.9898376464844
272.2633056640625
263.9768371582031
256.2790832519531
248.9370880126953
241.9781494140625
235.33584594726562
228.91806030273438
222.73179626464844
216.75540161132812
210.97097778320312
205.39846801757812
200.04461669921875
194.90774536132812
189.97999572753906
185.26039123535156
180.7391815185547
176.39598083496094
172.22409057617188
168.21665954589844
164.37551879882812
160.77540588378906
