1499.9998779296875
1499.9998779296875
1499.9991455078125
1500.0
1500.0
1500.0
1500.0
1500.0
1500.0
1500.0
1500.0
1500.0
1500.0
1500.0
1500.0
1500.0
1500.0
1500.0
1500.0
1500.0
1500.0
1500.0
1500.0
1500.0
1500.0
1500.0
1500.0
1500.0
1500.0
1500.0
1500.0
1500.0
100.0
100.0
100.0
100.0
100.0
100.0
1500.0
1500.0
1500.0
1500.0
1500.0
1500.0
1500.0
1500.0
1500.0
1500.0
1500.0
1500.0
1500.0
1500.0
1500.0
1500.0
1500.0
1500.0
1500.0
1500.0
1500.0
1461.467041015625
1409.8717041015625
1361.7427978515625
1315.238525390625
1269.5606689453125
1224.6168212890625
1180.6728515625
1138.0050048828125
1097.037841796875
1057.7132568359375
1019.9898681640625
983.5980834960938
948.4528198242188
915.1063842773438
883.639892578125
854.031494140625
826.2049560546875
799.7967529296875
774.9971923828125
751.701171875
729.4446411132812
708.3665161132812
689.1674194335938
671.5451049804688
654.9714965820312
639.244384765625
624.274658203125
609.9356689453125
596.2919921875
583.431640625
571.162353515625
559.345703125
547.9144287109375
