1500.0
1500.0
1500.0
1499.9998779296875
1500.056396484375
1500.0
1500.0
1500.0
1500.0
1500.0
1500.0
1500.0
1500.0
1500.0
1500.0
1500.0
1500.0
1500.0
1500.0
1500.0
1500.0
1500.0
1500.0
1500.0
1500.0
1500.0
1500.0
1500.0
1500.0
1500.0
1500.0
1500.0
100.0
100.0
100.0
100.0
100.0
100.0
1500.0
1500.0
1500.0
1500.0
1500.0
1500.0
1500.0
1500.0
1500.0
1500.0
1500.0
1500.0
1500.0
1500.0
1500.0
1500.0
1500.0
1500.0
1439.4993896484375
1373.4464111328125
1309.111572265625
1246.47509765625
1186.1920166015625
1130.350830078125
1076.1541748046875
1022.0573120117188
968.0293579101562
916.305419921875
865.2223510742188
816.1248779296875
772.8220825195312
734.9606323242188
698.8140258789062
663.0042114257812
629.541259765625
597.8782958984375
568.7308959960938
541.4622192382812
515.714599609375
491.4367370605469
468.18914794921875
445.49224853515625
423.1958312988281
401.79180908203125
382.8628845214844
366.826416015625
351.6620178222656
336.9512939453125
322.9827880859375
309.1652526855469
295.44427490234375
282.774169921875
270.80755615234375
259.2538146972656
