1500.0
1499.8314208984375
1499.9998779296875
1500.0029296875
1500.0
1500.0
1500.0
1500.0
1500.0
1500.0
1500.0
1500.0
1500.0
1500.0
1500.0
1500.0
1500.0
1500.0
1500.0
1500.0
1500.0
1495.5660400390625
1481.161865234375
1469.092041015625
1457.357666015625
1444.91455078125
1431.1478271484375
1415.656005859375
1398.3458251953125
1379.3671875
1358.938720703125
1337.218994140625
99.81790161132812
100.0
100.0
100.0
100.0
100.0
1500.0
1500.0
1500.0
1398.0396728515625
1329.9549560546875
1275.6214599609375
1229.953125
1190.8912353515625
1156.4027099609375
1124.8697509765625
1095.20556640625
1066.7965087890625
1039.153076171875
1010.9915771484375
984.6398315429688
958.5667724609375
932.373779296875
906.4592895507812
880.7984008789062
855.1343994140625
829.4496459960938
803.7950439453125
777.70947265625
751.1925659179688
724.9913330078125
699.2197265625
674.609130859375
650.46435546875
627.0018920898438
605.2023315429688
584.1306762695312
564.2700805664062
545.4977416992188
527.68896484375
510.5800476074219
494.3996276855469
479.13409423828125
464.6356506347656
450.88067626953125
437.72857666015625
425.02947998046875
412.6313781738281
400.40789794921875
388.5791320800781
377.1748046875
366.158935546875
355.4951171875
345.5181884765625
336.21954345703125
327.6029052734375
319.57940673828125
312.1055603027344
305.1450500488281
298.4800109863281
