1500.0
1324.486572265625
1129.070068359375
1060.817626953125
1034.4918212890625
1015.2659301757812
999.3720092773438
984.714111328125
971.124267578125
958.7657470703125
945.6774291992188
931.8326416015625
918.6270751953125
906.4417114257812
894.5160522460938
882.57080078125
870.9331665039062
859.6609497070312
848.6004028320312
837.183349609375
824.4415283203125
810.0161743164062
793.85400390625
776.131591796875
757.052490234375
737.501708984375
718.8494873046875
700.3426513671875
681.984375
663.9880981445312
646.1156005859375
628.2313842773438
100.0
100.0
100.0
100.0
100.0
100.0
631.1383056640625
587.8607177734375
559.8342895507812
539.4010009765625
522.0867309570312
506.0485534667969
490.7434997558594
475.8204040527344
461.1256408691406
446.96112060546875
433.2686462402344
419.33050537109375
405.11187744140625
390.7274475097656
376.1075134277344
361.425048828125
346.9451904296875
332.8153381347656
319.04302978515625
305.66754150390625
292.74041748046875
280.29644775390625
268.3793029785156
257.0285949707031
246.2003936767578
235.77781677246094
225.78611755371094
216.1910400390625
206.98336791992188
198.1683807373047
189.7446746826172
181.69644165039062
174.0308837890625
166.6031036376953
159.54965209960938
156.15863037109375
152.85203552246094
146.53456115722656
140.52883911132812
134.69097900390625
129.08326721191406
123.81736755371094
118.82393646240234
114.05448150634766
109.54049682617188
105.26378631591797
101.21199035644531
97.38745880126953
93.77377319335938
90.3575439453125
87.12765502929688
84.07354736328125
81.18096160888672
78.36722564697266
75.54048919677734
