1499.9996337890625
1500.0
1500.0003662109375
1500.0
1500.0
1500.0
1500.0
1500.0
1500.0
1500.0
1500.0
1500.0
1500.0
1500.0
1500.0
1500.0
1500.0
1500.0
1500.0
1500.0
1500.0
1500.0
1500.0
1500.0
1500.0
1500.0
1500.0
1500.0
1500.0
1500.0
1500.0
1500.0
99.99805450439453
99.99990844726562
100.0
100.0
100.0
100.0
1500.0
1500.0
1500.0
1367.1959228515625
1284.26025390625
1227.9991455078125
1184.6822509765625
1147.1422119140625
1111.89892578125
1077.2806396484375
1042.775634765625
1008.2852783203125
973.7666015625
939.2088623046875
904.5447998046875
869.8076782226562
835.2466430664062
801.1409301757812
767.7160034179688
735.1087036132812
703.4409790039062
672.89599609375
643.5355224609375
615.4389038085938
588.5049438476562
562.6831665039062
537.8275146484375
513.9730834960938
491.15673828125
469.1912841796875
448.27716064453125
428.3493957519531
409.3384704589844
391.227783203125
373.9994812011719
365.6607971191406
357.53076171875
341.9982604980469
327.2461242675781
313.2262878417969
299.8825988769531
287.2079162597656
275.1046447753906
263.597900390625
252.42156982421875
241.76876831054688
232.27500915527344
223.1666717529297
214.45834350585938
206.2025909423828
198.2880401611328
190.8565673828125
183.85769653320312
177.1583709716797
170.76849365234375
