1499.9974365234375
1500.0
1500.0
1500.0
1500.0
1500.0
1500.0
1500.0
1500.0
1500.0
1500.0
1500.0
1500.0
1500.0
1500.0
1500.0
1500.0
1500.0
1500.0
1500.0
1500.0
1500.0
1500.0
1500.0
1500.0
1500.0
1500.0
1500.0
1500.0
1500.0
1500.0
1500.0
100.0
100.0
100.0
100.0
100.0
100.0
1500.0
1500.0
1500.0
1500.0
1500.0
1500.0
1500.0
1500.0
1500.0
1500.0
1500.0
1500.0
1500.0
1500.0
1500.0
1500.0
1499.9998779296875
1500.0
1500.0
1499.9998779296875
1500.0
1500.0
1500.0
1499.9993896484375
1500.0
1500.0
1500.0
1500.0
1500.0
1500.0
1499.999755859375
1499.9969482421875
1499.9998779296875
1500.0
1500.0
1500.0
1500.0
1499.9998779296875
1499.99951171875
1500.0
1499.9998779296875
1499.9993896484375
1480.8653564453125
1433.7445068359375
1396.4510498046875
1364.73876953125
1335.016845703125
1297.564208984375
1253.1009521484375
1207.5380859375
1157.816650390625
1121.1473388671875
1089.562744140625
1059.4674072265625
1028.8232421875
