1500.0
1500.0
1500.0
1500.0
1500.0
1500.0
1499.9998779296875
1500.0
1500.0
1500.0
1500.0
1500.0
1500.0
1500.0
1500.0
1500.0
1500.0
1500.0
1500.0
1500.0
1500.0
1500.0
1500.0
1500.0
1500.0
1500.0
1500.0
1500.0
1500.0
1500.0
1500.0
1500.0
99.99908447265625
99.9999771118164
100.0
100.0
100.0
100.0
1500.0
1500.0
1500.0
1500.0
1500.0
1500.0
1500.0
1500.0
1500.0
1500.0
1500.0
1500.0
1500.0
1500.0
1500.0
1500.0
1500.0
1500.0
1500.0
1500.0
1500.0
1451.176025390625
1401.360595703125
1354.1251220703125
1308.654541015625
1264.2969970703125
1221.6876220703125
1180.749755859375
1141.4769287109375
1103.8946533203125
1067.845947265625
1033.065185546875
999.07958984375
966.138671875
936.88916015625
909.9999389648438
884.6820068359375
860.5069580078125
837.2314453125
814.8412475585938
793.5576171875
773.4482421875
754.307373046875
735.995849609375
718.4345092773438
701.5838012695312
685.3828735351562
669.69482421875
654.4396362304688
639.7196044921875
625.6244506835938
612.1478271484375
599.26806640625
586.8777465820312
574.9766235351562
