1401.699462890625
1069.2392578125
826.7775268554688
691.364013671875
635.2846069335938
612.2631225585938
595.912353515625
580.5457763671875
565.7609252929688
551.079833984375
536.2772827148438
521.3245849609375
506.5051574707031
492.38580322265625
479.247802734375
465.42547607421875
452.2195739746094
439.97515869140625
428.35601806640625
417.32672119140625
407.1349792480469
400.353271484375
393.29583740234375
385.6007080078125
377.0491943359375
367.7751159667969
357.7756652832031
347.10748291015625
335.8592224121094
324.22528076171875
312.3528747558594
300.4780578613281
100.0
100.0
100.0
100.0
100.0
100.0
419.8700866699219
295.3612976074219
270.8857116699219
259.9361267089844
252.14358520507812
246.9440460205078
243.5111541748047
240.7926788330078
238.51443481445312
236.36427307128906
234.1254425048828
231.7023162841797
229.0901641845703
226.3045654296875
223.3323516845703
220.19261169433594
217.05528259277344
213.81829833984375
210.41595458984375
206.84010314941406
203.26626586914062
199.69683837890625
196.10940551757812
192.44117736816406
188.6953582763672
184.8473358154297
180.90093994140625
176.860107421875
172.75711059570312
168.618896484375
164.6933135986328
160.82249450683594
156.98748779296875
153.1895294189453
149.44190979003906
145.79324340820312
142.2032470703125
138.6784210205078
135.2991485595703
132.04852294921875
128.8513641357422
125.6812515258789
122.55351257324219
119.48779296875
116.51467895507812
113.66646575927734
110.92436218261719
108.29072570800781
105.7662124633789
103.33745574951172
100.998779296875
98.74525451660156
96.58110046386719
94.50293731689453
