1500.0
1500.0
1500.0
1500.0
1500.0
1500.0
1500.0
1500.0
1500.0
1500.0
1500.0
1500.0
1500.0
1499.9984130859375
1500.0
1500.0
1500.0
1500.0
1500.0
1500.0
1500.0
1500.0
1500.0
1500.0
1500.0
1500.0
1500.0
1500.0
1500.0
1500.0
1500.0
1500.0
99.98637390136719
100.0
100.0
100.0
100.0
100.0
1500.0
1500.0
1500.0
1500.0
1500.0
1500.0
1500.0
1500.0
1500.0
1500.0
1500.0
1500.0
1500.0
1500.0
1500.0
1500.0
1500.0
1500.0
1500.0
1500.0
1500.0
1500.0
1500.0
1500.0
1500.0
1465.2703857421875
1405.6728515625
1349.3572998046875
1296.239990234375
1245.1650390625
1191.503662109375
1136.960205078125
1077.5899658203125
1020.2660522460938
965.2263793945312
909.5867309570312
869.8071899414062
829.5606689453125
791.0653076171875
751.2945556640625
707.9287109375
656.7711791992188
605.88525390625
579.6495971679688
556.49072265625
532.0574951171875
507.33294677734375
482.7423095703125
458.4580078125
435.2027282714844
412.44952392578125
389.0353088378906
370.6791076660156
355.7126159667969
