1408.5408935546875
1092.6927490234375
856.0712280273438
714.571044921875
650.4741821289062
625.302001953125
606.9561767578125
589.4276733398438
572.1072998046875
555.656005859375
539.1454467773438
522.300048828125
505.22332763671875
487.9584655761719
470.41156005859375
452.7857666015625
433.5381774902344
416.35894775390625
402.39556884765625
389.10711669921875
375.5251770019531
361.7734375
347.8143005371094
335.9482727050781
324.7023010253906
313.6416931152344
302.899658203125
294.8725280761719
289.52362060546875
284.7749938964844
279.8562927246094
274.8268737792969
100.0
100.0
100.0
100.0
100.0
100.0
350.4456481933594
281.9797668457031
262.2044372558594
251.75924682617188
244.4905242919922
238.84950256347656
234.34536743164062
230.66067504882812
227.5133819580078
224.6768341064453
221.95945739746094
219.18508911132812
216.25515747070312
213.14991760253906
209.8858184814453
206.43470764160156
202.8846435546875
199.30416870117188
195.68096923828125
191.97702026367188
188.1912078857422
184.32810974121094
180.2816925048828
176.15443420410156
172.1272430419922
168.2158660888672
164.302490234375
160.42172241210938
156.5676727294922
152.70828247070312
148.8375244140625
145.0003662109375
141.16705322265625
137.50958251953125
133.89036560058594
130.3416748046875
126.90339660644531
123.57308197021484
120.35075378417969
117.24647521972656
114.27466583251953
111.421630859375
108.68518829345703
106.05733489990234
103.53656768798828
101.11990356445312
98.80338287353516
96.57779693603516
94.43529510498047
92.3740005493164
90.38961791992188
88.47802734375
86.62699890136719
84.84396362304688
