1398.94482421875
1064.841796875
821.9119873046875
686.935302734375
631.4034423828125
608.0289916992188
590.97412109375
574.9759521484375
559.6439208984375
544.4658813476562
529.2303466796875
513.968017578125
498.9963684082031
484.841552734375
471.49517822265625
457.6679382324219
445.0762634277344
433.46331787109375
422.3397216796875
413.1031188964844
405.7391357421875
398.9192810058594
391.610595703125
383.5864562988281
374.7204284667969
365.1243896484375
354.78912353515625
343.7846984863281
332.2099609375
320.2706298828125
308.23736572265625
296.1944274902344
100.0
100.0
100.0
100.0
100.0
100.0
415.05126953125
291.0837707519531
268.3582458496094
257.12322998046875
249.52040100097656
244.79385375976562
241.4554443359375
238.8946990966797
236.8459014892578
234.75657653808594
232.46543884277344
229.92591857910156
227.18467712402344
224.2283477783203
221.09266662597656
217.88229370117188
214.6407470703125
211.232177734375
207.62942504882812
204.0216522216797
200.41622924804688
196.77590942382812
193.0345001220703
189.20541381835938
185.27630615234375
181.25753784179688
177.13870239257812
172.9627227783203
168.76116943359375
164.7803497314453
160.84251403808594
156.95278930664062
153.11370849609375
149.31590270996094
145.60044860839844
141.95066833496094
138.37440490722656
134.96713256835938
131.6732940673828
128.43785095214844
125.22728729248047
122.06451416015625
118.96752166748047
115.96764373779297
113.09013366699219
110.32138061523438
107.66397094726562
105.12126159667969
102.6771240234375
100.3272933959961
98.07058715820312
95.90330505371094
93.8252182006836
91.8267593383789
