1500.0
1499.5220947265625
1499.9998779296875
1499.9998779296875
1500.0
1500.0
1500.0
1500.0
1500.0
1500.0
1500.0
1500.0
1500.0
1500.0
1500.0
1500.0
1500.0
1500.0
1500.0
1490.2403564453125
1478.9091796875
1468.23876953125
1457.4031982421875
1445.7635498046875
1432.8531494140625
1418.4263916015625
1402.3963623046875
1384.677734375
1365.131591796875
1343.7333984375
1320.6649169921875
1296.326904296875
99.83319091796875
100.0
100.0
100.0
100.0
100.0
1500.0
1500.0
1407.879150390625
1311.793701171875
1246.0093994140625
1194.7276611328125
1152.461669921875
1115.81298828125
1082.6416015625
1051.4974365234375
1021.6192626953125
991.6426391601562
963.156005859375
935.4390869140625
907.7694702148438
879.6651611328125
851.620849609375
823.9802856445312
796.8622436523438
769.9752807617188
743.2040405273438
716.4097290039062
690.0390014648438
664.3382568359375
639.5152587890625
614.8298950195312
590.8002319335938
568.8447265625
548.06689453125
527.6908569335938
507.74951171875
488.20965576171875
468.1902160644531
448.8169250488281
430.55426025390625
413.13055419921875
396.0825500488281
379.6313781738281
364.55902099609375
351.7140808105469
340.5147399902344
330.6050720214844
322.0793762207031
314.0867004394531
306.2162170410156
297.965576171875
289.2488098144531
280.04376220703125
271.3001403808594
263.15960693359375
255.59930419921875
248.15768432617188
241.21212768554688
234.5359649658203
