1500.0
1500.0
1500.0
1500.0
1500.0
1500.0
1500.0
1500.0
1500.0
1500.0
1500.0
1500.0
1500.0
1500.0
1500.0
1500.0
1500.0
1500.0
1500.0
1500.0
1500.0
1500.0
1500.0
1500.0
1500.0
1500.0
1500.0
1500.0
1500.0
1500.0
1500.0
1500.0
100.0
100.0
100.0
100.0
100.0
100.0
1500.0
1500.0
1500.0
1500.0
1500.0
1500.0
1500.0
1500.0
1500.0
1500.0
1500.0
1500.0
1500.0
1500.0
1500.0
1500.0
1500.0
1500.0
1500.0
1478.98828125
1412.098876953125
1350.9515380859375
1293.0604248046875
1237.83203125
1185.0028076171875
1134.4066162109375
1085.932373046875
1039.484619140625
994.806640625
952.0868530273438
911.1619873046875
871.9434204101562
834.3488159179688
798.2285766601562
763.622802734375
730.5390625
699.0098266601562
669.0286865234375
640.4995727539062
613.3450317382812
587.5498046875
562.9771118164062
539.6640625
517.5505981445312
496.5966796875
476.75042724609375
457.7894287109375
439.87060546875
422.9968566894531
407.0339660644531
391.9604187011719
377.4424133300781
363.2793884277344
350.0299377441406
