1024.9552001953125
737.0026245117188
527.6411743164062
462.8352355957031
411.1632385253906
400.3067932128906
396.7659606933594
395.1882019042969
393.5109558105469
389.1858825683594
384.3059387207031
379.5069274902344
375.308349609375
370.13189697265625
364.8602600097656
359.69854736328125
354.1333923339844
348.0877685546875
341.644775390625
334.74798583984375
327.1915588378906
318.95819091796875
310.0489501953125
300.6066589355469
290.6455993652344
280.2000732421875
269.3292541503906
257.9336242675781
246.11212158203125
233.919189453125
221.8849639892578
211.2052001953125
201.41976928710938
195.40794372558594
100.0
100.0
100.0
99.99964141845703
100.0
100.0
259.8147277832031
209.0170135498047
184.22442626953125
170.4265594482422
165.51637268066406
163.1575164794922
161.201416015625
159.41796875
158.08326721191406
156.67681884765625
155.09226989746094
153.24722290039062
151.1676483154297
148.9127655029297
146.52978515625
144.0997772216797
141.66964721679688
139.26808166503906
136.8919677734375
134.54434204101562
132.24993896484375
129.98143005371094
127.7081527709961
125.32561492919922
122.87550354003906
120.39797973632812
117.94181060791016
115.51949310302734
113.10540008544922
110.68152618408203
108.24417114257812
105.79749298095703
103.42170715332031
101.16841125488281
98.93537139892578
96.7437515258789
94.6005859375
92.49586486816406
90.42642211914062
88.38897705078125
86.38226318359375
84.4241943359375
82.50611114501953
80.62659454345703
78.7958984375
77.02056884765625
75.29943084716797
73.64389038085938
72.0582046508789
70.54244995117188
69.0947036743164
67.71161651611328
66.39228820800781
65.18153381347656
64.00860595703125
