1499.9998779296875
1500.0
1499.9998779296875
1500.0
1500.0
1500.0
1500.0
1500.0
1500.0
1500.0
1500.0
1500.0
1500.0
1500.0
1500.0
1500.0
1500.0
1500.0
1500.0
1500.0
1500.0
1500.0
1500.0
1500.0
1500.0
1500.0
1500.0
1500.0
1500.0
1500.0
1500.0
1500.0
100.0
100.0
100.0
100.0
100.0
100.0
1495.3372802734375
1500.0
1500.0
1500.0
1500.0
1500.0
1500.0
1500.0
1500.0
1500.0
1500.0
1500.0
1500.0
1500.0
1434.6802978515625
1366.49072265625
1300.7725830078125
1236.50341796875
1174.04736328125
1113.9927978515625
1057.160400390625
1003.8740844726562
953.28515625
905.1248779296875
858.865478515625
816.7571411132812
777.4110717773438
740.46826171875
705.8262329101562
673.4090576171875
643.029296875
614.763427734375
588.5632934570312
564.5634765625
542.8208618164062
522.8306274414062
503.6854553222656
484.6312255859375
465.82171630859375
447.5046081542969
430.29376220703125
414.35931396484375
399.311279296875
384.5759582519531
370.71380615234375
358.43994140625
347.11004638671875
336.7933044433594
326.90179443359375
317.17193603515625
307.9882507324219
299.081298828125
290.5740661621094
282.4493103027344
