1499.999755859375
1500.0
1500.0003662109375
1500.0
1500.0
1500.0
1500.0
1500.0
1500.0
1500.0
1500.0
1500.0
1500.0
1500.0
1500.0
1500.0
1500.0
1500.0
1500.0
1500.0
1500.0
1500.0
1500.0
1500.0
1500.0
1500.0
1500.0
1500.0
1500.0
1500.0
1500.0
1500.0
99.99998474121094
100.0
100.0
100.0
100.0
100.0
1500.0
1500.0
1500.0
1500.0
1500.0
1500.0
1500.0
1500.0
1500.0
1500.0
1500.0
1500.0
1500.0
1475.65869140625
1387.282470703125
1307.96728515625
1230.35400390625
1162.17724609375
1100.35498046875
1041.2611083984375
988.0979614257812
937.0733642578125
887.671630859375
839.9978637695312
792.10888671875
743.6237182617188
695.642333984375
663.7239990234375
638.35546875
614.01904296875
589.1942749023438
563.0894775390625
538.7999877929688
522.2268676757812
503.0928039550781
478.9514465332031
450.5939636230469
420.9576721191406
393.0646057128906
364.02874755859375
352.0193786621094
340.23870849609375
326.82940673828125
311.6845397949219
296.7045593261719
280.64453125
263.8700866699219
257.528076171875
253.9065399169922
245.7970733642578
233.31381225585938
220.4998321533203
210.37081909179688
202.2856903076172
