1499.998779296875
1500.0
1500.0
1500.0
1500.00537109375
1500.0
1500.000244140625
1500.0
1500.0
1500.0
1500.0
1500.0
1500.0
1500.0
1500.0
1500.0
1500.0
1480.6396484375
1455.1129150390625
1435.0089111328125
1416.32861328125
1396.78076171875
1375.226318359375
1352.07568359375
1330.0421142578125
1308.5137939453125
1287.8360595703125
1267.3360595703125
1246.3077392578125
1226.3828125
1206.67724609375
1187.9222412109375
100.0
100.0
100.0
100.0
100.0
100.0
1500.0
1263.6611328125
1157.0164794921875
1111.001708984375
1082.44140625
1061.1279296875
1041.703369140625
1020.358154296875
995.3317260742188
968.2105712890625
940.0888061523438
909.9592895507812
879.2384643554688
852.1040649414062
825.2091674804688
799.3121337890625
773.9306030273438
748.9157104492188
723.6239013671875
700.0136108398438
683.2996215820312
667.7394409179688
654.5687255859375
641.9024658203125
629.3663330078125
616.9692993164062
604.6895141601562
592.5988159179688
580.7794189453125
569.2274169921875
557.8154907226562
546.39208984375
534.8665161132812
523.2338256835938
511.52734375
499.763427734375
488.0160217285156
476.32708740234375
464.8207092285156
453.5675964355469
442.57958984375
431.8537292480469
421.34405517578125
410.9929504394531
400.7616882324219
390.63397216796875
380.6487731933594
370.84393310546875
361.2785339355469
351.9902038574219
343.00469970703125
334.3939514160156
326.0599060058594
317.97882080078125
