1500.0
1500.0
1500.0
1500.0068359375
1500.0
1500.0
1500.0
1500.0
1500.0
1500.0
1500.0
1500.0
1500.0
1500.0
1500.0
1500.0
1499.9998779296875
1500.0
1500.0
1500.0
1500.0
1500.0
1500.0
1500.0
1500.0
1500.0
1500.0
1500.0
1500.0
1500.0
1467.719970703125
1392.1651611328125
99.99999237060547
100.0
100.0
100.0
100.0
100.0
1500.0
1500.0
1392.603271484375
1199.53369140625
1049.3355712890625
929.34619140625
851.162841796875
804.7604370117188
761.1632080078125
724.30419921875
693.3297729492188
664.3942260742188
637.1157836914062
611.4325561523438
586.960205078125
563.4519653320312
541.1866455078125
520.56201171875
501.12347412109375
482.6863098144531
465.33489990234375
448.9920349121094
433.6444091796875
419.52142333984375
405.62939453125
392.0770568847656
378.9857177734375
366.3897399902344
354.26544189453125
342.57330322265625
331.3195495605469
320.4633483886719
310.0414733886719
300.1309509277344
290.7815246582031
281.9346923828125
273.5350036621094
265.55487060546875
257.9689025878906
250.82675170898438
243.97206115722656
237.4461212158203
231.22499084472656
225.2936553955078
219.63519287109375
214.27142333984375
209.17210388183594
204.29978942871094
199.62677001953125
195.12823486328125
190.79490661621094
186.63540649414062
182.64698791503906
178.82228088378906
