0.037914443761110306
0.0402105450630188
0.044552117586135864
0.04958788678050041
0.05171135812997818
0.05244174972176552
0.052712343633174896
0.05286964029073715
0.053074534982442856
0.05327509716153145
0.0534469299018383
0.0536489374935627
0.05382478982210159
0.05401972308754921
0.05423217639327049
0.05442972481250763
0.054605577141046524
0.05477266013622284
0.05494938790798187
0.055131155997514725
0.05530449375510216
0.05546325817704201
0.05564282834529877
0.0558282695710659
0.0560746006667614
0.05643242225050926
0.05688342824578285
0.05737322196364403
0.057904548943042755
0.05848877876996994
0.05911431089043617
0.05978815630078316
0.0035064269322901964
0.0032025084365159273
0.0030604193452745676
0.0029767274390906096
0.0029251789674162865
0.002891616662964225
0.05487304925918579
0.057275474071502686
0.0586714968085289
0.060257166624069214
0.06143147498369217
0.0625017061829567
0.06362167000770569
0.06481210142374039
0.06605804711580276
0.06736566871404648
0.06872786581516266
0.07014308869838715
0.07161353528499603
0.07313770055770874
0.07476089894771576
0.07644321024417877
0.0780307725071907
0.07951254397630692
0.08103089034557343
0.08263528347015381
0.08426925539970398
0.08600325882434845
0.08787594735622406
0.08979351073503494
0.09177651256322861
0.09366908669471741
0.09562613815069199
0.09756436198949814
0.09948396682739258
0.1013512834906578
0.10313423722982407
0.10481804609298706
0.10673070698976517
0.10882806032896042
0.11079543828964233
0.11276448518037796
0.11475247144699097
0.11665747314691544
0.11837586015462875
0.1200258731842041
0.12171509861946106
0.12333468347787857
0.12398955971002579
0.12062656879425049
0.11751780658960342
0.11456573009490967
0.11171621084213257
0.10893696546554565
0.10621377825737
0.1035582646727562
0.10096152871847153
0.09841759502887726
0.0959189310669899
0.0934734046459198
0.09107566624879837
