0.04109138250350952
0.0450405552983284
0.051889773458242416
0.05485288053750992
0.0554211363196373
0.05581038072705269
0.056054938584566116
0.05623292177915573
0.056475259363651276
0.056710902601480484
0.0568823367357254
0.05703571438789368
0.05722924321889877
0.05743323266506195
0.05765218660235405
0.05784401297569275
0.05800293758511543
0.058155566453933716
0.05830567702651024
0.05846738442778587
0.05863536521792412
0.05881122127175331
0.059030406177043915
0.05927645415067673
0.05958808213472366
0.059962231665849686
0.06041419133543968
0.060932744294404984
0.061512190848588943
0.06215851381421089
0.06287208199501038
0.06367052346467972
0.003399095730856061
0.003148713381960988
0.00300570554099977
0.002919694408774376
0.002869306830689311
0.0028365133330225945
0.05755581334233284
0.06024951487779617
0.06190721318125725
0.06388130784034729
0.0654790922999382
0.06699319928884506
0.06854362785816193
0.0701676458120346
0.07188040018081665
0.07366787642240524
0.07549016922712326
0.07730400562286377
0.07907610386610031
0.08079338073730469
0.08247189968824387
0.08412099629640579
0.08581288903951645
0.0874357745051384
0.08903378993272781
0.09068828821182251
0.09239959716796875
0.09367543458938599
0.09492465108633041
0.0961538553237915
0.09745923429727554
0.098728246986866
0.09999483823776245
0.10125058144330978
0.10322185605764389
0.10506744682788849
0.1069515272974968
0.10897035151720047
0.11117276549339294
0.11347565054893494
0.11584959179162979
0.1180209293961525
0.12011352926492691
0.12210287898778915
0.12396946549415588
0.12586723268032074
0.1279650181531906
0.13030065596103668
0.13289634883403778
0.13542287051677704
0.1378963738679886
0.14045166969299316
0.14299465715885162
0.14561839401721954
0.14832566678524017
0.15128494799137115
0.14798417687416077
0.14267778396606445
0.13793009519577026
0.13356591761112213
0.12947559356689453
