0.041762564331293106
0.046483952552080154
0.053358398377895355
0.05586562678217888
0.05624179542064667
0.05650944635272026
0.0567937009036541
0.057118769735097885
0.05739467218518257
0.057689085602760315
0.057904914021492004
0.0580589585006237
0.05823900178074837
0.05843052640557289
0.05861181020736694
0.058802343904972076
0.05899932608008385
0.05919984355568886
0.059437040239572525
0.059696294367313385
0.06000811979174614
0.060301344841718674
0.06059687212109566
0.06099087372422218
0.06150776892900467
0.06211767718195915
0.06282554566860199
0.06361158192157745
0.06446778774261475
0.06537926942110062
0.0663214847445488
0.0672856941819191
0.0032469395082443953
0.0030435880180448294
0.0029904786497354507
0.0029700847808271646
0.002956859301775694
0.0029439174104481936
0.060538794845342636
0.06443314999341965
0.0665474385023117
0.06829876452684402
0.06988973915576935
0.07136250287294388
0.07274234294891357
0.07405194640159607
0.07533451169729233
0.0765882208943367
0.07783723622560501
0.07910650968551636
0.08042044192552567
0.08181355148553848
0.0832187682390213
0.08468836545944214
0.08623095601797104
0.08785636723041534
0.08949746936559677
0.09119158983230591
0.09294024854898453
0.09426821023225784
0.0954357385635376
0.09671609103679657
0.09799384325742722
0.09932421892881393
0.10064428299665451
0.10197621583938599
0.10400174558162689
0.10656702518463135
0.10917453467845917
0.11189662665128708
0.1147230938076973
0.11773841828107834
0.12101460248231888
0.12331121414899826
0.11866144835948944
0.11467143148183823
0.11094745993614197
0.10743637382984161
0.1040339469909668
0.1006624698638916
0.09723346680402756
0.09393751621246338
0.09070099145174026
0.0874205231666565
0.0839519202709198
0.08082813024520874
0.07711911201477051
0.07304427027702332
0.06844182312488556
0.06538163125514984
0.0653824731707573
0.06600292772054672
