19.14642906188965
18.58533477783203
16.60099220275879
14.325509071350098
12.73979663848877
11.770214080810547
11.236955642700195
11.041158676147461
11.119037628173828
11.436484336853027
11.874812126159668
12.354124069213867
12.807374000549316
13.23100471496582
13.615272521972656
13.967450141906738
14.31240463256836
14.70789909362793
15.225098609924316
15.882989883422852
16.675813674926758
17.6947021484375
18.956298828125
20.405712127685547
21.947925567626953
23.542924880981445
25.126291275024414
26.72017478942871
28.301856994628906
29.913036346435547
31.580692291259766
33.478363037109375
9.762882232666016
8.257774353027344
7.628211975097656
7.566661357879639
7.752599239349365
8.029983520507812
49.28148651123047
48.527198791503906
46.98902893066406
47.63336181640625
48.785804748535156
50.11411666870117
51.46297836303711
52.776039123535156
54.08985137939453
55.48442459106445
56.92295455932617
58.364166259765625
59.810218811035156
61.25225830078125
62.682044982910156
64.11844635009766
65.60546112060547
67.06819915771484
68.47068786621094
69.72122192382812
70.8450927734375
71.79574584960938
72.46336364746094
73.10904693603516
73.7066421508789
74.22510528564453
74.6921615600586
74.99895477294922
75.17877960205078
75.24986267089844
75.23976135253906
75.16889190673828
75.05794525146484
74.93283081054688
74.80358123779297
74.68408203125
74.57984161376953
74.46700286865234
74.32396697998047
74.13692474365234
73.90164184570312
73.63146209716797
73.34201049804688
73.04053497314453
72.73872375488281
72.44278717041016
72.1567611694336
71.87869262695312
71.61116790771484
71.35783386230469
71.12300872802734
70.90943908691406
70.71150207519531
70.52771759033203
