0.021838126704096794
0.027422962710261345
0.03044479712843895
0.030815068632364273
0.030744777992367744
0.03071219101548195
0.0307460967451334
0.030834920704364777
0.030931008979678154
0.03108331933617592
0.03126757591962814
0.031462058424949646
0.031648024916648865
0.03181210905313492
0.03196798264980316
0.032136041671037674
0.03229784592986107
0.03246039152145386
0.0326329730451107
0.03282312676310539
0.03301993012428284
0.0332205668091774
0.03345058485865593
0.033744730055332184
0.03413155674934387
0.03459523245692253
0.035126857459545135
0.035744816064834595
0.03644076734781265
0.03720216080546379
0.03802339732646942
0.03889527544379234
0.0019237914821133018
0.0014363210648298264
0.0013989470899105072
0.0013946180697530508
0.0013952052686363459
0.0013954383321106434
0.033449988812208176
0.03813323378562927
0.04040437936782837
0.04154191538691521
0.04161413386464119
0.04103589430451393
0.04059794917702675
0.0401909314095974
0.03978041559457779
0.03935679420828819
0.038804925978183746
0.038164474070072174
0.03752908110618591
0.03688440099358559
0.036223456263542175
0.03560081124305725
0.03495923429727554
0.03429614380002022
0.03363944590091705
0.03298649936914444
0.03232569992542267
0.031651925295591354
0.03096497431397438
0.03026941791176796
0.02956470102071762
0.028850143775343895
0.02813177928328514
0.027416566386818886
0.02671217918395996
0.026017367839813232
0.025361089035868645
0.024728093296289444
0.024097813293337822
0.023471975699067116
0.022850586101412773
0.022230274975299835
0.021608231589198112
0.02098463848233223
0.020375477150082588
0.019779589027166367
0.0191939827054739
0.018620207905769348
0.018086612224578857
0.01758747734129429
0.017111463472247124
0.016652360558509827
0.01620725356042385
0.015773870050907135
0.015351171605288982
0.01493807416409254
0.014534094370901585
0.014138812199234962
0.013751871883869171
0.013373561203479767
0.01300441101193428
