0.09998859465122223
0.11352795362472534
0.12260274589061737
0.13073666393756866
0.13694120943546295
0.14032816886901855
0.14184322953224182
0.1431213766336441
0.14452359080314636
0.14540766179561615
0.14603391289710999
0.1466216742992401
0.14724987745285034
0.14779964089393616
0.14849735796451569
0.14923755824565887
0.14993520081043243
0.15073378384113312
0.15156029164791107
0.15240761637687683
0.1532900184392929
0.15415619313716888
0.15496839582920074
0.15579940378665924
0.15671473741531372
0.15777310729026794
0.1589999943971634
0.1608881652355194
0.16332556307315826
0.1661979705095291
0.16967707872390747
0.17351099848747253
0.015992553904652596
0.01145078707486391
0.009190283715724945
0.00869698729366064
0.00827071163803339
0.00805551279336214
0.14157594740390778
0.15204383432865143
0.16272911429405212
0.17262299358844757
0.1812133938074112
0.18906430900096893
0.19653818011283875
0.20370003581047058
0.21052713692188263
0.21711893379688263
0.22435352206230164
0.23275288939476013
0.2437579482793808
0.2572968900203705
0.2718503177165985
0.2857185900211334
0.3013477325439453
0.3193361759185791
0.3395155966281891
0.36225253343582153
0.3884011507034302
0.3965912461280823
0.39280828833580017
0.39150315523147583
0.3906712234020233
0.39030149579048157
0.3910704553127289
0.3930867910385132
0.3949505090713501
0.3971293866634369
0.39971327781677246
0.40285614132881165
0.4064570963382721
0.4103032350540161
3.1450016498565674
6.085310935974121
8.389302253723145
10.259607315063477
11.937067031860352
13.242729187011719
14.273673057556152
14.72494125366211
15.127545356750488
15.78374195098877
16.30777359008789
16.721818923950195
17.038997650146484
17.27361488342285
17.462753295898438
17.62473487854004
17.72499656677246
17.7806339263916
17.802974700927734
17.789569854736328
17.752843856811523
17.69886016845703
