0.007763553876429796
0.008696287870407104
0.009875238873064518
0.010906720533967018
0.011159785091876984
0.011244501918554306
0.011317066848278046
0.011382298544049263
0.011507933959364891
0.011643997393548489
0.011762871406972408
0.011866951361298561
0.01197337917983532
0.012080113403499126
0.012198501266539097
0.012341329827904701
0.012500793673098087
0.012676041573286057
0.012880104593932629
0.013111957348883152
0.013370147906243801
0.013653417117893696
0.013964075595140457
0.014279866591095924
0.014572557993233204
0.014882767572999
0.015217185020446777
0.015564672648906708
0.015926821157336235
0.016304615885019302
0.01669863611459732
0.017108934000134468
0.0008990210480988026
0.0008702583145350218
0.0008633512770757079
0.0008663596818223596
0.000874137447681278
0.0008832472958602011
0.0008924179128371179
0.01667151413857937
0.01756945252418518
0.018042847514152527
0.01842784695327282
0.018794480711221695
0.01915758103132248
0.019557595252990723
0.01999593898653984
0.020471837371587753
0.021000972017645836
0.02155672013759613
0.022082366049289703
0.02261771447956562
0.023190081119537354
0.023797649890184402
0.02440422587096691
0.024124016985297203
0.023486381396651268
0.022872446104884148
0.022271672263741493
0.02168099954724312
0.0210989098995924
0.020525557920336723
0.01995876058936119
0.019399240612983704
0.018850672990083694
0.01831560581922531
0.017794903367757797
0.01728774979710579
0.016793521121144295
0.016312219202518463
0.015845004469156265
0.015393191948533058
0.014954118058085442
0.014526676386594772
0.014110024087131023
0.013704151846468449
0.013308987952768803
0.012926707044243813
0.01256080623716116
0.012210057117044926
0.011873130686581135
0.011548960581421852
0.011236196383833885
0.01093407440930605
0.010642006061971188
0.010359372943639755
0.01008654572069645
0.00982294324785471
0.00956736970692873
0.009319870732724667
0.009080696851015091
0.008849619887769222
0.008626258932054043
