9.626379013061523
13.416755676269531
10.909204483032227
9.269048690795898
8.683393478393555
8.384580612182617
8.136570930480957
7.938796043395996
7.7799482345581055
7.631680965423584
7.409908294677734
7.212943077087402
7.062910079956055
6.969730854034424
6.928025722503662
6.929848670959473
6.962115287780762
7.005550861358643
7.057857990264893
7.116906642913818
7.183305740356445
7.258428573608398
7.344457626342773
7.436027526855469
7.5168890953063965
7.598202228546143
7.692265033721924
7.8116960525512695
7.961071491241455
8.143720626831055
8.364542961120605
8.627751350402832
0.7715105414390564
0.6742558479309082
0.6784082651138306
0.6954066753387451
0.7073298692703247
0.7227802872657776
12.346944808959961
12.65014934539795
12.459994316101074
12.546006202697754
12.944954872131348
13.44921588897705
14.026396751403809
14.66301155090332
14.998220443725586
15.333434104919434
16.017925262451172
16.725521087646484
17.43830680847168
18.143632888793945
18.832921981811523
19.505502700805664
20.161516189575195
20.80385398864746
21.445919036865234
22.137784957885742
22.901695251464844
23.633020401000977
24.34903335571289
25.04053497314453
25.69792938232422
26.31910514831543
26.905752182006836
27.46588134765625
28.029813766479492
28.623003005981445
29.234670639038086
29.85967254638672
30.498247146606445
31.14200782775879
31.77591323852539
32.38418960571289
32.95551300048828
33.48338317871094
34.058773040771484
34.562931060791016
35.01179504394531
35.41838455200195
35.79024124145508
36.1336669921875
36.46000671386719
36.77333068847656
37.07341766357422
37.36041259765625
37.631160736083984
37.885093688964844
38.12214279174805
38.34228515625
38.54160690307617
38.719303131103516
38.876068115234375
39.01377487182617
