0.02548256888985634
0.027489077299833298
0.029030758887529373
0.030452566221356392
0.030827492475509644
0.03087542951107025
0.0308916624635458
0.030973199754953384
0.031101318076252937
0.031214870512485504
0.03140728920698166
0.03161638230085373
0.03181944787502289
0.03200209513306618
0.03216562047600746
0.03232017904520035
0.032476652413606644
0.0326477475464344
0.03282163292169571
0.03299397975206375
0.03316916152834892
0.03336498886346817
0.03358766809105873
0.03386249765753746
0.034214239567518234
0.03463704511523247
0.03511941432952881
0.03566357120871544
0.03627108037471771
0.03694038465619087
0.03766582906246185
0.03844025731086731
0.0014992114156484604
0.0014150642091408372
0.001339056296274066
0.0013607015134766698
0.0014174131210893393
0.0014771930873394012
0.033524658530950546
0.03728719800710678
0.03956044092774391
0.04092100262641907
0.041349172592163086
0.040749870240688324
0.04024217650294304
0.03977961465716362
0.03932942450046539
0.03887750208377838
0.03841860592365265
0.03789253532886505
0.037295062094926834
0.03669236600399017
0.03608432784676552
0.035458821803331375
0.034798137843608856
0.03411934897303581
0.033474501222372055
0.0328548401594162
0.0322258435189724
0.03158687427639961
0.030940379947423935
0.030283981934189796
0.02962270751595497
0.028955981135368347
0.028280487284064293
0.02760145626962185
0.026917707175016403
0.026234835386276245
0.025556327775120735
0.024884209036827087
0.0242184866219759
0.023557350039482117
0.02290433458983898
0.02226000279188156
0.021625462919473648
0.021015619859099388
0.020436931401491165
0.019858689978718758
0.01928921975195408
0.018728915601968765
0.018187491223216057
0.017669951543211937
0.01717722788453102
0.01670287922024727
0.016244646161794662
0.015801062807440758
0.015370424836874008
0.014950208365917206
0.014540774747729301
0.014141461811959743
0.013751826249063015
0.013378324918448925
