0.03841014951467514
0.042281392961740494
0.04788142442703247
0.05129562318325043
0.05273550748825073
0.05311629921197891
0.053574513643980026
0.0540824830532074
0.05454467236995697
0.05495542660355568
0.05539094656705856
0.05586676299571991
0.056310199201107025
0.056733325123786926
0.05716310441493988
0.057639192789793015
0.05822787061333656
0.0589466392993927
0.05979194492101669
0.060755953192710876
0.061830855906009674
0.06303296238183975
0.0642971321940422
0.06557998806238174
0.06690230965614319
0.0682741105556488
0.06970278173685074
0.07120465487241745
0.07278943061828613
0.07445985078811646
0.07621817290782928
0.07805435359477997
0.004435237031430006
0.004238692112267017
0.004175672307610512
0.004149844404309988
0.004103389568626881
0.004038479644805193
0.06987225264310837
0.07180312275886536
0.07323339581489563
0.0755486786365509
0.07778752595186234
0.07984685897827148
0.0808475911617279
0.08201564848423004
0.08432496339082718
0.08681900799274445
0.08939942717552185
0.09183002263307571
0.09401706606149673
0.09612727910280228
0.09864885360002518
0.1012013852596283
0.10468874871730804
0.10776781290769577
0.1105368584394455
0.11291375756263733
0.11490670591592789
0.10994162410497665
0.10537321865558624
0.10116905719041824
0.09720680862665176
0.09346271306276321
0.08996190875768661
0.08669283241033554
0.08365024626255035
0.0808173269033432
0.07817715406417847
0.07570372521877289
0.07337190955877304
0.0711250826716423
0.06895428150892258
0.06684943288564682
0.06477523595094681
0.06277874112129211
0.06089572235941887
0.059122566133737564
0.05752985179424286
0.055999353528022766
0.05444688722491264
0.05288194864988327
0.05126504600048065
0.049577973783016205
0.04784594848752022
0.04607466980814934
0.0446508415043354
0.04342828318476677
0.042224444448947906
0.0410500168800354
0.0398172028362751
0.038653820753097534
0.03771311417222023
0.03757110610604286
