0.024772705510258675
0.027616480365395546
0.031647395342588425
0.03395681828260422
0.034703683108091354
0.03523678332567215
0.035710107535123825
0.03617994859814644
0.03673262521624565
0.037366244941949844
0.03803021088242531
0.038688648492097855
0.039319850504398346
0.039938654750585556
0.04055509343743324
0.041142787784338
0.04172249883413315
0.042311426252126694
0.04293125867843628
0.04361269250512123
0.04438261687755585
0.04525494948029518
0.04622963070869446
0.04730568826198578
0.048487287014722824
0.04977649822831154
0.05114801228046417
0.052598219364881516
0.05412993207573891
0.055744025856256485
0.057267121970653534
0.05854633450508118
0.0029646619223058224
0.002858830150216818
0.002804001560434699
0.0027652604039758444
0.00273215863853693
0.0027018177788704634
0.04914357140660286
0.0532245896756649
0.05616645887494087
0.058130089193582535
0.059791672974824905
0.06129300594329834
0.06263911724090576
0.06392153352499008
0.06524984538555145
0.0666319727897644
0.06813918054103851
0.06823644042015076
0.06484177708625793
0.06187203526496887
0.059109825640916824
0.05648251995444298
0.05396248400211334
0.05152718722820282
0.04917516931891441
0.04690878465771675
0.044711317867040634
0.04255605861544609
0.04050803557038307
0.03875727206468582
0.037185847759246826
0.03573962301015854
0.03439838066697121
0.03314591571688652
0.03198089450597763
0.030878739431500435
0.029841940850019455
0.028886357322335243
0.027993526309728622
0.027422675862908363
0.02714248187839985
0.026358310133218765
0.025601807981729507
0.024878690019249916
0.024190157651901245
0.02353287674486637
0.022900415584445
0.022289985790848732
0.021701212972402573
0.021134337410330772
0.02059084363281727
0.020069675520062447
0.01956990733742714
0.019092703238129616
0.01863807626068592
0.018204545602202415
0.017788397148251534
0.017387250438332558
0.017000893130898476
0.016630351543426514
0.01627565734088421
