0.03796575963497162
0.04118644818663597
0.045536693185567856
0.05035913735628128
0.05235666036605835
0.05292123183608055
0.05317183583974838
0.053609468042850494
0.05402907356619835
0.05451040714979172
0.054948657751083374
0.05540316179394722
0.055863577872514725
0.05630390718579292
0.056727323681116104
0.05721353366971016
0.05772626772522926
0.05833332985639572
0.05907461419701576
0.059925008565187454
0.06085491180419922
0.0618506595492363
0.0628952607512474
0.06399793177843094
0.06512732803821564
0.06628347933292389
0.067483089864254
0.06871291249990463
0.069942906498909
0.07114677876234055
0.07232493907213211
0.07348039001226425
0.004089889116585255
0.003949398640543222
0.0038989479653537273
0.0038650722708553076
0.0038297695573419333
0.003793552750721574
0.06554970145225525
0.0677584856748581
0.06930038332939148
0.07080837339162827
0.07244735211133957
0.07431226968765259
0.07632994651794434
0.078425332903862
0.0806085541844368
0.08294739574193954
0.08512318134307861
0.087090402841568
0.08899248391389847
0.09056106209754944
0.09200288355350494
0.09356718510389328
0.0951729565858841
0.09680898487567902
0.09868856519460678
0.1008133813738823
0.10293275862932205
0.10500499606132507
0.1088714674115181
0.10867246985435486
0.1047976091504097
0.1016072928905487
0.09861026704311371
0.09596740454435349
0.09369730949401855
0.09172330051660538
0.09001803398132324
0.09251265227794647
0.11567331105470657
0.14739221334457397
0.1856902688741684
0.22913555800914764
0.275338739156723
0.3254357874393463
0.37907400727272034
0.4367711544036865
0.49887630343437195
0.5560500025749207
0.6099457144737244
11.623698234558105
20.978487014770508
28.228303909301758
33.31721496582031
36.967098236083984
39.675804138183594
41.70777130126953
43.24739074707031
44.498077392578125
45.445796966552734
46.117149353027344
