0.007749227806925774
0.008605820126831532
0.009726447984576225
0.010888363234698772
0.011074237525463104
0.011133466847240925
0.011182702146470547
0.011230524629354477
0.011292739771306515
0.011380997486412525
0.011466773226857185
0.011541231535375118
0.011621623300015926
0.01169594656676054
0.01177299115806818
0.011841271072626114
0.011908130720257759
0.011972390115261078
0.012039783410727978
0.012113319709897041
0.012192489579319954
0.012273906730115414
0.012362195178866386
0.012461096048355103
0.012575422413647175
0.012706457637250423
0.012852504849433899
0.013013960793614388
0.01319164875894785
0.013386942446231842
0.013599010184407234
0.013826180249452591
0.000678848591633141
0.000641637307126075
0.0006317642983049154
0.000627727888058871
0.0006257193745113909
0.0006250532460398972
0.012841426767408848
0.013705482706427574
0.014119644649326801
0.014388803392648697
0.01460004597902298
0.014811932109296322
0.015040687285363674
0.015281849540770054
0.015536830760538578
0.0158055629581213
0.01608618162572384
0.01637762039899826
0.016678106039762497
0.01698826439678669
0.017308389768004417
0.017641019076108932
0.017983442172408104
0.018336337059736252
0.018688665702939034
0.019035788252949715
0.019401390105485916
0.019782595336437225
0.020181363448500633
0.02060028538107872
0.021041564643383026
0.02142285741865635
0.021764513105154037
0.022112403064966202
0.022471589967608452
0.02283467911183834
0.023204205557703972
0.023578381165862083
0.02395802177488804
0.024344423785805702
0.024729618802666664
0.024639951065182686
0.024196745827794075
0.023765694350004196
0.02333882451057434
0.022913958877325058
0.02249208278954029
0.02207406796514988
0.021658940240740776
0.021245721727609634
0.02083577774465084
0.02042912133038044
0.020025229081511497
0.01962437480688095
0.019229723140597343
0.018842240795493126
0.018461165949702263
0.018085816875100136
0.017714859917759895
0.017348261550068855
