0.024539513513445854
0.02727426402270794
0.031073855236172676
0.03382471576333046
0.0344139039516449
0.03478354588150978
0.03504806384444237
0.03533026948571205
0.03559527546167374
0.03587893396615982
0.03623419627547264
0.03668861463665962
0.03718651458621025
0.0376894511282444
0.038178618997335434
0.03866743668913841
0.039201151579618454
0.039804089814424515
0.040498241782188416
0.04126821085810661
0.042104896157979965
0.043008044362068176
0.04397175461053848
0.04498562589287758
0.04604766145348549
0.04715811461210251
0.048316434025764465
0.049525804817676544
0.050817083567380905
0.05216829478740692
0.05357448011636734
0.05505313724279404
0.002846533665433526
0.002692386507987976
0.0026407476980239153
0.0026218341663479805
0.0026148140896111727
0.0026118839159607887
0.04883531108498573
0.05281989276409149
0.055220142006874084
0.05691619962453842
0.05812862142920494
0.05923228710889816
0.05977882444858551
0.06038105487823486
0.061607275158166885
0.06291142106056213
0.06431956589221954
0.06585319340229034
0.06746869534254074
0.06924934685230255
0.06831181049346924
0.06471487134695053
0.06145105138421059
0.05837404727935791
0.05545724928379059
0.05269859358668327
0.05009054020047188
0.047618914395570755
0.04641496762633324
0.04524211958050728
0.04301254823803902
0.04108734056353569
0.039423417299985886
0.03791290149092674
0.036512285470962524
0.03520027548074722
0.03397754952311516
0.03283872455358505
0.03177620843052864
0.030775774270296097
0.029823871329426765
0.028912898153066635
0.028038952499628067
0.027198506519198418
0.02640026994049549
0.025650857016444206
0.024944273754954338
0.02426985651254654
0.023622551932930946
0.023008396849036217
0.02242775820195675
0.021877862513065338
0.021355576813220978
0.020857814699411392
0.020375944674015045
0.01990526355803013
0.01944502256810665
0.018998462706804276
0.01857171021401882
0.018169451504945755
0.017788643017411232
0.01742650754749775
