0.4975145757198334
0.5957714319229126
0.9815978407859802
1.0285470485687256
1.047204852104187
1.0698248147964478
1.0890053510665894
1.1083542108535767
1.1254161596298218
1.1373486518859863
1.148735523223877
1.1588116884231567
1.1716957092285156
1.18547785282135
1.2007951736450195
1.2174522876739502
1.2387778759002686
1.2628856897354126
1.289695143699646
1.3183088302612305
1.3458880186080933
1.375329852104187
1.406616449356079
1.4390696287155151
1.4751673936843872
1.5166785717010498
1.5640568733215332
1.6166090965270996
1.675701379776001
1.740216851234436
1.813621997833252
1.8920985460281372
0.03421437367796898
0.03406524285674095
0.033983491361141205
0.03531588241457939
0.035330191254615784
0.03524106368422508
0.6970193982124329
1.3390535116195679
1.6432230472564697
1.9660390615463257
2.022892951965332
2.0093390941619873
2.002624034881592
2.0005781650543213
2.0000977516174316
2.000706911087036
2.0030453205108643
2.0079591274261475
1.9894754886627197
1.968838095664978
3.543773889541626
4.9387736320495605
5.633106708526611
6.097505569458008
7.686615943908691
9.670326232910156
11.553472518920898
13.293710708618164
14.951818466186523
16.733768463134766
18.672502517700195
20.77387046813965
23.227352142333984
26.058717727661133
29.091541290283203
32.22999954223633
35.33420944213867
38.416412353515625
41.4581413269043
44.37239456176758
47.32366943359375
50.47637939453125
53.73704147338867
57.11129379272461
60.66258239746094
64.20599365234375
67.60780334472656
70.77989959716797
73.63313293457031
76.20635223388672
78.56285858154297
80.96402740478516
83.17898559570312
85.25172424316406
87.31194305419922
89.34526062011719
90.3524398803711
91.3389892578125
93.21260833740234
94.96109771728516
96.61841583251953
