0.041494034230709076
0.04540427401661873
0.05128730461001396
0.05513099581003189
0.055649533867836
0.05629521235823631
0.05668262392282486
0.056992653757333755
0.05733563378453255
0.05764329433441162
0.05791124328970909
0.058126118034124374
0.05835000425577164
0.05858949199318886
0.05881277471780777
0.059032682329416275
0.059267088770866394
0.05950705707073212
0.059737976640462875
0.05995776876807213
0.06016271933913231
0.06036519259214401
0.06060352548956871
0.06087515503168106
0.06117704138159752
0.06152486056089401
0.06194000691175461
0.062437016516923904
0.06300259381532669
0.0636390969157219
0.06433625519275665
0.06508692353963852
0.003227927954867482
0.002833754988387227
0.002819754183292389
0.002803441137075424
0.002792548621073365
0.002784223761409521
0.056668829172849655
0.05975094437599182
0.06294342130422592
0.06544294208288193
0.067380391061306
0.0690143033862114
0.07053041458129883
0.07202926278114319
0.07355787605047226
0.07512436807155609
0.07672903686761856
0.07839476317167282
0.08011623471975327
0.081870436668396
0.0836927741765976
0.08553566783666611
0.08731266856193542
0.08904969692230225
0.0908084586262703
0.09253938496112823
0.09386437386274338
0.09523649513721466
0.09664510190486908
0.09804177284240723
0.0994550883769989
0.10088817030191422
0.10329243540763855
0.10567229986190796
0.10810685157775879
0.11070143431425095
0.11325211077928543
0.11583130061626434
0.11815367639064789
0.12037256360054016
0.12249352037906647
0.1246054396033287
0.126693993806839
0.12869350612163544
0.13060922920703888
0.1324855536222458
0.1342889964580536
0.13600893318653107
0.13766033947467804
0.13927824795246124
0.14082752168178558
0.14221474528312683
0.14345142245292664
0.14460846781730652
0.145807147026062
0.147122323513031
0.1423855721950531
0.1383480727672577
0.13463951647281647
0.1311485469341278
