0.49366629123687744
0.5794662833213806
0.8998355269432068
1.0594137907028198
1.0968339443206787
1.1203657388687134
1.1484322547912598
1.178697943687439
1.2097783088684082
1.2434148788452148
1.2733622789382935
1.303696632385254
1.3376948833465576
1.3766876459121704
1.4242494106292725
1.4814839363098145
1.5456644296646118
1.6127201318740845
1.689751148223877
1.7828232049942017
1.9006013870239258
1.8882155418395996
1.8603098392486572
1.8381612300872803
1.8263553380966187
1.8197795152664185
1.8179352283477783
1.8206923007965088
1.8290764093399048
1.8432958126068115
1.8658658266067505
1.862784743309021
0.050000496208667755
0.037212785333395004
0.03726813569664955
0.037372175604104996
0.037486929446458817
0.037608012557029724
8.741972923278809
13.965032577514648
17.095617294311523
19.407001495361328
21.501941680908203
27.040943145751953
33.37683868408203
39.94586181640625
42.55778503417969
46.421321868896484
52.639095306396484
59.07228469848633
65.2105484008789
70.78655242919922
75.87762451171875
80.57354736328125
84.95457458496094
88.98604583740234
92.74259185791016
96.65917205810547
100.39114379882812
103.9090576171875
107.09223175048828
109.91942596435547
112.3523178100586
114.3992919921875
116.12139892578125
117.56178283691406
118.83901977539062
120.35503387451172
121.79358673095703
123.01850128173828
124.06167602539062
124.79511260986328
125.33087158203125
125.76803588867188
126.1353988647461
126.44789123535156
126.71214294433594
126.94436645507812
127.15415954589844
127.34795379638672
127.52310943603516
127.67959594726562
127.81085968017578
127.9127426147461
127.98145294189453
128.0149688720703
128.01683044433594
127.99166870117188
127.94512176513672
127.8807601928711
127.80232238769531
127.70850372314453
127.59648132324219
127.46204376220703
127.30874633789062
