0.02546725608408451
0.027563584968447685
0.029410379007458687
0.03094586543738842
0.031166264787316322
0.03112727403640747
0.03115111216902733
0.03137616813182831
0.03171662241220474
0.03216170519590378
0.032538723200559616
0.03291725367307663
0.03334440290927887
0.033810876309871674
0.03427981212735176
0.03474385663866997
0.035226061940193176
0.03575284406542778
0.03635547310113907
0.037057191133499146
0.03784738481044769
0.03872523084282875
0.039686381816864014
0.0404692068696022
0.039915382862091064
0.03938426449894905
0.0388658381998539
0.03833498805761337
0.03778088465332985
0.03720003366470337
0.03658536076545715
0.035807859152555466
0.0022370682563632727
0.002364248037338257
0.0023685358464717865
0.0023437917698174715
0.002325400710105896
0.002313479781150818
0.0393625907599926
0.037067607045173645
0.03519792482256889
0.03399109095335007
0.03304867446422577
0.0322103388607502
0.03139670565724373
0.0305788516998291
0.0297818835824728
0.028954870998859406
0.028117341920733452
0.027268119156360626
0.026403967291116714
0.025526171550154686
0.024649618193507195
0.023782873526215553
0.02292380854487419
0.02207624725997448
0.021658848971128464
0.021240543574094772
0.020409349352121353
0.019589543342590332
0.018779676407575607
0.01798323728144169
0.017213156446814537
0.016500456258654594
0.01581965759396553
0.015178865753114223
0.01457417756319046
0.014001048170030117
0.013456008397042751
0.012937742285430431
0.012440984137356281
0.011975310742855072
0.011546784080564976
0.011153094470500946
0.010790240950882435
0.010457128286361694
0.010156277567148209
0.009876854717731476
0.009613951668143272
0.009366779588162899
0.009134449064731598
0.008915221318602562
0.008708421140909195
0.008511407300829887
0.008321884088218212
0.008137954398989677
0.00796413142234087
0.0077986824326217175
0.007641646545380354
0.007492833770811558
0.007351943291723728
0.007217772305011749
0.007091161794960499
