0.11330380290746689
0.12349209189414978
0.13106615841388702
0.13902772963047028
0.14357395470142365
0.14598697423934937
0.14844515919685364
0.15011779963970184
0.15173552930355072
0.15321919322013855
0.1545811891555786
0.1558752954006195
0.1572464555501938
0.15860013663768768
0.15983906388282776
0.1609853059053421
0.16221949458122253
0.1635584980249405
0.16495585441589355
0.1664292961359024
0.16812165081501007
0.17119872570037842
0.17477940022945404
0.17857572436332703
0.18261440098285675
0.18718267977237701
0.19206589460372925
0.19711515307426453
0.20249728858470917
0.20833218097686768
0.21468837559223175
0.22172071039676666
0.015445603989064693
0.01249124575406313
0.011554096825420856
0.010812576860189438
0.01018807478249073
0.010011604055762291
0.16814379394054413
0.17853981256484985
0.19567249715328217
0.20851770043373108
0.22139713168144226
0.24929922819137573
0.2835046052932739
0.33216312527656555
0.3580668568611145
0.39497074484825134
0.47367751598358154
0.552975594997406
7.56475305557251
14.885605812072754
20.577762603759766
24.507431030273438
27.34006690979004
29.71543312072754
31.50278663635254
32.87412643432617
33.89958190917969
34.511173248291016
34.8277473449707
34.953765869140625
34.98234558105469
35.05851364135742
35.06877136230469
35.07931137084961
35.08629608154297
35.09508514404297
35.11482238769531
35.22523880004883
35.48692321777344
36.73944854736328
45.55240249633789
47.403194427490234
48.576560974121094
49.56296157836914
50.44146728515625
51.240081787109375
51.95447540283203
52.6383056640625
53.39900207519531
54.17473602294922
54.920921325683594
55.71508026123047
56.92748260498047
58.1807746887207
59.32694625854492
60.82689666748047
62.48505783081055
63.789825439453125
64.79316711425781
65.60746002197266
66.36521911621094
67.3591079711914
68.29357147216797
