0.048531051725149155
0.053851209580898285
0.05718490481376648
0.05952464044094086
0.06064237281680107
0.061167195439338684
0.06153658404946327
0.061811964958906174
0.061858437955379486
0.06187910959124565
0.06201546639204025
0.062228281050920486
0.062487099319696426
0.06276441365480423
0.06301556527614594
0.06325208395719528
0.06347677856683731
0.06369077414274216
0.06390702724456787
0.0641041174530983
0.06430214643478394
0.06451092660427094
0.06438596546649933
0.06393714994192123
0.06354434788227081
0.06317837536334991
0.06282772123813629
0.06249465420842171
0.062180936336517334
0.06187134236097336
0.061552878469228745
0.061230771243572235
0.002762650838121772
0.002624568296596408
0.0026008132845163345
0.002582313260063529
0.002568183233961463
0.0025551647413522005
0.05670562759041786
0.0616970956325531
0.06454244256019592
0.06307411938905716
0.06186387687921524
0.060878682881593704
0.060030143707990646
0.05927136167883873
0.05857083573937416
0.05790876969695091
0.057271022349596024
0.05664520338177681
0.05602234974503517
0.05539285019040108
0.054753437638282776
0.05410056933760643
0.05342966690659523
0.05271000787615776
0.05185193940997124
0.05097869038581848
0.05008048936724663
0.049162253737449646
0.04822724312543869
0.04726962372660637
0.046297647058963776
0.04530138522386551
0.04426836222410202
0.04318602755665779
0.04210913926362991
0.041069384664297104
0.04005477577447891
0.03905818983912468
0.038081277161836624
0.03711641952395439
0.03617098927497864
0.03525461629033089
0.03442726656794548
0.03360835462808609
0.0327872633934021
0.031982578337192535
0.03119075298309326
0.03041643276810646
0.0296572744846344
0.028914907947182655
0.028179103508591652
0.027459781616926193
0.026753928512334824
0.026060601696372032
0.02538445219397545
0.02472417987883091
0.02408689819276333
0.023482536897063255
0.02291356399655342
0.02237415499985218
