0.022411951795220375
0.024921918287873268
0.028153596445918083
0.029806381091475487
0.03058098629117012
0.030998311936855316
0.03124719299376011
0.03138274699449539
0.03149130940437317
0.03164093568921089
0.03183704987168312
0.0320131815969944
0.032140932977199554
0.03222278505563736
0.032289598137140274
0.03235805034637451
0.032433051615953445
0.03250968083739281
0.03258896991610527
0.032671328634023666
0.03276250883936882
0.03286656364798546
0.032972320914268494
0.033080678433179855
0.033206239342689514
0.033368322998285294
0.033574577420949936
0.03383447974920273
0.03414563834667206
0.03449813649058342
0.034895576536655426
0.03534259274601936
0.002036936581134796
0.001805222942493856
0.001724617788568139
0.0016939223278313875
0.001690072938799858
0.0017020367085933685
0.0322791263461113
0.03461727127432823
0.03604528307914734
0.03703109920024872
0.0378182977437973
0.038523800671100616
0.03920967876911163
0.03989917039871216
0.04060843586921692
0.041349995881319046
0.042133815586566925
0.04296211898326874
0.04382699355483055
0.04472493380308151
0.04567723348736763
0.04672032967209816
0.04772677272558212
0.04859568551182747
0.049480926245450974
0.05036541819572449
0.05127185955643654
0.0522126741707325
0.05317245051264763
0.05415061116218567
0.05513222515583038
0.05612735077738762
0.057171780616045
0.05668072775006294
0.05546915531158447
0.05433300510048866
0.053239788860082626
0.052161410450935364
0.05108458921313286
0.050008781254291534
0.04893924295902252
0.04788689687848091
0.04685259610414505
0.04583142697811127
0.04481665790081024
0.04380523040890694
0.04280081018805504
0.041808757930994034
0.040829721838235855
0.039906054735183716
0.038988612592220306
0.03807239979505539
0.03717060759663582
0.03628014773130417
0.03540165349841118
0.03453856706619263
0.03370027616620064
0.03289645165205002
0.03212474659085274
0.031385637819767
