0.006877628620713949
0.007562612649053335
0.008560854010283947
0.009432017803192139
0.009763981215655804
0.009935685433447361
0.010075269266963005
0.01021123118698597
0.010330255143344402
0.010451355949044228
0.010569214820861816
0.010710678994655609
0.010870068334043026
0.011038707569241524
0.011213334277272224
0.01139893103390932
0.011599947698414326
0.011814005672931671
0.012042826041579247
0.012292354367673397
0.012568478472530842
0.012871808372437954
0.013158448971807957
0.013447047211229801
0.013755017891526222
0.014077775180339813
0.014414176344871521
0.014766319654881954
0.015134545043110847
0.015520293265581131
0.015925608575344086
0.016351792961359024
0.0009298610966652632
0.0009482054738327861
0.0009232684387825429
0.0009140316396951675
0.0009135854197666049
0.0009160356712527573
0.015710173174738884
0.017090460285544395
0.017973024398088455
0.01855408400297165
0.019077736884355545
0.019589753821492195
0.02010086178779602
0.02061930112540722
0.02093982696533203
0.02118314988911152
0.021747957915067673
0.022328225895762444
0.02292281575500965
0.023532919585704803
0.024165209382772446
0.024813450872898102
0.02547166682779789
0.026143169030547142
0.026831429451704025
0.02753870189189911
0.028283698484301567
0.02907365746796131
0.029908739030361176
0.030770478770136833
0.03167803958058357
0.032621320337057114
0.03360511362552643
0.03463343158364296
0.03568892925977707
0.03687089681625366
0.0381644107401371
0.039453111588954926
0.038800034672021866
0.03709414228796959
0.03577468544244766
0.0345856212079525
0.03346935287117958
0.0324082151055336
0.031393520534038544
0.03041994944214821
0.02948400005698204
0.02858612686395645
0.027724342420697212
0.026895388960838318
0.026098523288965225
0.025332141667604446
0.024596914649009705
0.023890206590294838
0.023210423067212105
0.02255582995712757
0.02192491851747036
0.0213201604783535
0.020746637135744095
0.020200364291667938
0.019677983596920967
