0.008845048025250435
0.008520271629095078
0.008175164461135864
0.007859605364501476
0.007667484227567911
0.007552686147391796
0.007468736730515957
0.007399342488497496
0.0073372977785766125
0.007277925498783588
0.007218947634100914
0.007161473389714956
0.007107854355126619
0.007055410649627447
0.007004101295024157
0.006954851094633341
0.006909232586622238
0.006865616887807846
0.006823903881013393
0.006784271448850632
0.006746041122823954
0.0067077078856527805
0.006668028421700001
0.0066261934116482735
0.006580379791557789
0.006531111430376768
0.006480802316218615
0.006428756285458803
0.006374641787260771
0.006317644380033016
0.006257801316678524
0.006195025984197855
0.0008812147425487638
0.0008824032847769558
0.0008879532688297331
0.0008951768977567554
0.0009040607255883515
0.0009141540504060686
0.006234174128621817
0.00611989526078105
0.00597499031573534
0.005874503403902054
0.0057910350151360035
0.005715430248528719
0.005635390989482403
0.0055504306219518185
0.005502092186361551
0.005464883521199226
0.005374439526349306
0.00528302788734436
0.005188277922570705
0.00509048392996192
0.004990187473595142
0.0048880972899496555
0.004784763790667057
0.004680647514760494
0.004576356150209904
0.004472517874091864
0.004369216971099377
0.004266312345862389
0.004163757432252169
0.00406167097389698
0.003960025496780872
0.003859327407553792
0.0037597324699163437
0.003661513328552246
0.003565084422007203
0.00347057799808681
0.0033783528488129377
0.003288357751443982
0.0032009819988161325
0.003116596955806017
0.0030352480243891478
0.002956794574856758
0.0028811146039515734
0.0028081065975129604
0.0027378485538065434
0.0026702156756073236
0.0026050186716020107
0.002542149741202593
0.0024813958443701267
0.002422734396532178
0.002366170287132263
0.0023115503136068583
0.0022588062565773726
0.002207863610237837
0.0021586341317743063
0.002111017005518079
0.0020649689249694347
0.0020203846506774426
0.0019772094674408436
0.001935403561219573
0.0018949129153043032
