0.11649162322282791
0.1324174553155899
0.14495079219341278
0.1508348137140274
0.1524723321199417
0.15338993072509766
0.15412676334381104
0.15504765510559082
0.15620648860931396
0.15764860808849335
0.15891948342323303
0.1601894348859787
0.16146248579025269
0.1626361608505249
0.16375567018985748
0.16488689184188843
0.16610285639762878
0.16760367155075073
0.16968253254890442
0.17236778140068054
0.17548595368862152
0.17903468012809753
0.1829298883676529
0.18712595105171204
0.1917414367198944
0.19698943197727203
0.20307143032550812
0.21226859092712402
0.22457526624202728
0.2383076697587967
0.253440260887146
0.2693341076374054
0.011273416690528393
0.011035241186618805
0.010900845751166344
0.010868880897760391
0.010963814333081245
0.011101298034191132
0.011224725283682346
0.21904809772968292
0.24517491459846497
0.2577379047870636
0.26511150598526
0.2573765516281128
0.24983300268650055
0.24326400458812714
0.24015042185783386
0.23690463602542877
0.2303285002708435
0.22377176582813263
0.21702545881271362
0.20999141037464142
0.20240315794944763
0.19467373192310333
0.18696093559265137
0.179561048746109
0.1724880486726761
0.16567926108837128
0.1591183990240097
0.15279531478881836
0.1467238962650299
0.14090119302272797
0.13544388115406036
0.13032296299934387
0.12565790116786957
0.121579609811306
0.11789917200803757
0.11450675874948502
0.11133989691734314
0.10837264358997345
0.10560216009616852
0.10300391912460327
0.10055938363075256
0.09825672954320908
0.09607522189617157
0.09398902207612991
0.0919734314084053
0.09002331644296646
0.08813986927270889
0.08633379638195038
0.08459290117025375
0.0829160138964653
0.08130036294460297
0.07973629981279373
0.07821766287088394
0.07674858719110489
0.07532842457294464
0.07395019382238388
0.0726042166352272
0.0712866559624672
0.07001704722642899
0.0687934011220932
0.06761330366134644
0.06647168844938278
0.06537364423274994
