7.0965986251831055
8.337334632873535
10.642366409301758
11.71339225769043
12.77406120300293
12.653806686401367
12.625055313110352
12.954629898071289
13.68366527557373
14.161575317382812
14.14116096496582
14.121241569519043
14.248072624206543
14.525257110595703
14.943535804748535
15.381245613098145
15.780641555786133
16.1550350189209
16.581573486328125
17.067279815673828
17.61168670654297
18.194372177124023
18.915119171142578
19.78021240234375
20.765466690063477
21.855113983154297
23.06345558166504
24.475786209106445
26.19198226928711
28.236419677734375
30.67740249633789
33.673484802246094
0.5593665838241577
0.5578158497810364
0.5329229235649109
0.5540930032730103
0.5759327411651611
0.5977655649185181
21.736970901489258
42.389766693115234
55.10685348510742
67.40792846679688
77.84222412109375
88.43185424804688
100.37816619873047
114.083251953125
128.50196838378906
143.53514099121094
159.4803924560547
176.30230712890625
194.33065795898438
213.39854431152344
233.0402069091797
253.75250244140625
275.0343017578125
296.76318359375
319.4925537109375
343.6283874511719
369.03900146484375
395.2118225097656
410.55438232421875
424.6722106933594
438.3827209472656
451.3775939941406
463.32501220703125
474.4527282714844
484.99627685546875
494.9524230957031
504.21600341796875
512.7885131835938
519.6273193359375
525.9467163085938
531.2169799804688
535.5578002929688
539.0025024414062
541.6376953125
543.6154174804688
545.1333618164062
546.5025634765625
547.6568603515625
548.5628662109375
549.4081420898438
550.215087890625
550.820556640625
551.138916015625
551.115966796875
550.708984375
549.8171997070312
548.4901733398438
547.8958129882812
546.9564208984375
545.0298461914062
543.1653442382812
