9.990873336791992
11.103678703308105
8.125831604003906
7.239368915557861
7.125160217285156
7.1537370681762695
7.217550277709961
7.207460880279541
7.178452968597412
7.128541469573975
7.037820339202881
6.954322814941406
6.845069408416748
6.743288040161133
6.674346446990967
6.63442325592041
6.6145548820495605
6.6128716468811035
6.62806510925293
6.657741546630859
6.69832181930542
6.745555400848389
6.7990617752075195
6.851414203643799
6.903966426849365
6.952177047729492
6.99609375
7.026560306549072
7.036922454833984
7.036513328552246
7.048656940460205
7.080203533172607
0.4089907705783844
0.40492090582847595
0.40258097648620605
0.4078979790210724
0.41684189438819885
0.42570048570632935
7.2480621337890625
7.625770568847656
7.911806583404541
8.02898120880127
8.16825008392334
8.334671974182129
8.546714782714844
8.81335163116455
9.13969612121582
9.530444145202637
9.990965843200684
10.508650779724121
11.082018852233887
11.710233688354492
12.392919540405273
13.133708953857422
13.92918872833252
14.832528114318848
15.802441596984863
16.887475967407227
18.094341278076172
19.363727569580078
20.67352867126465
22.00635528564453
23.39401626586914
24.834184646606445
26.244173049926758
27.636804580688477
29.03455924987793
30.37133026123047
31.66806983947754
32.93891143798828
34.259063720703125
35.597408294677734
36.894649505615234
38.11738586425781
39.2491569519043
40.29367446899414
41.26100540161133
42.15781021118164
42.98888397216797
43.76109313964844
44.495574951171875
45.203956604003906
45.88314437866211
46.52622604370117
47.11738204956055
47.648555755615234
48.169132232666016
48.607566833496094
48.98933029174805
49.33358383178711
49.6435546875
49.94636535644531
