2062.547119140625
2024.8282470703125
2009.29541015625
2085.320556640625
2102.272216796875
2094.449462890625
2131.31494140625
2164.072509765625
2168.839111328125
2162.801513671875
2160.295166015625
2158.540283203125
2158.511474609375
2159.89111328125
2161.80712890625
2165.4228515625
2168.12890625
2176.390869140625
2188.546142578125
2201.096923828125
2217.101318359375
2237.29541015625
2258.302001953125
2284.5908203125
2320.52197265625
2376.19580078125
2448.032958984375
2536.384033203125
2635.69287109375
2742.40576171875
2857.928466796875
2979.1640625
119.01177978515625
122.02143859863281
123.41688537597656
124.23949432373047
124.79276275634766
125.18246459960938
2326.51708984375
2713.597412109375
3011.338134765625
3256.717041015625
3472.112060546875
3667.16015625
3844.718017578125
4008.585693359375
4163.32080078125
4312.873046875
4455.23876953125
4595.5078125
4737.7431640625
4884.36083984375
5050.8759765625
5218.07177734375
5393.25927734375
5572.5263671875
5758.052734375
5943.18994140625
6146.833984375
6338.05419921875
6521.01806640625
6692.7578125
6842.40234375
6982.0029296875
7116.5126953125
7245.80419921875
7357.88720703125
7465.15771484375
7563.01708984375
7654.40234375
7742.5546875
7830.13525390625
7917.86181640625
7998.7392578125
8068.1904296875
7951.6416015625
7685.17822265625
7459.68701171875
7249.24560546875
7050.65673828125
6861.8564453125
6681.5810546875
6506.97509765625
6341.56298828125
6184.14794921875
6024.84716796875
5866.5869140625
5716.5302734375
5570.16650390625
5427.87890625
5277.35595703125
5117.42822265625
