0.041007909923791885
0.04463936761021614
0.05037887766957283
0.05485953390598297
0.05556381866335869
0.056024495512247086
0.05641784518957138
0.056680887937545776
0.05690040811896324
0.057155173271894455
0.05738753080368042
0.05761369317770004
0.057833705097436905
0.058029524981975555
0.05820983648300171
0.05839049816131592
0.0585780031979084
0.058779239654541016
0.05900082364678383
0.0592883825302124
0.059616439044475555
0.05998624116182327
0.06045321375131607
0.06100177392363548
0.06162340193986893
0.062313422560691833
0.06306862086057663
0.06393386423587799
0.06486686319112778
0.06587348878383636
0.06697848439216614
0.06820230185985565
0.003889188403263688
0.0038198507390916348
0.0037976286839693785
0.0037640733644366264
0.003748140763491392
0.0037408461794257164
0.06355627626180649
0.06715468317270279
0.06924666464328766
0.07088561356067657
0.07255316525697708
0.07441200315952301
0.07648677378892899
0.07874453067779541
0.08118885010480881
0.08374161273241043
0.08630285412073135
0.08886022120714188
0.09152932465076447
0.0933929905295372
0.09520633518695831
0.09704044461250305
0.09877309203147888
0.10052142292261124
0.10340365022420883
0.10620880126953125
0.10903595387935638
0.1117987260222435
0.11454719305038452
0.11726769059896469
0.1198754757642746
0.12199631333351135
0.12382040172815323
0.12565988302230835
0.1275947540998459
0.12960462272167206
0.13159501552581787
0.13350921869277954
0.1353120058774948
0.13706646859645844
0.13882212340831757
0.14062905311584473
0.142515167593956
0.14443646371364594
0.14604482054710388
0.1472942978143692
0.14864911139011383
0.14653930068016052
0.14172378182411194
0.13742142915725708
0.13328053057193756
0.12929362058639526
0.12543530762195587
0.12170350551605225
0.11808821558952332
0.11455730348825455
0.1111004650592804
0.10772103071212769
0.10442876815795898
0.10133039951324463
