0.008102821186184883
0.008649344556033611
0.008222836069762707
0.007957136258482933
0.007805920671671629
0.007696951273828745
0.007600706536322832
0.0075217196717858315
0.007452792953699827
0.00738745229318738
0.007325806654989719
0.007265619467943907
0.007206687703728676
0.007150384597480297
0.007098974660038948
0.007049268577247858
0.007003594655543566
0.006960349157452583
0.006919857580214739
0.006883186288177967
0.006849003490060568
0.006815709639340639
0.006782108452171087
0.006746825762093067
0.006706617772579193
0.0066630351357162
0.006618418265134096
0.006573155056685209
0.0065259444527328014
0.006478498689830303
0.006427221931517124
0.006372004747390747
0.000951140362303704
0.0009076649439521134
0.0009167037205770612
0.0009395601809956133
0.0009601839119568467
0.0009795288788154721
0.006413242779672146
0.006277717649936676
0.006162233185023069
0.006079047918319702
0.005993999075144529
0.005910814739763737
0.005827724933624268
0.005745020695030689
0.005659358575940132
0.0055693695321679115
0.00547552527859807
0.005377654917538166
0.005276124458760023
0.005170784424990416
0.005062173120677471
0.00495131965726614
0.004839395638555288
0.00472733611240983
0.004615808371454477
0.004505872260779142
0.004397187381982803
0.004289006814360619
0.004181463271379471
0.004074679687619209
0.003968851640820503
0.0038648468907922506
0.0037631175946444273
0.0036633911076933146
0.003565932856872678
0.0034708695020526648
0.003378228982910514
0.0032881873194128275
0.003200634615495801
0.003115476341918111
0.0030327069107443094
0.002952279057353735
0.0028741685673594475
0.0027983486652374268
0.002725057303905487
0.0026540118269622326
0.002585342153906822
0.0025190282613039017
0.002455173060297966
0.0023934622295200825
0.0023337083403021097
0.00227578217163682
0.002219588030129671
0.0021650532726198435
0.0021122428588569164
0.002061504404991865
0.0020125331357121468
0.001965245930477977
0.0019194957567378879
0.0018751552561298013
