2085.052001953125
2065.882568359375
2035.899169921875
2010.4888916015625
1992.89013671875
1988.43310546875
2069.14501953125
2065.31494140625
2054.54248046875
2072.033935546875
2101.9326171875
2130.629150390625
2170.6513671875
2202.646240234375
2224.07666015625
2250.13037109375
2276.095947265625
2302.3603515625
2334.22216796875
2370.467529296875
2408.958740234375
2453.166748046875
2507.828857421875
2578.76708984375
2659.61572265625
2748.095458984375
2845.06298828125
2950.59228515625
3065.148681640625
3188.384033203125
3318.594482421875
3455.336669921875
126.98163604736328
121.39344024658203
122.24493408203125
122.83051300048828
123.2582778930664
123.58397674560547
2692.442626953125
3197.87451171875
3456.195556640625
3637.5244140625
3794.309814453125
3952.543701171875
4122.9931640625
4307.55029296875
4503.970703125
4713.47412109375
4938.14697265625
5181.63720703125
5445.88232421875
5721.78125
6000.4033203125
6280.0595703125
6563.9443359375
6868.4599609375
7190.97265625
7506.6669921875
7838.5498046875
8151.6982421875
8425.890625
8677.7373046875
8895.5771484375
9074.595703125
9221.73828125
9347.1025390625
9449.2109375
9516.908203125
9564.0673828125
9595.6962890625
9604.86328125
9601.537109375
9585.5244140625
9558.2666015625
9373.6533203125
8990.8740234375
8654.4521484375
8346.9384765625
8059.67333984375
7790.23779296875
7538.19287109375
7301.689453125
7076.99072265625
6860.26904296875
6650.6650390625
6448.46240234375
6255.8525390625
6073.1943359375
5892.29443359375
5708.958984375
5523.80126953125
5342.29931640625
