2048.705810546875
2010.4752197265625
1491.1317138671875
1381.63623046875
1319.997314453125
1269.2764892578125
1227.720703125
1191.8880615234375
1159.2313232421875
1145.836669921875
1126.4354248046875
1103.0159912109375
1083.9228515625
1065.8453369140625
1047.0367431640625
1031.3153076171875
1015.5059814453125
997.6607055664062
979.0511474609375
962.53271484375
949.1265869140625
935.4199829101562
920.1888427734375
907.8101196289062
894.7203369140625
882.6857299804688
874.7491455078125
865.2415771484375
855.02197265625
845.790771484375
837.3110961914062
828.9175415039062
119.69219207763672
120.26227569580078
120.60916137695312
120.94537353515625
121.27814483642578
121.66515350341797
895.6747436523438
782.1121215820312
789.0739135742188
799.8235473632812
802.5702514648438
803.17236328125
811.7022705078125
815.263916015625
817.2027587890625
818.1724853515625
819.8777465820312
823.4306030273438
831.115966796875
841.89697265625
853.6761474609375
865.67529296875
880.7702026367188
899.3797607421875
920.5271606445312
944.1287841796875
970.3389282226562
997.7673950195312
1026.2401123046875
1055.503173828125
1084.58203125
1112.62255859375
1139.081787109375
1163.795654296875
1187.0035400390625
1207.8956298828125
1226.2716064453125
1242.5274658203125
1256.7796630859375
1268.98583984375
1279.0777587890625
1287.072998046875
1293.13427734375
1297.5040283203125
1300.9725341796875
1303.6318359375
1304.8544921875
1304.45947265625
1302.46826171875
1298.898193359375
1293.8289794921875
1287.4100341796875
1279.9432373046875
1271.68896484375
1262.53955078125
1252.642333984375
1242.0418701171875
1230.905029296875
1219.240478515625
1207.1236572265625
