0.0067427875474095345
0.007431013509631157
0.008405647240579128
0.00924781896173954
0.009510098025202751
0.009740285575389862
0.009889674372971058
0.009964714758098125
0.010047538205981255
0.010149477049708366
0.010229289531707764
0.01030729804188013
0.010395794175565243
0.010475126095116138
0.010556456632912159
0.010655432008206844
0.010764389298856258
0.010878791101276875
0.010998105630278587
0.011138039641082287
0.011302432976663113
0.011489367112517357
0.011693937703967094
0.01191377080976963
0.012150529772043228
0.01240035891532898
0.012662705965340137
0.012928168289363384
0.01316816732287407
0.013411304913461208
0.013666925020515919
0.013935189694166183
0.0008813848253339529
0.0007996474159881473
0.0007853558636270463
0.0007891907589510083
0.0007964581600390375
0.0008033040794543922
0.01374573353677988
0.014531349763274193
0.014949548058211803
0.015263970009982586
0.015576832927763462
0.015912476927042007
0.01627344824373722
0.016661636531352997
0.017076319083571434
0.017512772232294083
0.017991185188293457
0.018412558361887932
0.018864881247282028
0.019350530579686165
0.01981745846569538
0.0202930998057127
0.020788872614502907
0.02130310982465744
0.021826734766364098
0.02236834540963173
0.022925453260540962
0.023490728810429573
0.024053266271948814
0.02461107075214386
0.025174353271722794
0.025746669620275497
0.026328904554247856
0.026922594755887985
0.02753130905330181
0.028157642111182213
0.028799815103411674
0.02948092855513096
0.030185189098119736
0.03091321885585785
0.031660113483667374
0.0324203260242939
0.03319453075528145
0.03398779407143593
0.03479163348674774
0.035619381815195084
0.03646891936659813
0.03737965226173401
0.038274943828582764
0.03917457535862923
0.040054596960544586
0.04092670977115631
0.04016119986772537
0.03865430876612663
0.03736429288983345
0.03615983575582504
0.03501436114311218
0.033923909068107605
0.03288798779249191
0.03189782798290253
