1858.467529296875
1397.9053955078125
1102.5186767578125
941.3151245117188
896.1068725585938
876.7655639648438
851.0545043945312
825.6697998046875
801.656005859375
778.9306030273438
757.2862548828125
738.8396606445312
720.267822265625
701.063232421875
681.98095703125
663.7847290039062
651.31982421875
637.5621337890625
624.5243530273438
616.6484375
606.185791015625
594.3446655273438
581.593505859375
567.9777221679688
553.3338012695312
537.7588500976562
521.3824462890625
507.30535888671875
492.6430358886719
477.2490234375
461.3868408203125
445.6004333496094
124.98898315429688
127.41691589355469
127.5821533203125
127.868408203125
128.14102172851562
128.37933349609375
495.1856689453125
402.99530029296875
446.63458251953125
443.9266357421875
422.74566650390625
403.0550537109375
388.3624572753906
376.9336853027344
368.2015380859375
360.0343322753906
353.3897399902344
350.9104309082031
352.5506591796875
353.8107604980469
358.5373229980469
361.3887634277344
362.02398681640625
363.1512756347656
365.8922119140625
368.4508972167969
372.74810791015625
382.46795654296875
396.3901062011719
413.55841064453125
432.1450500488281
455.0406188964844
480.6612548828125
508.6999816894531
539.1415405273438
570.78369140625
601.7434692382812
630.7593994140625
657.4514770507812
681.2430419921875
702.859130859375
722.5868530273438
740.534423828125
756.8400268554688
772.2522583007812
786.2982177734375
798.5223999023438
808.67529296875
816.7137451171875
822.8135375976562
827.0695190429688
829.6260375976562
830.5579223632812
830.043212890625
828.2080688476562
825.1314697265625
820.943115234375
815.7936401367188
809.9190063476562
803.33349609375
