2085.109619140625
2069.801513671875
2041.3260498046875
2020.251220703125
2005.373779296875
1993.17626953125
2026.30029296875
2048.650634765625
2057.779052734375
2057.37451171875
2050.119384765625
2048.725341796875
2063.375732421875
2098.65380859375
2123.94091796875
2148.34423828125
2184.082275390625
2225.884765625
2265.154052734375
2301.99462890625
2345.124267578125
2399.629150390625
2460.4111328125
2532.22314453125
2618.6796875
2718.68115234375
2829.603515625
2949.1884765625
3078.211181640625
3216.6435546875
3364.14697265625
3519.12353515625
148.85922241210938
136.08767700195312
135.13748168945312
135.48899841308594
135.1073455810547
133.9052734375
2959.47607421875
3185.518310546875
3363.4384765625
3545.464111328125
3740.215087890625
3948.3447265625
4169.083984375
4398.82080078125
4635.92919921875
4877.369140625
5121.14794921875
5368.3330078125
5624.998046875
5884.80517578125
6153.82958984375
6445.91162109375
6727.94775390625
6993.0234375
7234.529296875
7468.650390625
7668.86865234375
7834.91748046875
7977.0341796875
8096.11083984375
8191.4228515625
8262.4892578125
8306.330078125
8328.8798828125
8341.201171875
8354.7578125
8369.84765625
8395.03125
8423.1171875
8437.1982421875
8443.6240234375
8456.1875
8483.00390625
8485.849609375
8470.484375
8439.615234375
8407.2861328125
8377.494140625
8351.77734375
8343.5478515625
8343.814453125
8324.5224609375
8280.1259765625
8231.75
8197.703125
8169.6123046875
8148.9931640625
7838.82275390625
7523.75146484375
7242.998046875
