2080.044189453125
2055.91259765625
2026.7271728515625
2006.0067138671875
1992.296142578125
2024.9859619140625
2043.9666748046875
2052.2333984375
2075.138427734375
2092.247802734375
2097.04052734375
2107.982177734375
2115.632568359375
2124.85498046875
2137.013916015625
2156.64306640625
2184.499267578125
2220.6396484375
2261.98046875
2316.685791015625
2391.26953125
2487.977294921875
2600.5185546875
2725.62060546875
2863.1875
3012.93798828125
3173.826171875
3345.519287109375
3525.4462890625
3713.522705078125
3912.632568359375
4122.70556640625
158.2313690185547
160.52377319335938
173.8950653076172
186.7789764404297
197.6943359375
206.93341064453125
4578.61767578125
4816.14892578125
4945.2158203125
5121.7392578125
5349.42431640625
5612.28955078125
5897.47607421875
6212.990234375
6545.611328125
6890.296875
7281.478515625
7691.74267578125
8150.427734375
8656.1083984375
9155.1787109375
9648.6142578125
10167.1982421875
10704.982421875
11249.2138671875
11803.8740234375
12393.36328125
13006.5791015625
13620.8251953125
14223.4599609375
14812.8095703125
15389.18359375
15947.396484375
16487.40625
17009.650390625
17511.71484375
17991.732421875
18449.671875
18883.658203125
19295.158203125
19688.37890625
20061.658203125
20422.28515625
20736.830078125
21023.865234375
21286.748046875
21493.787109375
21672.248046875
21813.40625
21936.529296875
22034.94140625
22101.080078125
21979.833984375
21140.01953125
20456.82421875
19826.322265625
19230.2421875
18662.4296875
18119.017578125
17597.158203125
