2055.720947265625
2017.2227783203125
2064.316162109375
2080.875732421875
2099.927978515625
2147.73779296875
2198.513916015625
2204.507080078125
2213.77880859375
2206.83251953125
2200.58740234375
2199.2236328125
2202.89013671875
2210.093017578125
2219.49658203125
2232.537841796875
2249.538818359375
2273.0888671875
2299.838134765625
2324.302001953125
2346.327880859375
2369.111083984375
2392.714111328125
2417.71435546875
2452.09423828125
2491.5693359375
2536.349609375
2593.640625
2666.27099609375
2752.021728515625
2847.83642578125
2952.758056640625
120.3465576171875
118.53756713867188
118.37055969238281
118.31452178955078
118.41297149658203
118.47163391113281
1731.283447265625
2202.997802734375
2610.38525390625
3002.4970703125
3322.201904296875
3582.478515625
3801.443359375
3992.0546875
4165.66162109375
4325.7841796875
4480.32470703125
4637.64111328125
4806.35546875
4991.52099609375
5192.94580078125
5430.24072265625
5654.109375
5892.01904296875
6115.21630859375
6346.96337890625
6598.9033203125
6839.9873046875
7090.65234375
7346.54931640625
7143.99267578125
6821.3056640625
6565.46533203125
6340.93798828125
6131.84130859375
5930.45751953125
5734.484375
5540.267578125
5350.07470703125
5156.05908203125
4974.24462890625
4798.541015625
4621.189453125
4442.57666015625
4265.5029296875
4099.40234375
3948.831787109375
3812.49365234375
3691.22802734375
3578.723388671875
3472.3525390625
3368.9990234375
3265.92578125
3161.943603515625
3057.926025390625
2953.2275390625
2851.114990234375
2756.87060546875
2669.1884765625
2579.330078125
