2084.283447265625
2063.72900390625
2038.1751708984375
2019.0457763671875
2006.87646484375
2004.005126953125
2043.5399169921875
2037.8489990234375
2029.77392578125
2033.85888671875
2033.238525390625
2037.7999267578125
2045.148681640625
2047.527587890625
2060.01123046875
2078.29443359375
2100.612060546875
2122.32080078125
2138.634765625
2155.96630859375
2172.02685546875
2188.593994140625
2204.552001953125
2220.894287109375
2241.31787109375
2271.16064453125
2312.786376953125
2365.434814453125
2427.979248046875
2499.274169921875
2578.133544921875
2662.80859375
126.7384262084961
127.83354949951172
128.28988647460938
128.5223846435547
128.66668701171875
128.7711181640625
2238.94482421875
2739.377197265625
2904.621337890625
2985.883056640625
3054.123046875
3131.66064453125
3223.53173828125
3329.351318359375
3445.829345703125
3570.394775390625
3702.38916015625
3838.744140625
3979.678955078125
4124.68994140625
4273.35986328125
4425.6669921875
4582.10791015625
4742.0634765625
4905.65576171875
5073.2841796875
5245.18896484375
5422.1162109375
5605.8916015625
5797.927734375
5998.5625
6209.857421875
6442.62353515625
6710.1376953125
6993.1962890625
7295.38134765625
7648.75146484375
8015.7978515625
8373.3134765625
8747.3779296875
9118.1767578125
9492.58203125
9875.9384765625
10274.0107421875
10666.2080078125
11047.361328125
11418.1435546875
11783.8115234375
12142.8369140625
12491.783203125
12827.0771484375
13147.70703125
13455.228515625
13750.703125
14035.078125
14307.572265625
14567.9130859375
14816.9609375
15055.8291015625
15284.744140625
