2085.02587890625
2065.485107421875
2034.9959716796875
2011.6708984375
1995.9849853515625
2028.736572265625
2056.54541015625
2051.001220703125
2041.325439453125
2035.0919189453125
2041.4827880859375
2071.97607421875
2090.00927734375
2103.5478515625
2119.643310546875
2138.706298828125
2159.76123046875
2179.4306640625
2199.399169921875
2217.8408203125
2242.3427734375
2283.40966796875
2341.18408203125
2424.078125
2524.6435546875
2636.79296875
2757.54931640625
2886.46142578125
3025.283935546875
3171.766357421875
3325.466796875
3487.107666015625
133.97378540039062
129.30654907226562
128.79103088378906
128.19961547851562
127.43348693847656
126.71089172363281
3079.738037109375
3277.924072265625
3414.57177734375
3567.327392578125
3742.877685546875
3939.239990234375
4154.9453125
4383.52197265625
4618.3447265625
4856.01953125
5098.8486328125
5349.9365234375
5616.0107421875
5862.94921875
6103.8525390625
6318.24658203125
6521.46435546875
6714.4951171875
6901.37109375
7087.1953125
7278.34375
7462.57421875
7639.3427734375
7799.2060546875
7942.08544921875
8074.37158203125
8193.1181640625
8299.8740234375
8388.0576171875
8455.220703125
8505.9541015625
8540.9306640625
8554.025390625
8553.5078125
8545.8349609375
8530.9345703125
8506.2099609375
8479.1396484375
8451.697265625
8422.34375
8385.7490234375
8343.8447265625
8302.935546875
8262.263671875
8226.08984375
8203.70703125
8200.3369140625
8209.3583984375
8222.1650390625
8031.16455078125
7770.51904296875
7529.7822265625
7300.041015625
7077.7802734375
