2056.466796875
2020.5323486328125
2061.6875
2087.345458984375
2088.6640625
2103.247802734375
2132.530029296875
2123.6123046875
2117.37548828125
2114.67919921875
2123.061279296875
2121.38671875
2119.4833984375
2117.11865234375
2114.62890625
2118.26611328125
2125.433349609375
2130.529296875
2134.970947265625
2139.98876953125
2148.876708984375
2159.52685546875
2168.800537109375
2175.52197265625
2182.429931640625
2191.971923828125
2204.248046875
2216.364013671875
2227.368408203125
2236.94873046875
2246.28173828125
2255.96630859375
126.2591781616211
124.44507598876953
123.60350036621094
123.37815856933594
123.62266540527344
123.7740249633789
1803.179443359375
1872.803466796875
1943.1954345703125
2104.97314453125
2263.783203125
2368.099609375
2439.867431640625
2489.532470703125
2530.7236328125
2570.225341796875
2611.530029296875
2656.4873046875
2706.484619140625
2758.808349609375
2813.1416015625
2873.129150390625
2942.529052734375
3022.926513671875
3112.267333984375
3208.561767578125
3306.511474609375
3404.385498046875
3503.89306640625
3607.739013671875
3716.782958984375
3830.61767578125
3949.855712890625
4070.13525390625
4189.0283203125
4305.92431640625
4421.84423828125
4539.6728515625
4664.150390625
4797.41845703125
4937.87158203125
5082.74560546875
5234.79150390625
5395.93896484375
5551.83935546875
5713.23046875
5888.625
6073.8955078125
6271.0498046875
6468.38671875
6667.6806640625
6863.5458984375
7065.900390625
7277.9814453125
7484.46240234375
7453.9638671875
7255.30126953125
7101.6650390625
6963.8154296875
6829.9482421875
