1911.414306640625
1470.73974609375
1156.47607421875
974.3501586914062
907.4195556640625
894.420166015625
871.23388671875
846.3009033203125
821.3167114257812
796.5787353515625
772.12109375
747.4519653320312
721.5808715820312
695.06591796875
669.3702392578125
648.5477905273438
630.0618286132812
609.94287109375
587.17578125
563.0902709960938
538.6941528320312
514.5874633789062
490.9162292480469
470.58905029296875
453.6791076660156
437.5753479003906
430.0915832519531
430.05828857421875
433.6643371582031
432.2785949707031
427.9515075683594
421.9188232421875
124.77043914794922
126.76262664794922
128.06234741210938
128.9386749267578
129.33033752441406
129.51524353027344
441.61810302734375
355.0868225097656
402.8613586425781
438.4056701660156
449.3992614746094
439.5252685546875
417.98553466796875
394.8429260253906
376.2095031738281
363.018310546875
354.79095458984375
350.0368347167969
347.257080078125
345.98736572265625
345.58782958984375
347.8343200683594
351.2248229980469
356.55328369140625
364.1181335449219
369.7317810058594
373.9864196777344
377.53515625
380.9316101074219
386.00390625
393.1663818359375
402.4227294921875
413.8476867675781
426.3113098144531
440.4810485839844
458.4674987792969
479.2189025878906
501.93994140625
525.6978759765625
550.2568359375
575.4034423828125
600.9874267578125
626.53271484375
651.0675659179688
673.773681640625
694.7185668945312
713.9183349609375
731.4533081054688
747.6824340820312
762.5603637695312
775.8488159179688
787.3085327148438
796.7554931640625
804.3006591796875
809.9253540039062
813.7158203125
815.8281860351562
816.4371337890625
815.69921875
813.7882690429688
