1925.666748046875
1476.741455078125
1156.3216552734375
974.1565551757812
901.5238037109375
890.8967895507812
868.651611328125
844.1690673828125
819.5827026367188
795.20458984375
771.3375854492188
747.2443237304688
722.034423828125
696.296630859375
671.2841186523438
652.0198974609375
634.3193359375
614.1586303710938
591.22998046875
567.044189453125
542.6304931640625
518.5714111328125
495.2063293457031
475.2605285644531
458.2758483886719
442.0643615722656
427.4314880371094
434.0472717285156
434.30865478515625
431.7804260253906
427.9875793457031
422.724609375
124.6221923828125
126.59833526611328
127.90241241455078
128.79750061035156
129.17767333984375
129.35107421875
448.8747863769531
355.5429992675781
404.8959045410156
445.9931640625
455.622314453125
441.92962646484375
418.5587463378906
395.1002502441406
376.1159362792969
362.44830322265625
353.5636291503906
348.4371032714844
346.01708984375
345.4356994628906
348.1341857910156
352.430419921875
358.5944519042969
366.637451171875
372.712646484375
376.7213439941406
380.61376953125
384.7749328613281
390.8079528808594
398.84649658203125
409.0386657714844
421.2261657714844
434.5074462890625
450.2878112792969
469.6921081542969
491.6405029296875
515.0349731445312
539.370849609375
564.5487670898438
590.217529296875
616.245849609375
641.756103515625
666.2741088867188
689.0217895507812
709.9323120117188
728.920166015625
746.1741333007812
761.8985595703125
776.01318359375
788.33642578125
798.746337890625
807.2210083007812
813.7718505859375
818.44384765625
821.38525390625
822.74462890625
822.6911010742188
821.385498046875
818.9701538085938
815.6318359375
