2071.1044921875
2043.534423828125
2009.6512451171875
2005.802978515625
2073.69287109375
2061.55029296875
2052.7392578125
2043.638427734375
2069.3037109375
2104.3125
2134.185546875
2167.022216796875
2188.580322265625
2209.01220703125
2235.468505859375
2269.5068359375
2317.847412109375
2375.673095703125
2442.9296875
2525.671875
2624.3681640625
2736.931396484375
2862.2197265625
3000.664306640625
3152.603759765625
3315.16796875
3486.60498046875
3665.45556640625
3852.503173828125
4044.9853515625
4243.658203125
4448.58251953125
150.406494140625
140.47573852539062
146.3611297607422
154.9521026611328
163.37881469726562
170.99391174316406
4404.14501953125
4811.08056640625
4965.4697265625
5066.3759765625
5180.32861328125
5324.3662109375
5500.53271484375
5707.5380859375
5933.623046875
6189.658203125
6458.59228515625
6745.84033203125
7057.39794921875
7386.84228515625
7779.28271484375
8157.8486328125
8535.6103515625
8907.4990234375
9269.7353515625
9613.1796875
9883.6748046875
9732.06640625
9595.3330078125
9459.2255859375
9316.4462890625
9165.8095703125
9006.896484375
8841.7587890625
8670.783203125
8493.13671875
8309.3408203125
8120.9130859375
7929.78857421875
7736.99169921875
7542.9580078125
7347.82177734375
7151.94873046875
6956.09033203125
6760.20556640625
6564.7568359375
6371.59375
6181.59814453125
5995.01318359375
5812.02294921875
5633.0126953125
5458.22998046875
5289.63623046875
5128.27587890625
4973.61474609375
4825.25732421875
4682.77197265625
4545.78173828125
4413.68798828125
4285.9755859375
