2053.70068359375
2011.0089111328125
2062.845458984375
2074.71923828125
2048.69873046875
2034.484375
2028.8834228515625
2034.4241943359375
2046.0572509765625
2057.13330078125
2057.67578125
2055.393798828125
2056.16943359375
2068.48876953125
2077.486083984375
2086.724609375
2098.124267578125
2105.79052734375
2112.91796875
2124.087890625
2137.22998046875
2151.874755859375
2175.585693359375
2218.796875
2267.287841796875
2327.0732421875
2411.572021484375
2510.964111328125
2616.361328125
2728.57275390625
2854.49462890625
2997.773193359375
120.4481201171875
122.63751220703125
123.4847183227539
124.00279998779297
124.37654113769531
124.67151641845703
2525.78759765625
2698.161376953125
2870.790283203125
3086.004638671875
3334.29931640625
3603.7958984375
3884.994384765625
4177.0732421875
4468.4794921875
4754.93408203125
5035.2900390625
5315.93310546875
5383.96240234375
5309.70166015625
5237.8701171875
5165.92578125
5089.5703125
5008.203125
4921.78662109375
4831.7578125
4738.06298828125
4642.2099609375
4558.0859375
4476.01220703125
4385.140625
4288.3779296875
4188.0703125
4087.340576171875
3986.255859375
3882.9189453125
3779.778076171875
3676.323486328125
3572.50537109375
3469.005615234375
3366.188720703125
3263.267822265625
3161.1923828125
3062.09033203125
2967.64501953125
2878.05419921875
2792.251220703125
2707.273193359375
2625.065185546875
2548.699951171875
2511.47802734375
2474.905029296875
2403.0751953125
2334.182861328125
2268.69775390625
2206.09765625
2145.929931640625
2090.240234375
2037.77099609375
1987.60107421875
1939.647705078125
