2076.45849609375
2047.8577880859375
2021.653076171875
2001.95361328125
2038.282470703125
2025.0931396484375
2024.5772705078125
2044.648193359375
2063.41455078125
2094.93408203125
2133.40771484375
2163.0810546875
2188.5927734375
2231.483642578125
2306.963134765625
2423.4560546875
2572.86279296875
2744.196044921875
2928.114990234375
3121.673828125
3325.183349609375
3536.1455078125
3755.0615234375
3985.4921875
4226.51708984375
4477.59423828125
4737.236328125
5004.6806640625
5280.71923828125
5567.341796875
5866.86767578125
6178.4814453125
276.1416931152344
274.63427734375
279.78466796875
284.1722412109375
287.48046875
290.319091796875
6365.49365234375
6689.884765625
6830.81640625
7005.0224609375
7271.4931640625
7637.48779296875
8036.7744140625
8243.0478515625
8455.880859375
8887.1953125
9313.0947265625
9739.203125
10143.1025390625
10527.6220703125
10888.90234375
11229.24609375
11545.3857421875
11833.86328125
12089.7236328125
12308.990234375
12489.041015625
12631.8115234375
12735.08984375
12801.15234375
12832.6630859375
12834.521484375
12817.4423828125
12774.7392578125
12482.42578125
11896.5634765625
11375.35546875
10892.015625
10437.0390625
10006.5458984375
9598.181640625
9210.201171875
8840.93359375
8490.4384765625
8159.802734375
7846.978515625
7549.56201171875
7266.24658203125
6995.5087890625
6736.5166015625
6489.27099609375
6252.13037109375
6024.169921875
5804.9267578125
5594.01220703125
5391.20068359375
5196.38916015625
5009.4150390625
4829.6064453125
4656.41455078125
4489.44970703125
4328.61376953125
