2072.249267578125
2037.1707763671875
1997.9993896484375
2021.339599609375
2052.587646484375
2083.4423828125
2105.717041015625
2109.5478515625
2112.919189453125
2123.85107421875
2162.52978515625
2198.02685546875
2222.6328125
2242.57421875
2261.39990234375
2289.232421875
2334.99951171875
2394.901611328125
2477.19189453125
2580.70068359375
2700.983154296875
2835.771240234375
2985.75
3146.7333984375
3316.6142578125
3498.987548828125
3695.273681640625
3902.16796875
4117.8564453125
4339.6162109375
4564.3837890625
4792.47802734375
172.02154541015625
155.46994018554688
155.95814514160156
159.36302185058594
162.8080596923828
165.54371643066406
4340.1640625
4602.08935546875
4686.27587890625
4746.28662109375
4859.52587890625
5053.7646484375
5304.72314453125
5443.431640625
5600.23779296875
5964.6728515625
6405.8642578125
6859.30419921875
7312.1474609375
7746.51171875
8157.60302734375
8499.7275390625
8809.923828125
9085.9638671875
9295.44921875
9456.9326171875
9514.8388671875
9512.056640625
9492.3095703125
9469.1533203125
9463.513671875
9481.8720703125
9515.9482421875
9568.5107421875
9632.4296875
9610.849609375
9114.0712890625
8705.884765625
8326.1220703125
7970.9755859375
7636.3857421875
7328.46484375
7042.40625
6780.99365234375
6538.4775390625
6307.0048828125
6083.96044921875
5869.0224609375
5661.283203125
5463.71923828125
5270.26416015625
5080.87158203125
4900.65478515625
4728.30517578125
4567.1201171875
4419.69921875
4280.80908203125
4147.4267578125
4018.064208984375
3889.89306640625
3761.47216796875
3633.68115234375
