2060.06591796875
2037.5426025390625
2016.6068115234375
2017.5465087890625
2031.8621826171875
2026.0631103515625
2048.12939453125
2048.361328125
2062.67236328125
2094.681884765625
2144.9658203125
2210.0166015625
2294.517333984375
2396.58544921875
2519.2451171875
2664.809326171875
2830.1640625
3014.69775390625
3215.091552734375
3430.3291015625
3659.426025390625
3900.850341796875
4154.13037109375
4421.0634765625
4704.1494140625
5003.244140625
5311.666015625
5622.18017578125
5947.54833984375
6286.13134765625
6647.25
7035.34228515625
333.9768371582031
330.0578918457031
334.88262939453125
339.49176025390625
343.4012756347656
347.3721008300781
7770.75390625
8868.654296875
9602.3095703125
10243.349609375
10856.775390625
11459.3544921875
12063.3359375
12680.1708984375
13309.373046875
13949.3330078125
14592.0205078125
15233.419921875
15869.0986328125
16495.72265625
16914.021484375
16552.298828125
16224.4560546875
15899.3125
15569.1640625
15231.732421875
14887.0830078125
14535.19921875
14175.2451171875
13809.3466796875
13439.8125
13066.9892578125
12691.349609375
12313.080078125
11935.904296875
11562.4775390625
11194.0625
10831.6728515625
10476.1611328125
10128.61328125
9790.16015625
9623.2255859375
9458.9208984375
9141.958984375
8836.80078125
8544.21484375
8262.37109375
7991.78955078125
7730.64990234375
7477.9306640625
7238.41015625
7009.9228515625
6791.1376953125
6582.00537109375
6381.7724609375
6190.06591796875
6005.90673828125
5829.21728515625
5659.77685546875
5497.8388671875
5342.6171875
