2041.706298828125
1996.969970703125
2169.37890625
2398.731201171875
2488.6708984375
2525.9912109375
2526.475830078125
2486.456787109375
2452.914306640625
2415.991455078125
2393.645263671875
2389.596923828125
2396.51123046875
2412.210205078125
2434.723388671875
2466.080078125
2511.4404296875
2582.247314453125
2685.831787109375
2822.7177734375
2990.039794921875
3186.326171875
3406.62158203125
3647.67138671875
3907.71044921875
4183.82666015625
4473.04638671875
4783.47802734375
5113.1162109375
5463.9921875
5738.2587890625
5795.703125
234.25894165039062
201.57286071777344
200.91065979003906
210.2830352783203
221.26174926757812
230.22244262695312
6282.99853515625
7643.0966796875
7691.5341796875
7699.40283203125
7756.86767578125
7842.0087890625
7931.095703125
8021.29638671875
8107.77783203125
8181.92138671875
8239.5556640625
8277.2119140625
8292.8232421875
8286.5673828125
8258.1005859375
8208.7724609375
8140.09130859375
8054.46240234375
7953.0283203125
7835.87060546875
7702.3681640625
7555.083984375
7396.259765625
7228.11376953125
7051.86962890625
6869.9423828125
6684.19482421875
6496.1708984375
6306.8984375
6118.09521484375
5929.77001953125
5742.728515625
5557.755859375
5374.58740234375
5193.19482421875
5104.9013671875
5018.1533203125
4851.80419921875
4692.87841796875
4540.18359375
4392.638671875
4250.3671875
4113.90771484375
3983.5595703125
3858.720947265625
3739.18994140625
3624.56982421875
3514.66552734375
3409.358154296875
3308.402587890625
3211.5322265625
3118.57763671875
3029.335205078125
2943.656494140625
2861.436767578125
