2060.166748046875
2035.09375
2013.39794921875
2010.6929931640625
2038.0277099609375
2048.15869140625
2049.793701171875
2050.299560546875
2070.823974609375
2101.345703125
2139.955078125
2191.267578125
2267.54736328125
2375.827392578125
2514.30712890625
2676.33544921875
2855.8876953125
3051.314697265625
3262.005126953125
3489.005615234375
3729.02783203125
3981.44091796875
4246.2509765625
4522.90380859375
4812.20849609375
5108.046875
5403.47998046875
5705.65625
6023.2158203125
6355.4140625
6696.3134765625
7056.791015625
323.09588623046875
314.5756530761719
320.7085266113281
329.8531494140625
340.1934509277344
351.1627502441406
8001.263671875
8582.015625
8799.52734375
9222.962890625
9762.6845703125
10381.51953125
11055.3447265625
11737.9111328125
12415.4951171875
13097.0634765625
13776.7841796875
14451.0986328125
15118.40625
15781.326171875
16443.0859375
16359.8310546875
16063.154296875
15769.2919921875
15463.7607421875
15144.4150390625
14811.7783203125
14467.4326171875
14111.9169921875
13748.0498046875
13378.66015625
13004.7607421875
12627.3935546875
12247.921875
11870.16015625
11496.701171875
11129.607421875
10769.3603515625
10416.8291015625
10073.0419921875
9738.4794921875
9414.42578125
9101.2861328125
8799.3681640625
8509.4521484375
8231.576171875
7964.30126953125
7707.62939453125
7461.080078125
7224.93310546875
6995.72314453125
6773.76953125
6562.3369140625
6360.2529296875
6167.037109375
5981.94140625
5805.01025390625
5634.50048828125
5471.88330078125
5316.048828125
5166.29638671875
