2057.40673828125
2012.6055908203125
2053.7900390625
2081.642578125
2054.95361328125
2041.6815185546875
2032.41943359375
2036.0460205078125
2045.6229248046875
2058.996337890625
2062.268310546875
2059.142822265625
2062.8740234375
2080.918701171875
2105.92333984375
2131.6630859375
2154.625
2179.736328125
2214.429931640625
2267.84130859375
2325.33837890625
2397.21728515625
2491.241943359375
2599.025146484375
2717.55810546875
2848.23876953125
2992.315185546875
3147.181640625
3305.502197265625
3469.13037109375
3637.850830078125
3807.9697265625
115.25952911376953
117.42121887207031
126.90765380859375
135.0162353515625
136.3722686767578
134.71022033691406
2977.329833984375
2992.201171875
3028.31005859375
3224.430908203125
3469.537841796875
3754.0556640625
4088.955078125
4453.62890625
4852.59716796875
4972.16943359375
4866.96240234375
4742.9599609375
4604.919921875
4446.14599609375
4273.544921875
4094.889892578125
3938.388916015625
3767.4609375
3594.568603515625
3421.06689453125
3245.016357421875
3069.592041015625
2893.194580078125
2714.736572265625
2537.675537109375
2360.1953125
2184.369384765625
2011.93896484375
1844.3511962890625
1717.3427734375
1615.125732421875
1518.39501953125
1428.584228515625
1345.2689208984375
1266.08544921875
1190.4906005859375
1141.2235107421875
1102.0540771484375
1067.228515625
1035.6064453125
1006.6499633789062
979.318359375
953.2010498046875
927.9957275390625
903.3234252929688
878.7178955078125
854.8118896484375
832.1634521484375
810.487060546875
789.3418579101562
769.1605224609375
750.1905517578125
732.5983276367188
716.0015869140625
700.211669921875
