2072.962646484375
2037.3485107421875
2001.6412353515625
2059.1787109375
2070.01806640625
2054.690673828125
2046.7547607421875
2040.044677734375
2036.53759765625
2036.138916015625
2045.8331298828125
2057.6474609375
2075.335205078125
2090.4677734375
2107.871337890625
2126.802490234375
2135.0615234375
2139.731689453125
2158.21630859375
2176.69091796875
2193.562255859375
2221.217529296875
2260.564208984375
2300.5693359375
2337.747802734375
2381.53076171875
2435.482421875
2505.2158203125
2580.6103515625
2665.81494140625
2779.5830078125
2912.830322265625
107.08103942871094
108.10667419433594
109.10363006591797
109.93302154541016
110.65079498291016
111.29586791992188
1726.21630859375
1726.104248046875
2292.9052734375
3213.105712890625
3145.51123046875
3029.959228515625
2909.10302734375
2749.835693359375
2538.159912109375
2571.5087890625
2593.0146484375
2596.17724609375
2591.16796875
2585.48486328125
2577.398193359375
2564.58349609375
2547.511474609375
2527.4609375
2502.8154296875
2474.006103515625
2442.291259765625
2408.978759765625
2374.71337890625
2340.634033203125
2308.190673828125
2274.6123046875
2238.72509765625
2204.50830078125
2171.299072265625
2138.509033203125
2105.97802734375
2073.59423828125
2042.1778564453125
2012.346923828125
1982.6083984375
1953.0916748046875
1924.1533203125
1896.073486328125
1869.0849609375
1843.11279296875
1817.8084716796875
1793.3140869140625
1768.513671875
1742.73974609375
1716.017333984375
1689.228515625
1662.1475830078125
1634.8394775390625
1607.3101806640625
1579.49951171875
1551.5142822265625
1523.4312744140625
1495.341796875
1467.3223876953125
