2077.732666015625
2049.94921875
2023.8511962890625
2004.121337890625
2031.2261962890625
2029.8863525390625
2025.024169921875
2036.1715087890625
2048.740478515625
2076.971435546875
2117.029052734375
2147.970947265625
2175.12109375
2203.506591796875
2244.43603515625
2314.23388671875
2419.638427734375
2554.843017578125
2710.669921875
2878.30517578125
3054.4951171875
3239.127197265625
3432.5009765625
3631.221923828125
3839.134033203125
4057.136962890625
4284.29736328125
4520.64208984375
4764.3876953125
5015.1162109375
5273.52001953125
5541.16748046875
240.24337768554688
238.14443969726562
243.46156311035156
248.04006958007812
251.17791748046875
253.33753967285156
5618.84033203125
5947.36767578125
6125.978515625
6298.0390625
6485.3466796875
6732.4990234375
7036.2431640625
7439.35498046875
7877.447265625
8296.0634765625
8721.6083984375
9146.1337890625
9572.2587890625
9978.0302734375
10367.2666015625
10740.2470703125
10920.5244140625
11095.587890625
11423.8359375
11727.3779296875
12007.2041015625
12257.6044921875
12474.453125
12654.3515625
12799.57421875
12910.42578125
12987.3994140625
13032.9921875
13051.072265625
13049.0263671875
13030.0478515625
12990.236328125
12734.529296875
12170.7314453125
11669.55859375
11204.2109375
10766.1318359375
10350.822265625
9955.5341796875
9578.0810546875
9217.431640625
8873.0361328125
8547.1474609375
8238.4052734375
7944.61279296875
7663.96533203125
7395.2578125
7137.15185546875
6889.6201171875
6652.033203125
6424.544921875
6207.001953125
5998.0986328125
5797.4326171875
5604.5107421875
5418.57373046875
