2054.354736328125
2025.23779296875
1994.489013671875
2082.305419921875
2068.255615234375
2052.07861328125
2041.334716796875
2039.1474609375
2033.3223876953125
2030.1160888671875
2040.4598388671875
2072.72119140625
2077.459716796875
2077.228515625
2076.37158203125
2096.52392578125
2120.060546875
2143.030517578125
2167.025390625
2190.815673828125
2217.313232421875
2254.089111328125
2302.230224609375
2364.11767578125
2436.309326171875
2517.786865234375
2607.8330078125
2706.251708984375
2811.222900390625
2922.31591796875
3038.197265625
3157.671875
124.34169006347656
125.96591186523438
126.38111877441406
126.49241638183594
126.50764465332031
126.49197387695312
3358.777587890625
3784.28955078125
3858.73291015625
3922.210693359375
4010.2646484375
4122.630859375
4255.79296875
4407.44873046875
4576.89697265625
4760.9091796875
4954.10009765625
5159.8212890625
5376.62255859375
5601.68505859375
5843.9765625
6099.53076171875
6366.927734375
6644.50927734375
6947.79833984375
7285.7666015625
7673.25048828125
8059.51171875
8442.611328125
8852.9599609375
9298.25
9776.748046875
10253.9658203125
10731.0771484375
11222.64453125
11740.09765625
12258.5693359375
12773.62109375
13289.23828125
13806.2255859375
14041.1201171875
14017.1796875
13998.6396484375
13970.7568359375
13933.3212890625
13887.3505859375
13833.8876953125
13771.6064453125
13699.5654296875
13617.787109375
13526.9716796875
13427.173828125
13318.328125
13200.9638671875
13075.1806640625
12941.3876953125
12802.603515625
12656.2138671875
12503.564453125
12344.888671875
