2059.76904296875
2022.6072998046875
1991.7330322265625
2070.6240234375
2089.22802734375
2086.76708984375
2099.10791015625
2138.239990234375
2150.37060546875
2166.6884765625
2167.2158203125
2168.782958984375
2170.4775390625
2179.20458984375
2185.232177734375
2194.77587890625
2213.65771484375
2235.3564453125
2276.44970703125
2326.70947265625
2392.98828125
2479.40869140625
2580.6728515625
2695.768798828125
2820.696533203125
2950.819580078125
3083.634033203125
3218.10791015625
3354.8876953125
3493.943115234375
3633.859375
3772.728271484375
3911.725341796875
112.4856948852539
115.9148178100586
117.33671569824219
118.32990264892578
125.5128173828125
129.41554260253906
3262.212158203125
3437.990966796875
3559.401611328125
3751.382568359375
3936.177490234375
4127.44921875
4326.544921875
4420.7138671875
4545.8603515625
4758.009765625
4979.47900390625
5196.14599609375
5409.716796875
5597.525390625
5778.4921875
5938.35791015625
6075.9248046875
6190.96728515625
6292.82666015625
6373.21826171875
6437.00439453125
6505.8837890625
6604.2119140625
6686.62939453125
6694.62109375
6519.02734375
6164.67333984375
5867.76904296875
5609.41748046875
5370.4384765625
5143.7255859375
4923.23583984375
4705.5986328125
4491.64501953125
4296.67431640625
4085.7021484375
3869.817138671875
3647.54443359375
3422.518798828125
3198.568115234375
2985.26953125
2825.82470703125
2680.8046875
2543.62548828125
2406.96728515625
2271.42236328125
2137.79541015625
2005.368896484375
1890.8636474609375
1771.4974365234375
1647.597412109375
1519.603759765625
1396.2042236328125
1318.278564453125
1252.4569091796875
1200.9112548828125
