2073.71630859375
2036.6356201171875
2000.4105224609375
2079.876953125
2065.474365234375
2056.600341796875
2050.505859375
2043.7109375
2052.47900390625
2056.07568359375
2059.752197265625
2059.404052734375
2070.6142578125
2081.23779296875
2090.330810546875
2107.647705078125
2122.219970703125
2141.510986328125
2174.52783203125
2224.055908203125
2279.160400390625
2344.70361328125
2432.180908203125
2537.13134765625
2676.38671875
2869.753173828125
3101.5810546875
3366.170166015625
3374.849609375
3284.362548828125
3186.51171875
3075.06494140625
107.40937042236328
111.57597351074219
114.5869140625
116.57466125488281
117.76895141601562
118.54481506347656
2534.1259765625
2538.62646484375
2413.865234375
2326.060302734375
2417.4873046875
2535.0166015625
2655.070556640625
2748.95361328125
2814.177978515625
2858.5302734375
2876.0859375
2872.827392578125
2851.890625
2813.99267578125
2763.64306640625
2707.423095703125
2648.133544921875
2589.54736328125
2529.63916015625
2470.2802734375
2413.720703125
2360.84375
2311.251708984375
2263.984619140625
2216.29443359375
2167.929443359375
2119.003173828125
2070.041748046875
2021.2977294921875
1973.9906005859375
1929.4273681640625
1888.12646484375
1849.9403076171875
1814.9346923828125
1781.468994140625
1748.64697265625
1715.828369140625
1683.7913818359375
1651.88671875
1619.993408203125
1588.25048828125
1556.783203125
1525.8907470703125
1495.25537109375
1464.9302978515625
1435.020751953125
1405.4466552734375
1376.2958984375
1347.51806640625
1319.13671875
1291.123046875
1263.423583984375
1236.19580078125
1209.6500244140625
1183.861083984375
