2067.333740234375
2045.2352294921875
2023.853515625
2005.8929443359375
2010.1864013671875
2044.5233154296875
2042.4188232421875
2057.249755859375
2051.52783203125
2045.2308349609375
2046.3243408203125
2056.24267578125
2073.831298828125
2089.630615234375
2112.37158203125
2130.282470703125
2153.400146484375
2180.7216796875
2212.6474609375
2250.6826171875
2296.891845703125
2354.401611328125
2422.66259765625
2501.0498046875
2586.7744140625
2678.570068359375
2776.151123046875
2880.282958984375
2991.069091796875
3108.953857421875
3233.931640625
3366.08544921875
129.02537536621094
126.9925308227539
127.73458099365234
128.4292755126953
130.016845703125
131.5832977294922
3432.53955078125
3862.8330078125
4065.4404296875
4226.4619140625
4376.5439453125
4524.46240234375
4674.72509765625
4831.14208984375
4997.662109375
5175.279296875
5362.5302734375
5555.25244140625
5761.0654296875
5977.80908203125
6203.68310546875
6439.96630859375
6687.55322265625
6950.31201171875
7232.10107421875
7535.599609375
7854.87158203125
8205.0537109375
8598.998046875
8964.544921875
9328.7919921875
9716.9140625
10123.77734375
10546.4423828125
10981.91796875
11425.359375
11878.947265625
12340.068359375
12806.599609375
13274.6337890625
13745.041015625
14223.423828125
14711.978515625
15210.6396484375
15716.3740234375
16227.0966796875
16742.486328125
17262.697265625
17787.671875
18317.0078125
18849.291015625
19382.267578125
19913.451171875
20297.357421875
20087.9140625
19910.783203125
19739.04296875
19565.638671875
19388.224609375
19205.796875
