2084.9970703125
2056.5361328125
2015.770263671875
2013.5313720703125
2070.242431640625
2078.768310546875
2069.10498046875
2099.386474609375
2133.954833984375
2139.465576171875
2144.34716796875
2155.193603515625
2167.134521484375
2193.74609375
2224.51806640625
2273.509765625
2308.331787109375
2319.6376953125
2326.435546875
2335.427490234375
2357.404541015625
2402.6904296875
2454.292236328125
2515.468994140625
2568.376708984375
2614.047119140625
2672.816162109375
2748.198974609375
2798.405517578125
2842.02001953125
2874.912353515625
2920.00830078125
92.66722106933594
78.13424682617188
77.3396987915039
77.35712432861328
77.8070068359375
78.40349578857422
1299.63427734375
1368.8975830078125
1409.723388671875
1694.7093505859375
4142.18212890625
4711.11474609375
4133.556640625
3917.120361328125
3815.718505859375
3730.95849609375
3686.651123046875
3675.7236328125
3690.1796875
3719.61865234375
3755.733154296875
3791.8125
3817.32958984375
3832.644775390625
3843.822509765625
3859.41015625
3883.4560546875
3909.171875
3932.6796875
3956.099853515625
3980.11572265625
4001.62841796875
4018.41455078125
4030.442626953125
4038.959228515625
4045.429931640625
4050.88720703125
4054.078857421875
4051.64990234375
4044.60498046875
4034.087646484375
4020.1220703125
4013.1572265625
4003.74462890625
3982.33837890625
3959.45751953125
3933.2724609375
3904.462890625
3873.36474609375
3839.830810546875
3803.995849609375
3766.042236328125
3726.0244140625
3684.13916015625
3640.48291015625
3595.27783203125
3548.98291015625
3501.875
3454.2919921875
3406.4267578125
3358.77197265625
3311.5068359375
3264.4814453125
