2085.0
2074.2412109375
2040.5213623046875
2014.6920166015625
2008.7076416015625
2056.7314453125
2066.343017578125
2062.944580078125
2056.018310546875
2052.4794921875
2056.568359375
2058.5625
2057.521728515625
2056.12646484375
2063.245849609375
2066.7685546875
2068.74658203125
2072.38232421875
2077.390625
2086.533447265625
2098.6337890625
2109.953857421875
2124.089111328125
2138.30908203125
2159.54541015625
2170.3125
2178.10986328125
2188.496337890625
2203.713134765625
2217.7158203125
2233.76416015625
2252.1484375
126.92417907714844
128.31301879882812
129.00628662109375
129.4725341796875
129.7790069580078
129.8683624267578
1879.3834228515625
1981.74658203125
2115.978271484375
2242.20458984375
2350.986083984375
2449.67626953125
2542.967529296875
2633.953369140625
2728.8740234375
2834.935546875
2940.288330078125
3044.796630859375
3147.283935546875
3253.15576171875
3369.4443359375
3500.87255859375
3639.427734375
3792.92529296875
3955.119873046875
4119.6259765625
4285.29833984375
4458.177734375
4648.54541015625
4855.25
5012.5361328125
5110.43798828125
5204.69189453125
5286.69677734375
5388.39501953125
5569.12744140625
5747.60205078125
5936.625
6136.40673828125
6364.40771484375
6615.53564453125
6857.6943359375
7088.1953125
7295.55859375
7487.845703125
7670.33349609375
7844.10791015625
8000.060546875
8142.85400390625
8247.1865234375
8337.2919921875
8429.2744140625
8514.7705078125
8572.5341796875
8619.37890625
8675.4521484375
8734.4541015625
8566.8515625
8116.5673828125
7769.32177734375
