2009.34814453125
2828.160888671875
2956.053955078125
2692.708740234375
2674.91845703125
2633.220947265625
2566.0302734375
2486.1982421875
2436.73046875
2420.619384765625
2423.79541015625
2435.370361328125
2450.190673828125
2467.90771484375
2488.153076171875
2476.966552734375
2428.168701171875
2394.48486328125
2379.530517578125
2379.177001953125
2391.2451171875
2413.7763671875
2447.81396484375
2491.7666015625
2542.968505859375
2599.58935546875
2657.5322265625
2714.294677734375
2769.342041015625
2822.287841796875
2872.2548828125
2918.792236328125
145.80567932128906
102.17610168457031
108.2565689086914
111.91877746582031
110.00659942626953
110.96680450439453
3240.70751953125
3286.5546875
3177.65869140625
3081.421875
3044.6513671875
3030.2080078125
3015.711181640625
3008.63671875
3008.820068359375
3014.677490234375
3025.413818359375
3033.351806640625
3049.158935546875
3061.0849609375
3056.98681640625
3037.1171875
3006.953369140625
2964.8974609375
2915.605712890625
2859.7041015625
2801.22509765625
2735.910888671875
2664.78076171875
2589.1015625
2509.75732421875
2427.695068359375
2344.066162109375
2259.423828125
2174.119140625
2088.499267578125
2002.9580078125
1917.9251708984375
1834.12939453125
1753.6697998046875
1677.57275390625
1606.7947998046875
1540.341796875
1478.266845703125
1420.8834228515625
1367.405517578125
1317.44921875
1270.3941650390625
1225.66455078125
1182.246337890625
1139.911865234375
1098.7247314453125
1059.2623291015625
1021.8655395507812
986.4520874023438
952.8571166992188
920.7930297851562
889.8203125
859.6146240234375
829.6466674804688
799.8853759765625
