2082.147705078125
2060.087158203125
2034.15185546875
2014.963623046875
2002.1876220703125
1997.828857421875
2021.4034423828125
2033.8250732421875
2039.0870361328125
2068.503662109375
2097.511474609375
2102.428466796875
2108.593505859375
2128.20556640625
2145.22900390625
2165.56884765625
2195.572021484375
2231.407958984375
2272.66943359375
2321.0888671875
2387.405517578125
2473.990966796875
2577.4423828125
2696.52685546875
2830.674072265625
2981.16650390625
3149.234375
3332.164306640625
3528.18701171875
3733.336669921875
3951.1396484375
4182.80322265625
169.01116943359375
169.83096313476562
177.74046325683594
185.57688903808594
192.48849487304688
198.64593505859375
4419.18310546875
4823.4013671875
5005.4619140625
5155.2490234375
5330.81005859375
5541.23095703125
5786.244140625
6055.0302734375
6348.35986328125
6658.9453125
6978.7041015625
7331.37646484375
7690.56884765625
8085.1669921875
8508.8837890625
8897.42578125
9291.2841796875
9687.865234375
10091.8603515625
10503.0546875
10915.6826171875
11326.326171875
11729.9736328125
12120.376953125
12493.205078125
12843.875
13174.6005859375
13481.9970703125
13762.6240234375
14016.0078125
14243.1181640625
14447.0703125
14631.5927734375
14797.7958984375
14948.11328125
15082.55859375
15201.08203125
15303.3359375
15390.158203125
15462.361328125
15522.818359375
15572.6376953125
15609.830078125
15636.81640625
15655.0224609375
15665.7421875
15665.26953125
15649.87109375
15622.5205078125
15579.365234375
15523.0341796875
15456.8037109375
15376.294921875
15279.8916015625
