2051.052490234375
2019.0006103515625
2006.15185546875
2078.890380859375
2058.228271484375
2044.5361328125
2034.3194580078125
2025.7359619140625
2032.5684814453125
2042.879638671875
2066.591064453125
2067.692626953125
2074.61083984375
2082.213623046875
2102.7958984375
2130.251220703125
2164.22412109375
2207.001953125
2275.966064453125
2367.127197265625
2478.08349609375
2607.073974609375
2751.81591796875
2911.391845703125
3085.6708984375
3274.335205078125
3475.51953125
3688.763427734375
3914.52734375
4152.1044921875
4401.87451171875
4665.34375
165.14797973632812
189.89169311523438
213.87872314453125
229.91378784179688
240.66458129882812
248.49452209472656
5514.63232421875
5902.29638671875
6261.73828125
6645.00048828125
7053.64990234375
7475.470703125
7915.03369140625
8368.646484375
8836.873046875
9343.5341796875
9849.0732421875
10359.904296875
10881.9951171875
11429.3759765625
12015.302734375
12636.083984375
13280.3330078125
13946.787109375
14629.44921875
15325.6474609375
15844.75390625
15818.8359375
15791.029296875
15742.705078125
15669.5634765625
15571.5048828125
15451.2216796875
15311.015625
15152.2646484375
14975.8671875
14782.7490234375
14574.1767578125
14352.4033203125
14118.2470703125
13874.2900390625
13620.62109375
13359.08984375
13090.1318359375
12815.986328125
12534.5419921875
12247.712890625
11961.9326171875
11674.9853515625
11388.078125
11101.642578125
10811.3642578125
10517.4892578125
10236.6220703125
9961.6181640625
9692.1533203125
9428.5859375
9170.6962890625
8919.1767578125
8674.6767578125
