0.03707921504974365
0.03820541873574257
0.04161902889609337
0.044785428792238235
0.04741349816322327
0.049171432852745056
0.050218358635902405
0.05101644620299339
0.0513639934360981
0.051507022231817245
0.051608916372060776
0.051705293357372284
0.0518033392727375
0.05190389230847359
0.05208591744303703
0.0523340180516243
0.05260523036122322
0.052816957235336304
0.05300973728299141
0.05320676416158676
0.053423598408699036
0.05364839732646942
0.05387776345014572
0.054103732109069824
0.0543360598385334
0.05461644381284714
0.054918449372053146
0.055252350866794586
0.0556478314101696
0.05608849972486496
0.056560274213552475
0.05705884099006653
0.003283351194113493
0.0031068758107721806
0.0030550279188901186
0.0030200048349797726
0.0029903938993811607
0.002964618382975459
0.05311477929353714
0.055282045155763626
0.05643143132328987
0.057389821857213974
0.05831003189086914
0.059210676699876785
0.06009440869092941
0.06097301468253136
0.06185755133628845
0.0627460777759552
0.06364764273166656
0.06455588340759277
0.06548400968313217
0.06642305850982666
0.06736598908901215
0.06831565499305725
0.06927653402090073
0.07024220377206802
0.07122097909450531
0.07221301645040512
0.07321373373270035
0.07422100007534027
0.07523898780345917
0.07627011835575104
0.07738827168941498
0.0785287544131279
0.07973664999008179
0.08078455924987793
0.0818074643611908
0.08286707103252411
0.08395347744226456
0.08505335450172424
0.08621083199977875
0.08740054816007614
0.08862684667110443
0.08978680521249771
0.09082253277301788
0.09180353581905365
0.09277646988630295
0.0937194749712944
0.09468317776918411
0.09564504027366638
0.09653541445732117
0.09737404435873032
0.09832067787647247
0.09929753094911575
0.10041582584381104
0.10150310397148132
0.10254425555467606
0.10355795919895172
0.10454583168029785
0.10548986494541168
0.10637021064758301
0.10719478130340576
