7.063414573669434
8.301651000976562
10.770052909851074
13.809288024902344
14.616569519042969
14.58581829071045
13.97768783569336
13.98275375366211
14.468366622924805
15.212583541870117
15.830995559692383
16.263111114501953
16.595666885375977
16.962005615234375
17.341304779052734
17.821674346923828
18.581253051757812
19.768720626831055
21.39906120300293
23.55599594116211
26.238872528076172
29.234477996826172
32.63251495361328
36.60325622558594
41.26827621459961
47.176944732666016
54.33171463012695
62.753623962402344
72.10102844238281
83.40648651123047
97.86267852783203
114.64214324951172
2.7479312419891357
1.7865725755691528
1.7871323823928833
1.7909311056137085
1.8288640975952148
1.8727515935897827
46.71196746826172
84.60271453857422
182.5475311279297
210.6017303466797
239.2843780517578
263.0164489746094
287.1587829589844
313.616455078125
342.09906005859375
371.4643249511719
400.9974670410156
430.15106201171875
449.8628845214844
462.58221435546875
475.04791259765625
487.0102844238281
498.09649658203125
508.1858825683594
517.4063720703125
525.6515502929688
533.1821899414062
539.967041015625
545.6907348632812
549.9802856445312
553.981689453125
557.23583984375
559.3924560546875
561.0145263671875
562.2552490234375
563.2386474609375
564.0003051757812
564.4398193359375
564.4774780273438
564.1204833984375
563.4730834960938
562.452392578125
561.0367431640625
559.2364501953125
557.0550537109375
554.5222778320312
551.7863159179688
548.8184814453125
545.686767578125
542.419189453125
539.1185913085938
535.7574462890625
532.3255004882812
527.8634643554688
523.6806640625
519.6801147460938
515.7451782226562
511.8764953613281
508.0235290527344
504.1988525390625
