0.16317321360111237
0.1842339038848877
0.2048058956861496
0.20804211497306824
0.20915143191814423
0.21012035012245178
0.21100392937660217
0.21186459064483643
0.2129325121641159
0.21364258229732513
0.2142561823129654
0.2147585153579712
0.2152300775051117
0.215978741645813
0.21672233939170837
0.21745792031288147
0.21819664537906647
0.21883931756019592
0.2194620966911316
0.22015449404716492
0.22094285488128662
0.22177046537399292
0.22281765937805176
0.2242552936077118
0.225850448012352
0.22778455913066864
0.23037134110927582
0.23334749042987823
0.23658400774002075
0.2400163859128952
0.24381165206432343
0.24808552861213684
0.011508675292134285
0.011139205656945705
0.011192363686859608
0.011263462714850903
0.01130575779825449
0.011306077241897583
0.23106877505779266
0.23961210250854492
0.24544699490070343
0.2521614730358124
0.25973543524742126
0.26793238520622253
0.2765340507030487
0.2923315167427063
0.31026411056518555
0.3289327323436737
0.3479173183441162
0.3680061101913452
0.3770739436149597
0.37032434344291687
0.3634522557258606
0.3566989600658417
0.3499257266521454
0.34310808777809143
0.3362079858779907
0.3292231857776642
0.3221392035484314
0.3150094151496887
0.3077247738838196
0.2997426390647888
0.29189014434814453
0.28418853878974915
0.2766413390636444
0.26921677589416504
0.26204168796539307
0.25505709648132324
0.24829934537410736
0.24171282351016998
0.23528510332107544
0.2289818972349167
0.22281210124492645
0.2167707234621048
0.21088184416294098
0.20520499348640442
0.19979460537433624
0.19457368552684784
0.18943722546100616
0.18451769649982452
0.1798301488161087
0.1752803772687912
0.17083141207695007
0.1665339469909668
0.16239802539348602
0.15838997066020966
0.15448571741580963
0.15067608654499054
0.14715124666690826
0.14385604858398438
0.14071698486804962
0.13771209120750427
