7.06726598739624
8.324379920959473
10.814234733581543
13.887348175048828
14.648459434509277
14.604032516479492
14.017308235168457
14.039190292358398
14.542450904846191
15.294319152832031
15.892714500427246
16.305421829223633
16.629911422729492
16.956253051757812
17.29580307006836
17.81268882751465
18.623760223388672
19.84465789794922
21.491147994995117
23.661760330200195
26.351970672607422
29.25479507446289
32.48948669433594
36.29268264770508
40.813819885253906
46.48048782348633
53.318355560302734
61.25876235961914
70.51940155029297
81.04119110107422
94.81324005126953
111.05904388427734
1.0250892639160156
1.653241753578186
1.659600019454956
1.6673753261566162
1.7097759246826172
1.7587558031082153
44.26618194580078
82.96820831298828
175.53207397460938
202.11705017089844
229.99720764160156
252.6468963623047
275.1632385253906
299.5192565917969
326.15191650390625
354.26080322265625
382.5941162109375
410.840087890625
434.71258544921875
447.75506591796875
460.0962829589844
471.8725891113281
482.8531799316406
492.9308166503906
502.1886901855469
510.50372314453125
518.0831909179688
524.9151611328125
531.039794921875
536.6886596679688
541.1546020507812
544.6719360351562
547.7001953125
549.2081909179688
550.298583984375
551.1788330078125
551.9352416992188
552.4615478515625
552.5671997070312
552.2764282226562
551.671142578125
550.7594604492188
549.490234375
547.8616943359375
545.9058227539062
543.6534423828125
541.0557861328125
538.264892578125
535.3482666015625
532.2645263671875
529.0558471679688
525.8264770507812
522.5481567382812
519.1961669921875
515.7811279296875
512.2163696289062
507.88720703125
503.9055480957031
500.02557373046875
496.21405029296875
