0.04026056453585625
0.043101031333208084
0.04735992103815079
0.05208206549286842
0.05484822019934654
0.05541912093758583
0.05558823421597481
0.055773939937353134
0.05603038892149925
0.05625621974468231
0.05643472447991371
0.05661056190729141
0.05676136910915375
0.056859634816646576
0.05694343522191048
0.05703185126185417
0.057136137038469315
0.057309068739414215
0.05748913064599037
0.057668913155794144
0.05783949792385101
0.05798875167965889
0.058116182684898376
0.05825011804699898
0.05838365852832794
0.05850271135568619
0.05860746651887894
0.0587068535387516
0.05880635976791382
0.05891134962439537
0.0590483732521534
0.05922136455774307
0.003107219934463501
0.002812071004882455
0.002792023355141282
0.002772625768557191
0.002763145137578249
0.002758819842711091
0.04886755347251892
0.05505399405956268
0.057080693542957306
0.058806825429201126
0.0600348524749279
0.06088109314441681
0.0614960752427578
0.061987172812223434
0.06242306903004646
0.0628516674041748
0.06330129504203796
0.06378546357154846
0.06432975083589554
0.0649074986577034
0.06551642715930939
0.06616122275590897
0.0668475404381752
0.06757725030183792
0.06834334880113602
0.06913864612579346
0.06995843350887299
0.07081210613250732
0.07170972228050232
0.07265764474868774
0.07364743202924728
0.0746692344546318
0.07570735365152359
0.07674535363912582
0.07777433097362518
0.07878182828426361
0.07976978272199631
0.08075004070997238
0.08173032104969025
0.08273673802614212
0.08378288894891739
0.08487188071012497
0.08596129715442657
0.08704639971256256
0.08813124895095825
0.08924272656440735
0.09038394689559937
0.09157588332891464
0.09272126853466034
0.09362980723381042
0.09453702718019485
0.09546833485364914
0.0964059829711914
0.0973411276936531
0.09832744300365448
0.09929367899894714
0.10028501600027084
0.10131604969501495
0.10305389761924744
0.10461048036813736
