0.006658689118921757
0.007301965728402138
0.008167209103703499
0.008957495912909508
0.00961743388324976
0.0098525146022439
0.009936907328665257
0.010012870654463768
0.010097202844917774
0.01017117127776146
0.010228361934423447
0.010292093269526958
0.01035081222653389
0.010410896502435207
0.010469716973602772
0.010538631118834019
0.010617194697260857
0.010704930871725082
0.010800803080201149
0.01091625913977623
0.011059857904911041
0.011231520213186741
0.011425190605223179
0.011637763120234013
0.011869820766150951
0.012121426872909069
0.012391127645969391
0.0126776909455657
0.012962757609784603
0.013222170062363148
0.013497610576450825
0.013788099400699139
0.0008369289571419358
0.0007609011372551322
0.0007621763506904244
0.0007755286060273647
0.0007891633431427181
0.0008012055768631399
0.014074702747166157
0.014599736779928207
0.014872383326292038
0.015157807618379593
0.015490666031837463
0.015866898000240326
0.01627611368894577
0.01673315092921257
0.017215808853507042
0.017700420692563057
0.018142303451895714
0.018614312633872032
0.01913790963590145
0.019622519612312317
0.020105982199311256
0.02060800977051258
0.021141834557056427
0.02170146070420742
0.022285565733909607
0.02290184609591961
0.02356611378490925
0.024266306310892105
0.024988004937767982
0.025721123442053795
0.026467924937605858
0.02723122388124466
0.028010137379169464
0.02880593203008175
0.029617631807923317
0.030442066490650177
0.031276535242795944
0.03213655948638916
0.03302404657006264
0.03393816947937012
0.0348796509206295
0.035907208919525146
0.036960382014513016
0.03799964860081673
0.03906939923763275
0.04013942927122116
0.041147734969854355
0.042153939604759216
0.04314858466386795
0.044159144163131714
0.045142583549022675
0.04609512910246849
0.04469410702586174
0.043233197182416916
0.04190043732523918
0.040639881044626236
0.03943617269396782
0.038282301276922226
0.03717350587248802
0.036107465624809265
