0.16096505522727966
0.18001516163349152
0.2034984976053238
0.20713455975055695
0.20809748768806458
0.20895008742809296
0.2097472846508026
0.21045830845832825
0.2111891806125641
0.21216362714767456
0.212874174118042
0.21361307799816132
0.21424037218093872
0.21472330391407013
0.2151421457529068
0.21572710573673248
0.21656212210655212
0.2174910008907318
0.21836358308792114
0.21928741037845612
0.22018545866012573
0.22113926708698273
0.22215412557125092
0.2234085202217102
0.22488774359226227
0.22647126019001007
0.22828073799610138
0.23062388598918915
0.2333521991968155
0.23632334172725677
0.2394934594631195
0.24288882315158844
0.011174986138939857
0.010686617344617844
0.010716455057263374
0.010736862197518349
0.010743971914052963
0.010732953436672688
0.22392570972442627
0.23371420800685883
0.2389494776725769
0.24436448514461517
0.25015789270401
0.25629284977912903
0.26264435052871704
0.2691052258014679
0.2756071090698242
0.2852363586425781
0.29803118109703064
0.3113410472869873
0.3257508873939514
0.34002622961997986
0.3548364043235779
0.37074601650238037
0.36411795020103455
0.35676509141921997
0.3492608666419983
0.34168893098831177
0.33408206701278687
0.3262955844402313
0.3185030221939087
0.3106382191181183
0.3026723861694336
0.2945796847343445
0.28646495938301086
0.27823859453201294
0.2698180675506592
0.2608223259449005
0.2547483444213867
0.2581966519355774
0.2661328613758087
0.2767159938812256
0.2885434031486511
0.30153709650039673
0.31552475690841675
0.3301897943019867
0.34533172845840454
0.360741525888443
0.3761444389820099
0.3917819559574127
0.4078432321548462
0.42178240418434143
0.43574321269989014
0.4489346742630005
0.45528003573417664
0.46149832010269165
0.473736435174942
0.4921185076236725
0.5136911273002625
5.70849084854126
11.241613388061523
15.13228702545166
18.001262664794922
