0.4908333420753479
0.5493664145469666
0.9454547166824341
1.0098543167114258
1.0227903127670288
1.039615273475647
1.053097128868103
1.066209077835083
1.081916093826294
1.0938729047775269
1.1030269861221313
1.1104711294174194
1.1201167106628418
1.1291522979736328
1.1383942365646362
1.149159550666809
1.162070393562317
1.1768361330032349
1.1931545734405518
1.2129864692687988
1.2372725009918213
1.265352487564087
1.2991291284561157
1.3374701738357544
1.380024790763855
1.427727222442627
1.4872515201568604
1.5613007545471191
1.668286681175232
1.8387097120285034
2.0526785850524902
2.0817081928253174
0.03528836369514465
0.03519352152943611
0.03674903139472008
0.03705429658293724
0.036894381046295166
0.03680824860930443
1.5153145790100098
1.999477744102478
2.294701099395752
3.921173334121704
6.846253395080566
7.9957733154296875
9.424416542053223
11.904454231262207
14.262175559997559
16.599023818969727
19.097009658813477
21.96355628967285
25.368724822998047
29.564287185668945
34.1324462890625
38.831817626953125
43.63080596923828
48.475189208984375
53.098365783691406
57.501670837402344
61.99267578125
66.20328521728516
70.33826446533203
74.44660949707031
78.54605102539062
82.50025177001953
86.20681762695312
89.62468719482422
92.79695129394531
95.72492218017578
98.54442596435547
101.3416976928711
103.8499755859375
106.17025756835938
108.4254379272461
110.63009643554688
112.833984375
115.0510482788086
117.10879516601562
118.96563720703125
120.62747192382812
122.0757064819336
123.3476333618164
124.46028900146484
125.65299224853516
126.50544738769531
127.18909454345703
127.77603149414062
128.26402282714844
128.57122802734375
128.7998504638672
128.99191284179688
129.14488220214844
129.24032592773438
