0.1813061684370041
0.1839323788881302
0.1982921063899994
0.2245732694864273
0.24579398334026337
0.25123971700668335
0.25577181577682495
0.2584472894668579
0.26026448607444763
0.26169171929359436
0.2630658447742462
0.2644980847835541
0.2658195197582245
0.26702141761779785
0.26814407110214233
0.2691652476787567
0.27023211121559143
0.271295964717865
0.2722794711589813
0.2732522189617157
0.27413055300712585
0.2753738462924957
0.2765856385231018
0.2776378095149994
0.2787002921104431
0.27965688705444336
0.2804340720176697
0.28133291006088257
0.2825770676136017
0.28413307666778564
0.28585731983184814
0.2879403233528137
0.024074027314782143
0.024061258882284164
0.024044418707489967
0.023997316136956215
0.023931417614221573
0.023856354877352715
0.24105584621429443
0.2684776782989502
0.28067898750305176
0.29384177923202515
0.3068189024925232
0.3189530670642853
0.3315717577934265
0.3448253870010376
0.3589179515838623
0.37291672825813293
0.38659581542015076
0.40004050731658936
0.41418150067329407
0.4297522008419037
0.44666698575019836
0.46455875039100647
0.48389318585395813
0.5519867539405823
0.7237575650215149
1.0605992078781128
1.5808902978897095
23.165098190307617
36.202842712402344
45.162803649902344
53.963565826416016
63.63861846923828
74.32907104492188
86.3274154663086
101.74794006347656
117.10404205322266
131.79005432128906
146.17041015625
159.93165588378906
172.75350952148438
184.8346710205078
196.84878540039062
209.01319885253906
221.1528778076172
226.82191467285156
230.38833618164062
232.95933532714844
235.0309600830078
237.39500427246094
239.54808044433594
240.88784790039062
241.86251831054688
242.5081787109375
243.00563049316406
243.46438598632812
243.88192749023438
244.29542541503906
244.2247314453125
243.29075622558594
242.4632110595703
