0.021590299904346466
0.023785635828971863
0.027336174622178078
0.029553065076470375
0.030422311276197433
0.03088999167084694
0.031243905425071716
0.03146173432469368
0.03158876299858093
0.0317239835858345
0.031925782561302185
0.032149169594049454
0.03234170004725456
0.03249016031622887
0.03259485960006714
0.03267572447657585
0.03275889903306961
0.03286132961511612
0.032975856214761734
0.03309590741991997
0.03322131559252739
0.033366210758686066
0.033533189445734024
0.0337296687066555
0.03397664055228233
0.03429580107331276
0.034688688814640045
0.035144176334142685
0.03566130995750427
0.036236900836229324
0.036864716559648514
0.037534382194280624
0.002311998512595892
0.001972695579752326
0.0018349066376686096
0.0017645151820033789
0.0017316038720309734
0.0017215830739587545
0.034208618104457855
0.0370253250002861
0.03849802166223526
0.039525631815195084
0.04036007076501846
0.04112716764211655
0.041898440569639206
0.04271155223250389
0.0435955710709095
0.04455071687698364
0.04558407887816429
0.046695269644260406
0.047902949154376984
0.049025602638721466
0.050181012600660324
0.05138838291168213
0.05262436717748642
0.053885698318481445
0.055159542709589005
0.05649816244840622
0.05789495259523392
0.058133259415626526
0.05678936466574669
0.05553227290511131
0.054314643144607544
0.05312351882457733
0.051942721009254456
0.05076943710446358
0.04960581660270691
0.04846029728651047
0.04734403267502785
0.04625201225280762
0.045216988772153854
0.04418161138892174
0.043151386082172394
0.04213084280490875
0.041125088930130005
0.04012870788574219
0.03914215788245201
0.03816152364015579
0.037194009870290756
0.03624548017978668
0.035313088446855545
0.03439712896943092
0.033501964062452316
0.03263263404369354
0.031791578978300095
0.030978050082921982
0.03018839843571186
0.029420696198940277
0.028677141293883324
0.027955494821071625
0.027251843363046646
0.026565978303551674
