0.042432576417922974
0.05331529676914215
0.058971602469682693
0.060157161206007004
0.06115757301449776
0.06180843710899353
0.06209130212664604
0.06223463639616966
0.062398262321949005
0.06247059255838394
0.06260205805301666
0.06285376846790314
0.06318327784538269
0.06354475021362305
0.06391161680221558
0.06427133083343506
0.0646364614367485
0.06501516699790955
0.06540233641862869
0.06549166142940521
0.06482931226491928
0.06428849697113037
0.06383375078439713
0.06342851370573044
0.06305506080389023
0.06270400434732437
0.062359802424907684
0.06202214956283569
0.06168204918503761
0.06132691726088524
0.060957424342632294
0.06056920811533928
0.0033367660362273455
0.002741988515481353
0.0026192443910986185
0.00260088755749166
0.0025959238409996033
0.002586622256785631
0.05649527162313461
0.06615418195724487
0.06479334086179733
0.06224025785923004
0.060599133372306824
0.05936959385871887
0.05836613476276398
0.0574917308986187
0.056686822324991226
0.05591109022498131
0.054924216121435165
0.053943533450365067
0.05298139899969101
0.05199098959565163
0.05098883807659149
0.049975596368312836
0.04895066097378731
0.047919437289237976
0.04684368893504143
0.045687925070524216
0.04451353847980499
0.043378796428442
0.042371779680252075
0.04137850180268288
0.04038594663143158
0.039407458156347275
0.038440994918346405
0.03749201446771622
0.03655488044023514
0.03563064709305763
0.03471950814127922
0.03381410613656044
0.03290561959147453
0.032008782029151917
0.03112337365746498
0.030246036127209663
0.02938048169016838
0.028533458709716797
0.027705078944563866
0.026893706992268562
0.02609703689813614
0.025315186008810997
0.024552328512072563
0.02381516806781292
0.023114820942282677
0.02245492860674858
0.021832626312971115
0.021243087947368622
0.020683418959379196
0.02015080489218235
0.01963929459452629
0.019143976271152496
0.018662596121430397
0.018195442855358124
