0.04055952653288841
0.04402625188231468
0.04906446486711502
0.054416727274656296
0.05523202568292618
0.05554188787937164
0.05588521808385849
0.05619341880083084
0.056462936103343964
0.056705158203840256
0.05698428303003311
0.05727935954928398
0.05756312236189842
0.057839345186948776
0.05810878425836563
0.058352280408144
0.05858097970485687
0.058838535100221634
0.05912545323371887
0.05940335616469383
0.05966890603303909
0.059963077306747437
0.06029713526368141
0.060689616948366165
0.06116605922579765
0.06172714754939079
0.062349509447813034
0.06300443410873413
0.06368095427751541
0.06441327184438705
0.06521476805210114
0.06606417149305344
0.0036784005351364613
0.0034367023035883904
0.0032746929209679365
0.00316045293584466
0.0030865927692502737
0.003032881999388337
0.05823984742164612
0.06231582537293434
0.06459660083055496
0.066255122423172
0.06768015772104263
0.06908512115478516
0.070518359541893
0.07199451327323914
0.07351624220609665
0.07507947832345963
0.07666849344968796
0.07826518267393112
0.0798865556716919
0.08150435984134674
0.083097904920578
0.08472193032503128
0.0863121747970581
0.08782567828893661
0.08934396505355835
0.09088258445262909
0.09241744875907898
0.09356777369976044
0.09454506635665894
0.09555842727422714
0.0966937243938446
0.09777579456567764
0.09880615770816803
0.09981171041727066
0.10084286332130432
0.10219386965036392
0.1041686087846756
0.10613177716732025
0.10837942361831665
0.1105283796787262
0.11242716759443283
0.11425291001796722
0.11602511256933212
0.11776868253946304
0.11945097893476486
0.12103784829378128
0.12266723066568375
0.1245913952589035
0.126028910279274
0.12730085849761963
0.12934419512748718
0.13272009789943695
0.13677366077899933
0.14075613021850586
0.1356450766324997
0.13010147213935852
0.1253434270620346
0.12113156169652939
0.11727907508611679
0.11373259872198105
