0.00774177722632885
0.008554458618164062
0.009808261878788471
0.010896424762904644
0.011141541413962841
0.011218160390853882
0.01128541398793459
0.011347792111337185
0.01144673302769661
0.011556655168533325
0.011653837747871876
0.011758309789001942
0.011842436157166958
0.01192103885114193
0.012006673030555248
0.012103579007089138
0.012221294455230236
0.012353828176856041
0.012500647455453873
0.012671153992414474
0.012866213917732239
0.013083290308713913
0.0133207393810153
0.013579835183918476
0.013862335123121738
0.014152467250823975
0.014433801174163818
0.014707665890455246
0.01500348374247551
0.01531161181628704
0.01563112623989582
0.015962369740009308
0.0008360168430954218
0.0008000730304047465
0.0008014013292267919
0.0008103607688099146
0.0008203207980841398
0.0008296239539049566
0.015525490045547485
0.016325296834111214
0.016706757247447968
0.016978289932012558
0.017245907336473465
0.017545949667692184
0.017888490110635757
0.018278444185853004
0.01870393380522728
0.01912892609834671
0.019577886909246445
0.02006443962454796
0.02059006132185459
0.021144475787878036
0.021663764491677284
0.022150015458464622
0.022652452811598778
0.023167721927165985
0.02369767054915428
0.02422436885535717
0.02456396259367466
0.023977892473340034
0.023419879376888275
0.02287529781460762
0.02233993448317051
0.02181262895464897
0.02129225619137287
0.020778857171535492
0.02027280628681183
0.01977236196398735
0.019277460873126984
0.0187893807888031
0.01831168495118618
0.017845798283815384
0.017391430214047432
0.016948116943240166
0.016515418887138367
0.016093876212835312
0.015684425830841064
0.015286275185644627
0.014897719025611877
0.014517766423523426
0.014146094210445881
0.013782461173832417
0.013426350429654121
0.013077194802463055
0.01274040061980486
0.012415588833391666
0.012101518921554089
0.011797575280070305
0.011503096669912338
0.011217189021408558
0.010939275845885277
0.010668853297829628
