-0.0
-0.0
-0.0
-0.0
-0.0
-0.0
-0.0
-0.0
-0.0
-0.0
-0.0
-0.0
-0.0
-0.0
-0.0
-0.0
-0.0
-0.0
-0.0
-0.0
-0.0
-0.0
-0.0
-0.0
-0.0
-0.0
-0.0
-0.0
-0.0
-0.0
-0.0
-0.0
-0.0
-0.0
-0.0
-0.0
-0.0
-0.0
-0.0
-0.0
-0.0
-0.0
-0.0
-0.0
-0.0
-0.0
-0.0
-0.0
-0.0
-0.0
-0.0
-0.0
-0.0
-0.0
-0.0
-0.0
-0.0
-0.0
-0.0
-0.0
-0.0
-0.0
-0.0
-0.0
-0.0
-0.0
-0.0
-0.0
-0.0
-0.0
-0.0
-0.0
-0.0
-0.0
-0.0
-0.0
-0.0
-0.0
-0.0
4.82340908547485e-07
1.4249208106775768e-06
2.2835290565126343e-06
3.05934759126103e-06
3.7549818898696685e-06
4.377686309453566e-06
4.918638751405524e-06
5.399450856202748e-06
5.830482677993132e-06
6.21709659753833e-06
6.559049779752968e-06
6.862152986286674e-06
7.140588877518894e-06
7.381278464890784e-06
7.588515472889412e-06
7.765518603264354e-06
7.91542242950527e-06
