0.023618165403604507
0.027708489447832108
0.031391020864248276
0.032426219433546066
0.03303677216172218
0.034223854541778564
0.03540849685668945
0.036411646753549576
0.037144679576158524
0.03768444433808327
0.03808797150850296
0.03803044185042381
0.03719675913453102
0.036480613052845
0.03583454340696335
0.03524148836731911
0.0346912145614624
0.034190256148576736
0.03377150744199753
0.033404815942049026
0.03307345509529114
0.032757390290498734
0.03243933990597725
0.032105837017297745
0.03174983710050583
0.0313619002699852
0.030938075855374336
0.030478738248348236
0.02998802252113819
0.02946987934410572
0.028924617916345596
0.028198329731822014
0.027475474402308464
0.0026109919417649508
0.002041940577328205
0.0018057232955470681
0.0016962394583970308
0.0016445884248241782
0.0016238579992204905
0.03610007464885712
0.03245551511645317
0.02974274940788746
0.027783775702118874
0.026882851496338844
0.026014838367700577
0.02450963482260704
0.023232493549585342
0.02212201990187168
0.021153930574655533
0.020358087494969368
0.01968180574476719
0.019076939672231674
0.018515098839998245
0.017973516136407852
0.017447512596845627
0.016924293711781502
0.01640632562339306
0.015895040705800056
0.015392079018056393
0.014902601949870586
0.014456248842179775
0.014032400213181973
0.013650770299136639
0.013296299614012241
0.012959959916770458
0.012636594474315643
0.01232866384088993
0.012036629021167755
0.01175437681376934
0.01147796306759119
0.011208408512175083
0.010946656577289104
0.010692746378481388
0.010446510277688503
0.010207859799265862
0.00997672788798809
0.009753775782883167
0.009538660757243633
0.009331039153039455
0.009130786173045635
0.008937276899814606
0.008750432170927525
0.008569438941776752
0.008394326083362103
0.008224721066653728
0.008060464635491371
0.007901270873844624
0.007746261544525623
0.007595384493470192
0.007448396645486355
0.0073051052168011665
0.007165133953094482
0.0070274299941957
0.006893404759466648
