0.04065422713756561
0.04353924095630646
0.048868387937545776
0.05451785400509834
0.05549458786845207
0.055770497769117355
0.05612089857459068
0.05644860491156578
0.05670026317238808
0.05686730146408081
0.056971512734889984
0.05707720294594765
0.05720505490899086
0.05741838365793228
0.057657524943351746
0.05788743495941162
0.05807816609740257
0.05823623389005661
0.0584012046456337
0.05855515971779823
0.05868786200881004
0.05881022289395332
0.0589311346411705
0.05906158685684204
0.05921652913093567
0.0594080425798893
0.05962202325463295
0.05986548960208893
0.06015508249402046
0.060493744909763336
0.06088528409600258
0.06132753938436508
0.0030999653972685337
0.002821511123329401
0.002802574308589101
0.0027842619456350803
0.0027767897117882967
0.002771522384136915
0.049647074192762375
0.056810200214385986
0.05985515937209129
0.061857737600803375
0.06321994215250015
0.06428395956754684
0.06520180404186249
0.0660482868552208
0.06688858568668365
0.06776124984025955
0.06868710368871689
0.06966380029916763
0.070677749812603
0.071729876101017
0.07283343374729156
0.07400040328502655
0.07524143904447556
0.0765470489859581
0.07790414243936539
0.07928995043039322
0.08070071786642075
0.08209933340549469
0.08347699046134949
0.0848492756485939
0.08619211614131927
0.08749914914369583
0.08883146941661835
0.0902092456817627
0.09168749302625656
0.09309554100036621
0.09421886503696442
0.09526482969522476
0.09633222222328186
0.09742169827222824
0.09851289540529251
0.09960969537496567
0.1007770299911499
0.10228517651557922
0.10431985557079315
0.10621969401836395
0.10808919370174408
0.10994090884923935
0.11166850477457047
0.11324934661388397
0.11487231403589249
0.11657177656888962
0.11840129643678665
0.12029193341732025
0.12225660681724548
0.12445911765098572
0.12671281397342682
0.12896005809307098
0.1310700923204422
0.13300831615924835
