0.18592727184295654
0.206410214304924
0.2119329571723938
0.21318763494491577
0.21537558734416962
0.21869878470897675
0.22523367404937744
0.23216313123703003
0.23752892017364502
0.24190206825733185
0.24629545211791992
0.2501867413520813
0.25311633944511414
0.2551116943359375
0.2564980983734131
0.2574414014816284
0.25816455483436584
0.25884923338890076
0.2595655620098114
0.2603938579559326
0.2615413963794708
0.2633218765258789
0.26595181226730347
0.2696705460548401
0.2742207944393158
0.27943679690361023
0.2854534983634949
0.29767096042633057
0.29658907651901245
0.2919839024543762
0.28692325949668884
0.2812533378601074
0.275572270154953
0.2698166072368622
0.015704581514000893
0.015526046976447105
0.015305053442716599
0.014998278580605984
0.01453641802072525
0.01435658149421215
0.26240503787994385
0.2834038734436035
0.2995971739292145
0.2944986820220947
0.2782776653766632
0.26864588260650635
0.26405319571495056
0.25125595927238464
0.24051140248775482
0.23112700879573822
0.2228490114212036
0.21560581028461456
0.20859798789024353
0.20136676728725433
0.19450998306274414
0.18790605664253235
0.18167318403720856
0.17558680474758148
0.16963891685009003
0.1638612151145935
0.1582486778497696
0.15287019312381744
0.14767935872077942
0.14515750110149384
0.14268246293067932
0.13849860429763794
0.13491201400756836
0.1316780298948288
0.12867037951946259
0.1258324235677719
0.12313849478960037
0.12056895345449448
0.11810118705034256
0.11572237312793732
0.11342460662126541
0.11120478063821793
0.10907413810491562
0.10703632980585098
0.10508392751216888
0.10321373492479324
0.10141991078853607
0.09968971461057663
0.09801121801137924
0.09637802094221115
0.09477975219488144
0.09320837259292603
0.0916571319103241
0.09013102203607559
0.08863518387079239
0.0871739387512207
0.0857413038611412
0.08433086425065994
0.08293845504522324
0.08156302571296692
0.08020228892564774
0.07886848598718643
0.07756020128726959
