9.271116256713867
12.826820373535156
22.5799503326416
24.95673370361328
26.571313858032227
26.46501350402832
25.027719497680664
24.822587966918945
25.193134307861328
25.630653381347656
25.933359146118164
25.328384399414062
24.714656829833984
24.53877067565918
24.892032623291016
25.61337661743164
26.577117919921875
27.63816261291504
27.679889678955078
26.82369041442871
26.37458038330078
26.189363479614258
26.139028549194336
26.18187713623047
26.294769287109375
26.48279571533203
26.7579402923584
27.12640953063965
27.598556518554688
28.178739547729492
28.860820770263672
29.654081344604492
30.538196563720703
31.50313949584961
1.2234930992126465
0.2843613028526306
0.2349301427602768
0.24486461281776428
0.2517542541027069
0.2610533535480499
10.562024116516113
30.79693603515625
53.21598434448242
65.8951416015625
54.85623550415039
52.01802444458008
51.480262756347656
51.1401481628418
51.77271270751953
53.05538558959961
54.845703125
56.99999237060547
59.3796272277832
61.862693786621094
64.40447998046875
66.96570587158203
69.4915542602539
72.00151062011719
74.4673843383789
76.89778900146484
79.37992095947266
81.70052337646484
83.95804595947266
85.09680938720703
86.1759033203125
88.34815979003906
90.49797058105469
92.5604019165039
94.52900695800781
96.36550903320312
98.0960922241211
99.71688079833984
101.22982025146484
102.70799255371094
104.1235580444336
105.49195098876953
106.81844329833984
108.08899688720703
109.29841613769531
110.50215148925781
111.61734771728516
112.62728881835938
113.54500579833984
114.3841781616211
115.15599060058594
115.88360595703125
116.6330337524414
117.2599105834961
117.81107330322266
118.30561065673828
118.75067138671875
119.15596771240234
119.53239440917969
119.87335968017578
120.20140838623047
120.51042175292969
120.78575897216797
