0.045330509543418884
0.060034915804862976
0.07026417553424835
0.06610672175884247
0.06054951623082161
0.058040909469127655
0.05648229643702507
0.05535661801695824
0.05444693937897682
0.05365373194217682
0.052962854504585266
0.052343741059303284
0.05174434930086136
0.05115680396556854
0.05058220773935318
0.050016459077596664
0.0494837686419487
0.048993151634931564
0.0485357902944088
0.04812455177307129
0.047749683260917664
0.04740305617451668
0.04706035926938057
0.046711284667253494
0.04634442925453186
0.04594853147864342
0.04551578313112259
0.0450393371284008
0.044818636029958725
0.044549547135829926
0.04396132379770279
0.043360792100429535
0.04271354153752327
0.003708547679707408
0.002746450249105692
0.002655101241543889
0.00263017020188272
0.0026121498085558414
0.002604107139632106
0.05749824643135071
0.04979853332042694
0.04479646310210228
0.04195944592356682
0.03997736796736717
0.03914893791079521
0.03833428770303726
0.03685550019145012
0.035545188933610916
0.03429673612117767
0.033114124089479446
0.03200021758675575
0.030949287116527557
0.029942527413368225
0.028952697291970253
0.02799288183450699
0.027108747512102127
0.02624575048685074
0.025430653244256973
0.024652663618326187
0.02388683333992958
0.023136349394917488
0.02240249142050743
0.021684683859348297
0.020983971655368805
0.02029814012348652
0.0196255911141634
0.01896246150135994
0.018328940495848656
0.01773439534008503
0.017184268683195114
0.016674108803272247
0.01619752310216427
0.015748612582683563
0.015322702936828136
0.01491672545671463
0.014530555345118046
0.014165755361318588
0.01382523775100708
0.013509397394955158
0.013206732459366322
0.01291371788829565
0.012631005607545376
0.012361468747258186
0.012106407433748245
0.011864452622830868
0.011633233167231083
0.0114108482375741
0.011194225400686264
0.010982593521475792
0.010773418471217155
0.010565909557044506
0.01036025956273079
0.010156719014048576
0.009955599904060364
