7.020028114318848
8.340935707092285
11.194808959960938
14.810823440551758
14.741303443908691
14.198468208312988
14.763093948364258
15.203009605407715
15.21187686920166
15.092740058898926
15.10105037689209
15.341456413269043
15.830909729003906
16.445026397705078
17.209060668945312
18.077938079833984
19.064992904663086
20.269546508789062
21.624540328979492
23.14996910095215
24.91018295288086
26.97707748413086
29.64903450012207
32.68186569213867
36.642154693603516
41.85894775390625
47.89023208618164
55.65609359741211
63.96592330932617
73.33084106445312
84.00096130371094
95.63822937011719
2.8829879760742188
2.993842601776123
2.382983684539795
2.4380197525024414
2.499673366546631
2.505732536315918
53.66047286987305
102.80867004394531
157.7638702392578
179.7871856689453
204.7580108642578
230.17874145507812
257.9319152832031
287.78448486328125
308.34722900390625
324.5096740722656
340.2589111328125
354.9222717285156
368.3384704589844
380.5754699707031
391.0891418457031
400.12701416015625
407.8160400390625
414.5100402832031
419.7388000488281
423.6771545410156
426.8200988769531
429.40667724609375
431.6446228027344
433.5950927734375
435.1585693359375
435.6313781738281
435.68328857421875
435.3309020996094
434.54193115234375
433.385986328125
432.1637268066406
430.5207214355469
428.778564453125
427.03912353515625
425.3132629394531
423.473388671875
421.57672119140625
419.67071533203125
417.8670654296875
416.21826171875
414.662109375
413.1678466796875
411.7441101074219
410.3453369140625
408.98046875
407.6640930175781
406.4029541015625
405.1828918457031
404.00384521484375
402.89141845703125
401.80865478515625
400.7140808105469
399.6667785644531
397.69586181640625
