0.037911176681518555
0.04066639393568039
0.04491787403821945
0.04976363480091095
0.05220881849527359
0.05265172943472862
0.052962251007556915
0.05334816128015518
0.05365671217441559
0.05391881242394447
0.05414620041847229
0.054487086832523346
0.05482438951730728
0.055140674114227295
0.055467210710048676
0.05580718070268631
0.05617406964302063
0.05660334229469299
0.05709688365459442
0.057678237557411194
0.05833736062049866
0.05907142534852028
0.059908427298069
0.06084935739636421
0.0618707649409771
0.0629579946398735
0.06411832571029663
0.06533512473106384
0.06657567620277405
0.06783659011125565
0.06912035495042801
0.0704154372215271
0.004146558232605457
0.003941504750400782
0.0038475780747830868
0.0037950060795992613
0.0037583080120384693
0.0037285557482391596
0.06403747946023941
0.06659533083438873
0.06828731298446655
0.06990265101194382
0.0716073140501976
0.07343850284814835
0.07542216032743454
0.07759056985378265
0.07989175617694855
0.08209867775440216
0.08439745008945465
0.0869172066450119
0.089320607483387
0.09120965003967285
0.09288019686937332
0.09453211724758148
0.09604968875646591
0.09738080948591232
0.099147729575634
0.10119706392288208
0.10348974168300629
0.10577317327260971
0.10750578343868256
0.1097259372472763
0.11209166049957275
0.10625375807285309
0.10459033399820328
0.10377976298332214
0.1034168228507042
0.10408580303192139
0.12433216720819473
0.14680662751197815
0.17192453145980835
0.2083667516708374
0.26173537969589233
0.3259669244289398
0.4021730422973633
0.4897691309452057
0.5812188386917114
0.6662476658821106
15.46268081665039
23.6492862701416
28.144882202148438
30.953105926513672
32.865543365478516
34.344032287597656
35.54924774169922
36.84794616699219
37.831390380859375
38.5438232421875
39.084049224853516
39.584327697753906
39.967376708984375
40.26417922973633
