0.043134238570928574
0.046547599136829376
0.05342423543334007
0.055461782962083817
0.05654704570770264
0.057670146226882935
0.05882204696536064
0.05982520058751106
0.06061023846268654
0.06110389530658722
0.06141781806945801
0.06165756285190582
0.06192042678594589
0.06217988580465317
0.06243634968996048
0.0626954436302185
0.06297022104263306
0.0632925033569336
0.0636771097779274
0.06414315849542618
0.06472242623567581
0.0654456615447998
0.06632229685783386
0.06737757474184036
0.06861589103937149
0.07002705335617065
0.07156267762184143
0.07317235320806503
0.07487180083990097
0.07667585462331772
0.07859669625759125
0.08062427490949631
0.0826883539557457
0.08461344987154007
0.004142056219279766
0.0035308159422129393
0.002952072536572814
0.0028496591839939356
0.0028389927465468645
0.0028339254204183817
0.06297314912080765
0.07480423897504807
0.0831308364868164
0.08831814676523209
0.09134532511234283
0.09329472482204437
0.09447141736745834
0.09569492936134338
0.09711673855781555
0.09877083450555801
0.10085111856460571
0.1045691967010498
0.10812215507030487
0.11156604439020157
0.1151856854557991
0.11888428032398224
0.12239270657300949
0.12581533193588257
0.12913456559181213
0.13237923383712769
0.135586678981781
0.1384524405002594
0.13551759719848633
0.1308469921350479
0.1269557625055313
0.12345488369464874
0.12020676583051682
0.11713483929634094
0.11418111622333527
0.11130612343549728
0.10851994901895523
0.10583842545747757
0.10325516760349274
0.10079111903905869
0.09845287352800369
0.09622138738632202
0.09409109503030777
0.0920400321483612
0.09003319591283798
0.08805202692747116
0.0860922634601593
0.08414718508720398
0.08222854137420654
0.0803670659661293
0.07858545333147049
0.07687023282051086
0.0751856341958046
0.07351050525903702
0.0718393623828888
0.07016386091709137
0.06847440451383591
0.06679362803697586
0.06520114094018936
0.06373429298400879
