0.02251157909631729
0.02760166861116886
0.02975969947874546
0.030655939131975174
0.031017791479825974
0.03110852837562561
0.031159522011876106
0.03128042444586754
0.03146294876933098
0.03178141638636589
0.032149359583854675
0.032497111707925797
0.03282543271780014
0.03314622864127159
0.03346987068653107
0.03381290286779404
0.03422131389379501
0.0347188338637352
0.03530008718371391
0.035964302718639374
0.03672018274664879
0.03757137805223465
0.03850770741701126
0.03952770680189133
0.04063844680786133
0.04128865525126457
0.04069432243704796
0.040141940116882324
0.039588987827301025
0.03901876136660576
0.03843288868665695
0.03772144019603729
0.0023215333931148052
0.0019731109496206045
0.0020277106668800116
0.002107299165800214
0.0021714316681027412
0.0022140725050121546
0.0413755364716053
0.03862883150577545
0.03681245818734169
0.03561139106750488
0.034627269953489304
0.03371141850948334
0.03285221382975578
0.03199685737490654
0.0310911126434803
0.03016795963048935
0.029239637777209282
0.028303371742367744
0.02735537849366665
0.02640354074537754
0.025465622544288635
0.024528441950678825
0.0236014686524868
0.022692929953336716
0.021799800917506218
0.020921943709254265
0.020061897113919258
0.019221119582653046
0.018400993198156357
0.017597205936908722
0.01685892790555954
0.01616470143198967
0.01550827082246542
0.014884216710925102
0.014289330691099167
0.013718800619244576
0.013169893994927406
0.012646188959479332
0.012151157483458519
0.011694525368511677
0.011274319142103195
0.01088582631200552
0.010535694658756256
0.010219679214060307
0.009924794547259808
0.009645297192037106
0.009378757327795029
0.009111834689974785
0.008846317417919636
0.008583144284784794
0.00832420401275158
0.008090137504041195
0.007887264713644981
0.0077064381912350655
0.007541381288319826
0.007388729602098465
0.007246181834489107
0.007111160084605217
0.006981362588703632
0.006854925770312548
