0.15924832224845886
0.1757628172636032
0.20161476731300354
0.20768330991268158
0.20866212248802185
0.20944614708423615
0.20996591448783875
0.21016383171081543
0.21026569604873657
0.21029333770275116
0.21030721068382263
0.21031419932842255
0.21031787991523743
0.2103198617696762
0.21032114326953888
0.21032103896141052
0.21032105386257172
0.2103210836648941
0.2103211134672165
0.21032115817070007
0.21032121777534485
0.21032123267650604
0.21032127737998962
0.2103213518857956
0.2103215456008911
0.21032163500785828
0.21032164990901947
0.21032167971134186
0.21032167971134186
0.21032169461250305
0.21032169461250305
