0.043619271367788315
0.05497042462229729
0.059290505945682526
0.060625795274972916
0.062193192541599274
0.0630313903093338
0.06305832415819168
0.06299633532762527
0.06310722976922989
0.06339418888092041
0.06379455327987671
0.06426098942756653
0.06476463377475739
0.06528867781162262
0.06585418432950974
0.06536854058504105
0.06460189074277878
0.06397003680467606
0.06342378258705139
0.0629311129450798
0.06247663497924805
0.06203794851899147
0.061603955924510956
0.06115633621811867
0.06069038063287735
0.06019376590847969
0.05965853109955788
0.0590830072760582
0.05846747010946274
0.057810768485069275
0.05711376294493675
0.05637573450803757
0.004193198401480913
0.0032227698247879744
0.003134871367365122
0.0030600987374782562
0.0029988051392138004
0.002924470230937004
0.06785508245229721
0.06184884160757065
0.057628702372312546
0.05489048734307289
0.05293354019522667
0.05131058767437935
0.04987291246652603
0.04852394759654999
0.04720897227525711
0.04587243124842644
0.04447617754340172
0.042980991303920746
0.04163166880607605
0.04039491340517998
0.03918490931391716
0.037994254380464554
0.036837685853242874
0.03570123761892319
0.03460242971777916
0.03351277485489845
0.032411836087703705
0.031311143189668655
0.030218210071325302
0.029141247272491455
0.028084542602300644
0.027045181021094322
0.026024002581834793
0.025032920762896538
0.024079689756035805
0.02317020669579506
0.02231602743268013
0.02152181603014469
0.02078345976769924
0.020100895315408707
0.019460704177618027
0.019147241488099098
0.01884739100933075
0.018282072618603706
0.017739584669470787
0.017219508066773415
0.01671811006963253
0.016232725232839584
0.015762165188789368
0.015308023430407047
0.014871546067297459
0.014453713782131672
0.014053369872272015
0.01366962119936943
0.01330072246491909
0.012944257818162441
0.012598288245499134
0.012263606302440166
0.011938955634832382
0.011629335582256317
0.011337105184793472
