0.042639292776584625
0.048032596707344055
0.054281409829854965
0.05563460662961006
0.056131474673748016
0.05654190108180046
0.05716707184910774
0.05768817290663719
0.05798305571079254
0.05822032690048218
0.05845355615019798
0.05866353586316109
0.05885472148656845
0.05903603136539459
0.05925658345222473
0.05951988324522972
0.05981704965233803
0.060148343443870544
0.0605185367166996
0.060963224619627
0.061533715575933456
0.062322601675987244
0.06324820965528488
0.06427495926618576
0.0653989240527153
0.06657972931861877
0.06781329959630966
0.06909254193305969
0.07039953023195267
0.07172184437513351
0.07305698096752167
0.07441198080778122
0.00408790772780776
0.0041280039586126804
0.004115420859307051
0.004071412608027458
0.004016723483800888
0.0039628054946660995
0.06760802119970322
0.06962313503026962
0.07057667523622513
0.07316917181015015
0.0755513608455658
0.07782600820064545
0.08009736984968185
0.08244379609823227
0.08482224494218826
0.0872625857591629
0.08981665223836899
0.09244384616613388
0.09431421756744385
0.09604968130588531
0.09784252941608429
0.09958862513303757
0.1012607216835022
0.10352839529514313
0.10613203048706055
0.10858695209026337
0.11102329194545746
0.1134917214512825
0.11601259559392929
0.11880392581224442
0.12168955057859421
0.1211516335606575
0.11622563004493713
0.11181273311376572
0.10777024179697037
0.10394349694252014
0.10028350353240967
0.09680698812007904
0.09342550486326218
0.0899275541305542
0.08625581115484238
0.08234916627407074
0.07853113114833832
0.07544466108083725
0.0724547877907753
0.06949881464242935
0.06657793372869492
0.06392122805118561
0.06138826534152031
0.058855894953012466
0.05629060044884682
0.0537051260471344
0.05114161595702171
0.048767685890197754
0.046656638383865356
0.04509218782186508
0.0440559908747673
0.04362974315881729
0.04369144141674042
0.04546160623431206
0.0594930425286293
