0.48340287804603577
0.5202204585075378
0.7382059097290039
0.9923396706581116
1.0107049942016602
1.0164238214492798
1.0252914428710938
1.0354273319244385
1.0485700368881226
1.0601940155029297
1.0719256401062012
1.0857371091842651
1.0956257581710815
1.1054742336273193
1.114295482635498
1.1232538223266602
1.1343947649002075
1.1447685956954956
1.155199408531189
1.1675889492034912
1.1802021265029907
1.193150281906128
1.2093499898910522
1.2295563220977783
1.2547279596328735
1.28083074092865
1.3118109703063965
1.3448996543884277
1.3836305141448975
1.430181860923767
1.4846370220184326
1.5577400922775269
0.032558538019657135
0.03245986998081207
0.032425809651613235
0.032399360090494156
0.0325232669711113
0.03298024833202362
1.1023399829864502
1.3662291765213013
1.5706011056900024
1.787382960319519
2.005476474761963
1.9791609048843384
1.9454638957977295
1.9477537870407104
1.970738410949707
2.0070998668670654
2.0561721324920654
2.0726051330566406
6.265995025634766
10.985965728759766
15.086978912353516
18.92803192138672
23.06743049621582
28.204269409179688
33.5796012878418
38.967411041259766
44.18001174926758
49.20625686645508
54.09797286987305
59.221519470214844
64.47140502929688
69.46321105957031
74.2565689086914
78.78926086425781
83.07018280029297
87.0748519897461
90.87474060058594
94.30037689208984
97.3353500366211
100.05072784423828
102.78282928466797
105.18778991699219
107.3539047241211
109.38619232177734
111.25923156738281
112.9377212524414
114.3880615234375
115.65695190429688
116.68022918701172
117.48839569091797
118.11540222167969
118.57235717773438
118.89653015136719
119.13573455810547
119.30931091308594
119.38017272949219
119.42015838623047
119.61768341064453
119.74684143066406
119.83259582519531
