0.04165549576282501
0.0512191504240036
0.058811821043491364
0.06185200810432434
0.062247395515441895
0.062106214463710785
0.06210458278656006
0.062273938208818436
0.062493015080690384
0.06271864473819733
0.0629953071475029
0.06333264708518982
0.06370104849338531
0.06404133141040802
0.06429722905158997
0.0645356997847557
0.06480154395103455
0.06513506174087524
0.06553634256124496
0.06510541588068008
0.06449782848358154
0.06399521976709366
0.06353867053985596
0.06314020603895187
0.06279302388429642
0.06246030330657959
0.062119629234075546
0.061760637909173965
0.06137840449810028
0.0609736442565918
0.060542043298482895
0.0600811243057251
0.003494985867291689
0.0026589552871882915
0.0026034426409751177
0.0025848206132650375
0.0025761700235307217
0.0025841740425676107
0.05480009317398071
0.0688830092549324
0.06469138711690903
0.061316173523664474
0.05956394225358963
0.05834580957889557
0.05733642354607582
0.05643787235021591
0.05558062344789505
0.054530251771211624
0.05353453755378723
0.05253630131483078
0.05152013152837753
0.050478510558605194
0.049418654292821884
0.04836360365152359
0.04731256142258644
0.04621143639087677
0.04507536441087723
0.04389485344290733
0.042707573622465134
0.041550204157829285
0.040539100766181946
0.03954830765724182
0.03854846954345703
0.0375630185008049
0.03660066798329353
0.03564990684390068
0.034701649099588394
0.03376339375972748
0.03283232823014259
0.03191741555929184
0.031026408076286316
0.03015829063951969
0.02930358797311783
0.028468888252973557
0.027653664350509644
0.02685636281967163
0.026082409545779228
0.025348136201500893
0.024653730913996696
0.02399733103811741
0.023373037576675415
0.022774657234549522
0.02220093458890915
0.021645862609148026
0.02110866829752922
0.020590325817465782
0.020090674981474876
0.01960843801498413
0.01914382167160511
0.018697354942560196
0.018268100917339325
0.017854567617177963
