2084.996826171875
2063.716064453125
2027.400634765625
1991.144287109375
2098.31787109375
2082.553466796875
2076.19287109375
2078.701416015625
2085.05322265625
2114.981201171875
2120.5361328125
2137.181396484375
2143.839599609375
2147.423095703125
2161.539306640625
2181.83984375
2216.17431640625
2251.7734375
2274.75537109375
2288.80712890625
2305.83837890625
2326.3720703125
2348.093017578125
2386.048828125
2414.94189453125
2447.128662109375
2466.043212890625
2509.521728515625
2542.85791015625
2588.08544921875
2649.35302734375
2685.414306640625
99.96308135986328
92.97196960449219
92.89311218261719
92.60735321044922
92.6820068359375
92.95093536376953
1471.62060546875
1522.633544921875
1789.4840087890625
3227.3154296875
3788.28076171875
3782.551513671875
3706.32666015625
3686.20947265625
3620.2607421875
3354.039306640625
3250.5048828125
3235.717041015625
3242.5107421875
3247.34228515625
3253.93701171875
3276.992431640625
3313.30517578125
3364.9228515625
3426.513427734375
3494.002685546875
3560.65625
3622.668212890625
3682.086181640625
3742.677978515625
3805.590087890625
3869.8125
3927.587890625
3973.482666015625
4009.8291015625
4038.56591796875
4065.383544921875
4090.90771484375
4117.22119140625
4140.90185546875
4160.7880859375
4175.08984375
4183.12841796875
4185.00390625
4180.79638671875
4170.33642578125
4153.86083984375
4131.4462890625
4103.517578125
4070.84033203125
4033.608154296875
3992.38671875
3948.616943359375
3902.0107421875
3853.80517578125
3804.1611328125
3752.935546875
3700.051025390625
3645.769287109375
3590.683837890625
