1916.9007568359375
1806.7706298828125
1684.430908203125
1622.4400634765625
1488.8253173828125
1441.6214599609375
1419.9747314453125
1396.83349609375
1386.14892578125
1373.3128662109375
1356.913818359375
1345.4964599609375
1336.4818115234375
1331.159912109375
1332.297607421875
1349.317138671875
1383.9677734375
1431.6275634765625
1487.714599609375
1548.17236328125
1614.6715087890625
1682.3668212890625
1747.1075439453125
1809.6827392578125
1869.858642578125
1926.2635498046875
1977.8690185546875
2023.8250732421875
2045.8004150390625
2066.65087890625
2105.254638671875
2142.407470703125
2172.244140625
2195.331787109375
2248.308349609375
422.2739562988281
444.40643310546875
469.36065673828125
490.2999267578125
509.9819030761719
526.9443359375
2576.927734375
2595.881103515625
2608.224609375
2617.439208984375
2619.4482421875
2617.5244140625
2615.29541015625
2602.9169921875
2582.037109375
2553.729248046875
2518.47265625
2476.018798828125
2427.03173828125
2372.461669921875
2313.419921875
2250.98681640625
2186.310302734375
2120.500244140625
2053.864501953125
1987.824462890625
1922.090576171875
1857.219482421875
1793.708251953125
1731.7518310546875
1671.130615234375
1612.4708251953125
1555.5462646484375
1500.56298828125
1447.5731201171875
1396.8448486328125
1347.711181640625
1300.375244140625
1255.62060546875
1213.0225830078125
1172.490234375
1134.0406494140625
1097.3055419921875
1062.008544921875
1028.106201171875
995.5471801757812
964.3148803710938
934.3831787109375
905.6929931640625
878.248291015625
851.926025390625
826.6173095703125
802.2766723632812
778.8806762695312
756.3572387695312
734.68505859375
713.8359985351562
693.8462524414062
674.6435546875
656.1843872070312
638.4279174804688
