2044.822265625
1940.6204833984375
1390.3548583984375
1331.5701904296875
1267.1409912109375
1214.8006591796875
1171.71044921875
1132.022705078125
1112.4439697265625
1096.4813232421875
1075.0347900390625
1050.736328125
1025.892333984375
1009.5120239257812
997.2459716796875
982.298583984375
966.8456420898438
955.1015014648438
944.1814575195312
931.723876953125
917.655517578125
902.1224975585938
886.5977172851562
876.1047973632812
865.466552734375
854.7344360351562
845.08642578125
836.218017578125
828.4667358398438
822.7021484375
817.2491455078125
811.473876953125
118.45352172851562
118.918701171875
119.38570404052734
119.80459594726562
120.28404998779297
120.73197937011719
864.9098510742188
776.279541015625
791.7572631835938
817.7743530273438
820.1434326171875
812.4100952148438
803.682861328125
808.7970581054688
829.2020874023438
850.405029296875
865.523193359375
886.2130737304688
911.89306640625
940.5682373046875
971.9781494140625
1005.821533203125
1040.6688232421875
1074.1329345703125
1105.9329833984375
1136.0865478515625
1164.0054931640625
1189.2747802734375
1211.795654296875
1231.9501953125
1249.3070068359375
1263.9761962890625
1276.1480712890625
1286.0745849609375
1293.246826171875
1297.3353271484375
1298.25634765625
1296.177001953125
1291.6729736328125
1285.0335693359375
1276.9544677734375
1268.073486328125
1259.6488037109375
1250.8741455078125
1242.084716796875
1232.6624755859375
1222.255859375
1210.80078125
1198.344482421875
1184.8714599609375
1170.5113525390625
1155.262939453125
1139.2701416015625
1122.7113037109375
1105.722900390625
1088.516357421875
1071.269287109375
1053.9168701171875
1036.5052490234375
1019.1265869140625
