1499.9998779296875
1498.8890380859375
1500.0
1500.0
1500.0
1500.0
1500.0
1500.0
1500.0
1500.0
1500.0
1500.0
1500.0
1500.0
1500.0
1500.0
1493.105712890625
1474.1939697265625
1456.1307373046875
1437.2864990234375
1416.369384765625
1393.142333984375
1367.8714599609375
1340.6488037109375
1312.0089111328125
1282.6455078125
1252.888427734375
1222.9775390625
1193.1561279296875
1163.6070556640625
1134.30029296875
1105.0906982421875
100.0
100.0
99.99999237060547
100.0
100.0
100.0
1464.7186279296875
1337.4090576171875
1237.928955078125
1136.2034912109375
1070.9927978515625
1021.8448486328125
980.585205078125
942.7930908203125
907.232177734375
872.8009643554688
838.7042236328125
804.4312744140625
769.7490844726562
734.7489624023438
698.1975708007812
662.0222778320312
627.75537109375
596.1143798828125
566.7389526367188
538.9730224609375
510.880615234375
485.4271545410156
462.91961669921875
443.6572265625
423.8614196777344
402.3989562988281
381.1324768066406
360.673583984375
340.41796875
320.0016174316406
299.0565185546875
277.7278747558594
259.4992980957031
245.85301208496094
235.05706787109375
226.7695770263672
218.64312744140625
210.00294494628906
200.61065673828125
190.9528350830078
181.03663635253906
170.52340698242188
161.34413146972656
156.9296417236328
151.96144104003906
146.77163696289062
141.66995239257812
137.00379943847656
132.58944702148438
128.3287811279297
124.25161743164062
120.3603286743164
116.65625
113.06778717041016
109.54631805419922
