0.008401542901992798
0.00861555989831686
0.00827433355152607
0.007991226390004158
0.007809245027601719
0.007675241678953171
0.007581349927932024
0.007507507689297199
0.007443238981068134
0.007384449243545532
0.007330211810767651
0.007276998367160559
0.007224216591566801
0.007173552643507719
0.0071249729953706264
0.007078405003994703
0.007032465189695358
0.006989236921072006
0.0069481078535318375
0.006909589283168316
0.006874952465295792
0.006842620205134153
0.006811165250837803
0.006779457908123732
0.006746263243257999
0.006710707675665617
0.0066712540574371815
0.0066280965693295
0.006584118586033583
0.006538554094731808
0.006491456646472216
0.0064416551031172276
0.0008272513514384627
0.0008158985292539
0.0008299592882394791
0.0008427567663602531
0.0008534813532605767
0.0008628802024759352
0.006582492496818304
0.006488044746220112
0.006343931891024113
0.0062410482205450535
0.006156132556498051
0.0060799880884587765
0.00600462406873703
0.0059276120737195015
0.005839805118739605
0.00575416162610054
0.005667194724082947
0.00557977007701993
0.005490383133292198
0.005397222936153412
0.005300998687744141
0.005202517379075289
0.0051010120660066605
0.004997211042791605
0.0048919981345534325
0.004785839468240738
0.004679694306105375
0.004574542865157127
0.004470931366086006
0.004368565510958433
0.004266887437552214
0.0041658817790448666
0.004065771587193012
0.0039664641954004765
0.0038683065213263035
0.0037714361678808928
0.003676061285659671
0.003582773031666875
0.003491865936666727
0.003403628710657358
0.003318022470921278
0.003234956879168749
0.0031541467178612947
0.0030754494946449995
0.002998765790835023
0.0029240369331091642
0.0028512664139270782
0.002780607435852289
0.002712100511416793
0.0026456499472260475
0.0025813195388764143
0.00251911673694849
0.002458812203258276
0.0024004571605473757
0.002344256965443492
0.0022897273302078247
0.0022366696503013372
0.002185099758207798
0.0021349682938307524
0.0020861972589045763
