0.4822832942008972
0.5169203877449036
0.6756331324577332
0.9827072024345398
1.023605227470398
1.0283339023590088
1.0339503288269043
1.0422264337539673
1.0526611804962158
1.0657579898834229
1.080858826637268
1.098353385925293
1.1213186979293823
1.1391476392745972
1.156996488571167
1.1727850437164307
1.1895902156829834
1.2085233926773071
1.226944923400879
1.249040961265564
1.279297947883606
1.3174629211425781
1.3647425174713135
1.4260146617889404
1.501456379890442
1.5934985876083374
1.7045576572418213
1.8540165424346924
2.0023751258850098
1.9652596712112427
1.9237442016601562
1.902159571647644
0.037992268800735474
0.03463179990649223
0.03469070419669151
0.03538563475012779
0.036149006336927414
0.03647633269429207
1.6421929597854614
11.673426628112793
32.11748123168945
44.657875061035156
53.76311111450195
61.21367645263672
67.96949005126953
75.0211181640625
82.03498840332031
88.66172790527344
94.89009094238281
100.7259750366211
106.22776794433594
111.44898223876953
116.25128936767578
120.63937377929688
124.9579849243164
128.69496154785156
131.7456512451172
134.25872802734375
136.31259155273438
138.0142822265625
139.3607635498047
140.38951110839844
141.16065979003906
141.71612548828125
142.10989379882812
142.37258911132812
142.49972534179688
142.4766845703125
142.294921875
141.9847412109375
141.57553100585938
141.27035522460938
140.88697814941406
140.38369750976562
139.80697631835938
139.1916046142578
138.56007385253906
137.92869567871094
137.31640625
136.7317657470703
136.15719604492188
135.55661010742188
134.91098022460938
134.22352600097656
133.50025939941406
132.75152587890625
132.0054931640625
131.26083374023438
130.50726318359375
129.74049377441406
128.96144104003906
128.17593383789062
