1500.0
1328.683837890625
1121.510498046875
1046.1300048828125
1018.4683837890625
1003.7511596679688
992.26318359375
980.2896728515625
968.4728393554688
956.7540893554688
944.0889282226562
931.8712768554688
920.6311645507812
910.083251953125
899.9686889648438
890.0462036132812
880.2642822265625
870.5822143554688
861.0159301757812
851.37109375
841.1741333007812
830.1635131835938
817.8956909179688
804.106201171875
788.8146362304688
772.1658935546875
754.4292602539062
736.2479858398438
718.4531860351562
701.5103149414062
684.4281616210938
667.5350952148438
100.0
100.0
100.0
100.0
100.0
100.0
691.7904052734375
631.6673583984375
596.3524780273438
574.591064453125
557.7777099609375
542.765625
528.23193359375
513.65185546875
498.8572692871094
483.9999084472656
468.798583984375
453.65179443359375
438.91046142578125
424.67291259765625
410.62445068359375
396.55108642578125
382.35699462890625
368.19476318359375
354.24822998046875
340.58087158203125
327.13726806640625
313.9677429199219
301.15069580078125
288.7405700683594
276.7781982421875
265.2974853515625
254.38211059570312
244.00453186035156
234.04071044921875
224.47889709472656
215.3000030517578
206.47703552246094
198.01124572753906
189.606201171875
181.6548309326172
174.0678253173828
166.8433837890625
159.97630310058594
153.45272827148438
147.26084899902344
141.37648010253906
135.76612854003906
130.41036987304688
125.14588928222656
120.11260986328125
115.36566925048828
110.81570434570312
106.47342681884766
102.32838439941406
98.36333465576172
94.58403015136719
90.75759887695312
87.029052734375
83.68717193603516
