1336.865234375
1048.4111328125
837.1300048828125
704.920654296875
666.7517700195312
646.59130859375
628.8312377929688
612.0886840820312
596.3597412109375
581.4446411132812
566.5148315429688
551.2179565429688
534.67626953125
517.9891357421875
500.80181884765625
482.5069885253906
465.3246154785156
449.0899658203125
433.4839172363281
418.24322509765625
403.2555236816406
388.3603210449219
373.6960144042969
360.1874084472656
349.3426513671875
338.29766845703125
327.3439636230469
316.6780700683594
306.5990905761719
297.3070068359375
288.47113037109375
282.7184143066406
100.0
100.0
100.0
100.0
100.0
100.0
364.3683166503906
294.7143859863281
271.55859375
263.2789306640625
257.5538330078125
253.15463256835938
249.32955932617188
245.89381408691406
242.91981506347656
240.36114501953125
237.99114990234375
235.63522338867188
233.21829223632812
230.7153778076172
228.18617248535156
225.58665466308594
222.88307189941406
219.9268798828125
216.7394256591797
213.4163818359375
210.1779022216797
206.7939453125
203.47821044921875
200.2395477294922
196.97500610351562
193.65646362304688
190.2609100341797
186.84011840820312
183.4036102294922
180.01211547851562
176.7457733154297
173.5731658935547
170.39356994628906
167.15130615234375
163.82286071777344
160.4380645751953
157.007568359375
153.53311157226562
150.0520477294922
146.60499572753906
143.20262145996094
139.92869567871094
136.74411010742188
133.607666015625
130.51947021484375
127.48495483398438
124.4837875366211
121.53580474853516
118.6548843383789
115.87312316894531
113.20182800292969
110.6205825805664
108.12315368652344
105.70761108398438
