1499.9998779296875
1500.0
1500.0
1500.0
1500.0
1500.0
1500.0
1500.0
1500.0
1500.0
1500.0
1500.0
1500.0
1499.984375
1500.0
1500.0
1500.0
1500.0
1500.0
1500.0
1500.0
1500.0
1500.0
1500.0
1500.0
1500.0
1500.0
1500.0
1500.0
1500.0
1500.0
1500.0
99.99977111816406
100.0
100.0
100.0
100.0
100.0
1500.0
1500.0
1500.0
1500.0
1500.0
1500.0
1500.0
1500.0
1500.0
1500.0
1500.0
1500.0
1500.0
1500.0
1500.0
1500.0
1500.0
1500.0
1500.0
1500.0
1500.0
1500.0
1500.0
1500.0
1500.0
1500.0
1500.0
1500.0
1500.0
1500.0
1500.0
1500.0
1500.0
1500.0
1456.037353515625
1404.25732421875
1355.8760986328125
1309.61181640625
1265.12646484375
1222.25537109375
1180.8604736328125
1140.85205078125
1102.1624755859375
1064.7393798828125
1028.4578857421875
993.3270874023438
959.384521484375
926.5889892578125
894.8534545898438
864.154052734375
834.4502563476562
805.6508178710938
777.8880615234375
751.144775390625
