1500.0
1500.0
1500.0
1500.0
1500.0
1500.0
1500.0
1500.0
1500.0
1500.0
1500.0
1500.0
1499.9996337890625
1500.0
1500.0
1500.0
1500.0
1500.0
1500.0
1500.0
1500.0
1500.0
1500.0
1500.0
1500.0
1500.0
1500.0
1500.0
1500.0
1500.0
1500.0
1500.0
100.0
100.0
100.0
100.0
100.0
100.0
1500.0
1500.0
1500.0
1500.0
1500.0
1500.0
1500.0
1500.0
1500.0
1500.0
1500.0
1500.0
1500.0
1500.0
1500.0
1500.0
1500.0
1500.0
1500.0
1500.0
1500.0
1500.0
1500.0
1500.0
1500.0
1484.692626953125
1434.3529052734375
1389.2398681640625
1346.267578125
1304.469482421875
1263.6199951171875
1223.6500244140625
1184.7166748046875
1147.2540283203125
1111.4970703125
1077.2760009765625
1044.2806396484375
1012.4905395507812
981.8657836914062
952.2283325195312
922.67138671875
891.8644409179688
863.447998046875
835.6176147460938
808.677734375
783.120849609375
759.0152587890625
736.2714233398438
714.8081665039062
694.370849609375
675.142333984375
657.1088256835938
640.1787719726562
624.2678833007812
