1500.0
1500.0
1500.0
1499.9998779296875
1500.0
1500.0
1500.0
1499.998046875
1500.0
1500.0
1500.0
1500.0
1500.0
1500.0
1500.0
1500.0
1500.0
1500.0
1500.0
1500.0
1500.0
1500.0
1500.0
1500.0
1500.0
1500.0
1500.0
1500.0
1500.0
1500.0
1500.0
1500.0
100.0
99.9999771118164
100.0
100.0
100.0
100.0
1500.0
1499.99951171875
1500.0
1500.0
1500.0
1500.0
1500.0
1500.0
1500.0
1500.0
1500.0
1500.0
1500.0
1500.0
1500.0
1454.70751953125
1389.4754638671875
1326.4232177734375
1265.784423828125
1207.3355712890625
1150.6170654296875
1095.321533203125
1041.461669921875
988.853271484375
938.43017578125
891.3230590820312
847.3056640625
806.4618530273438
768.2861938476562
732.15283203125
699.1303100585938
669.6660766601562
642.4175415039062
616.0759887695312
590.8277587890625
567.1973266601562
544.8021240234375
523.480224609375
503.1711120605469
483.89404296875
465.6437072753906
448.11566162109375
432.1789245605469
416.32489013671875
399.8699645996094
383.90728759765625
369.5271911621094
355.9408264160156
343.7261657714844
332.2292785644531
320.6968078613281
308.81011962890625
297.163818359375
286.14727783203125
