1500.0
1127.015625
1015.9410400390625
928.3782348632812
875.2451171875
840.2681884765625
813.8451538085938
792.0723876953125
770.2140502929688
749.2130126953125
728.7593994140625
709.8670654296875
691.9572143554688
674.5416259765625
657.6022338867188
640.874267578125
624.9397583007812
609.4596557617188
593.4043579101562
577.282470703125
561.8610229492188
547.4895629882812
535.4617919921875
522.9481811523438
509.2172546386719
495.6114196777344
479.76171875
460.5726623535156
438.1452331542969
414.3630065917969
390.29296875
366.6844787597656
100.0
100.0
100.0
100.0
100.0
100.0
386.1221923828125
372.34552001953125
350.4896240234375
326.0914611816406
314.1369323730469
304.0873718261719
294.2558288574219
290.0892333984375
284.6780700683594
274.9068298339844
265.30078125
255.7781982421875
246.4202423095703
237.26023864746094
228.34585571289062
219.66888427734375
211.19956970214844
207.09255981445312
202.98956298828125
194.95579528808594
187.28475952148438
180.03152465820312
173.24923706054688
166.92408752441406
161.20838928222656
155.86892700195312
150.84779357910156
146.0753936767578
141.52603149414062
137.16737365722656
133.03916931152344
129.09988403320312
125.32357788085938
121.69818115234375
118.21487426757812
114.87632751464844
111.68943786621094
108.642578125
105.72859954833984
102.9463119506836
100.29735565185547
97.77857208251953
95.37088775634766
93.08088684082031
90.9207763671875
88.8510513305664
86.87472534179688
84.98509216308594
83.1777572631836
81.45048522949219
79.79353332519531
78.20223999023438
76.67752838134766
75.21981811523438
73.82791900634766
72.50161743164062
71.24073791503906
