1499.99951171875
1500.0
1500.0
1500.0
1500.0
1500.0
1500.0
1500.0
1500.0
1500.0
1500.0
1500.0
1499.9747314453125
1499.993896484375
1500.0
1500.0
1500.0
1500.0
1500.0
1500.0
1500.0
1500.0
1500.0
1500.0
1500.0
1500.0
1500.0
1500.0
1500.0
1500.0
1500.0
1500.0
100.0
100.0
100.0
100.0
100.0
100.0
1500.0
1500.0
1500.0
1500.0
1500.0
1500.0
1500.0
1500.0
1500.0
1500.0
1500.0
1500.0
1500.0
1500.0
1500.0
1494.6376953125
1426.86572265625
1364.6390380859375
1305.2384033203125
1247.968505859375
1192.62890625
1139.122314453125
1087.5037841796875
1037.8048095703125
990.0768432617188
944.0234985351562
899.990234375
858.0820922851562
818.115234375
780.0069580078125
743.7603759765625
709.3922119140625
676.8369140625
646.0054931640625
616.8220825195312
589.1328735351562
562.7723388671875
537.9544067382812
514.3677368164062
491.1932067871094
470.2005310058594
450.30133056640625
431.5969543457031
413.87158203125
397.0909118652344
381.1350402832031
366.1333923339844
351.94293212890625
338.5036926269531
325.7768249511719
313.707763671875
302.2557678222656
291.38043212890625
281.04571533203125
271.21337890625
