1500.0
1500.0
1500.0
1500.0
1500.0
1500.0
1500.0
1500.0
1500.0
1500.0
1500.0
1500.0
1500.0
1500.0
1500.0
1500.0
1500.0
1500.0
1500.0
1500.0
1500.0
1500.0
1500.0
1500.0
1500.0
1500.0
1500.0
1500.0
1500.0
1500.0
1500.0
1500.0
100.0
100.0
100.0
100.0
100.0
100.0
1500.0
1500.0
1500.0
1500.0
1500.0
1500.0
1500.0
1500.0
1500.0
1500.0
1500.0
1500.0
1500.0
1500.0
1500.0
1500.0
1500.0
1500.0
1500.0
1500.0
1500.0
1500.0
1500.0
1500.0
1500.0
1500.0
1500.0
1500.0
1500.0
1462.59765625
1407.273193359375
1352.9906005859375
1298.2772216796875
1244.407958984375
1198.435302734375
1161.753662109375
1125.0284423828125
1085.506103515625
1048.3013916015625
1011.4761962890625
975.037353515625
945.7073364257812
918.771728515625
891.8001098632812
864.4788818359375
836.9401245117188
809.1222534179688
781.1671752929688
755.9927978515625
736.50927734375
718.5986328125
702.0283813476562
686.41650390625
671.1359252929688
655.6156005859375
