1499.9969482421875
1252.85107421875
1112.28759765625
1048.417236328125
1021.1309204101562
1006.0693969726562
995.1578369140625
986.13720703125
976.6663208007812
965.2008056640625
954.2797241210938
944.5128784179688
935.4154052734375
926.5562133789062
917.5787963867188
908.60107421875
899.485107421875
890.26806640625
880.882568359375
871.3961791992188
861.7614135742188
851.8976440429688
841.6409301757812
830.8758544921875
819.1531982421875
806.013427734375
791.2133178710938
774.7830200195312
756.9253540039062
738.3167724609375
719.9479370117188
702.0725708007812
100.0
100.0
100.0
100.0
100.0
100.0
704.1939697265625
655.42724609375
625.6036987304688
607.8569946289062
593.9364624023438
580.6770629882812
567.0111694335938
552.7425537109375
537.8820190429688
522.5791015625
506.7546691894531
490.8187255859375
475.97412109375
461.6695251464844
447.7308349609375
434.18438720703125
420.857421875
407.5257873535156
394.19622802734375
381.0890808105469
368.2679748535156
355.7130432128906
343.3918762207031
331.2856750488281
319.39764404296875
307.7276306152344
296.2989807128906
285.141845703125
274.2995910644531
263.8200378417969
253.72109985351562
244.06219482421875
234.8951873779297
226.11483764648438
217.65414428710938
209.19662475585938
201.15467834472656
193.4060516357422
185.9415283203125
178.7628936767578
171.85182189941406
165.20791625976562
161.97915649414062
158.8124237060547
152.6938934326172
146.55308532714844
140.82110595703125
135.37359619140625
130.18927001953125
125.23153686523438
120.5013427734375
115.97472381591797
111.62129974365234
107.1950454711914
102.9874038696289
