1459.1826171875
1220.62060546875
1119.3095703125
1069.61376953125
1019.7727661132812
998.3264770507812
985.3722534179688
974.162109375
960.4378662109375
947.3817138671875
935.5849609375
924.3239135742188
912.6947021484375
900.8502197265625
888.79541015625
876.4521484375
864.1513061523438
851.6228637695312
838.5228881835938
824.8818359375
810.8054809570312
795.9359741210938
779.8333129882812
762.2756958007812
743.341552734375
723.772216796875
704.6432495117188
685.7085571289062
666.945556640625
648.5454711914062
630.0014038085938
611.3457641601562
592.6299438476562
100.0
100.0
100.0
100.0
100.0
100.0
568.4176635742188
547.9086303710938
530.498046875
510.50201416015625
494.0694274902344
478.0634765625
461.8844299316406
446.00274658203125
431.01556396484375
416.11810302734375
400.9696960449219
386.0433044433594
371.3997497558594
357.0108337402344
342.877197265625
328.9895935058594
315.3507385253906
301.97528076171875
288.9481201171875
276.3529052734375
264.24737548828125
252.6780548095703
247.1023406982422
241.63848876953125
231.08090209960938
220.9651336669922
211.2438201904297
201.91531372070312
192.99998474121094
184.46377563476562
176.30908203125
168.55282592773438
161.10324096679688
153.8994140625
147.19091796875
140.7120819091797
134.60617065429688
128.87269592285156
123.45061492919922
118.3361587524414
113.5074234008789
108.95276641845703
104.64979553222656
100.56010437011719
96.68376922607422
93.01197814941406
89.52645111083984
86.05770111083984
82.77013397216797
79.79432678222656
76.96926879882812
74.2861099243164
71.6917724609375
69.20889282226562
66.87354278564453
64.66388702392578
