1499.998291015625
1500.0
1499.9998779296875
1500.0
1500.0
1500.0
1500.0
1500.0
1500.0
1500.0
1500.0
1500.0
1500.0
1500.0
1500.0
1500.0
1500.0
1500.0
1500.0
1500.0
1500.0
1499.9998779296875
1500.0
1500.0
1500.0
1500.0
1500.0
1500.0
1500.0
1500.0
1500.0
1500.0
100.0
100.0
100.0
100.0
100.0
100.0
1500.0
1500.0
1499.9998779296875
1500.0
1500.0
1500.0
1500.0
1460.0826416015625
1386.544677734375
1315.234375
1246.189208984375
1179.3145751953125
1114.7547607421875
1052.6270751953125
993.5567016601562
937.8109741210938
885.2323608398438
835.5464477539062
788.610595703125
743.9374389648438
701.9812622070312
662.5582275390625
626.9057006835938
593.9647216796875
563.4044799804688
535.0137329101562
508.6487731933594
484.1399841308594
461.33184814453125
440.0755310058594
420.2936706542969
401.9164733886719
384.850830078125
368.9040222167969
353.98907470703125
340.1572265625
327.3001403808594
315.3341369628906
304.1829833984375
293.8031005859375
284.12310791015625
275.09820556640625
266.68109130859375
258.8221435546875
251.4750518798828
244.61851501464844
238.1779022216797
232.1149444580078
226.40760803222656
220.98709106445312
215.7666015625
210.7607879638672
205.97923278808594
201.44308471679688
197.14405822753906
