1500.0
1500.0
1500.0
1500.0
1500.0
1500.0086669921875
1500.0
1500.0
1499.9998779296875
1499.9998779296875
1499.9468994140625
1500.0
1499.9998779296875
1499.9998779296875
1499.9915771484375
1499.99658203125
1499.9998779296875
1499.999755859375
1499.9993896484375
1499.9986572265625
1500.0
1499.99853515625
1499.9979248046875
1499.9967041015625
1499.988525390625
1499.9976806640625
1500.0
1499.997802734375
1499.9993896484375
1500.0
1500.0
1500.0
1500.0
99.89151000976562
100.0
100.0
100.0
100.0
100.0
1500.0
1499.9998779296875
1499.9854736328125
1500.0
1500.0
1499.9998779296875
1500.0
1500.0
1500.0
1464.2923583984375
1424.58203125
1389.878173828125
1356.100830078125
1321.8817138671875
1287.4833984375
1253.065185546875
1219.2303466796875
1186.00048828125
1153.385498046875
1121.5604248046875
1090.845947265625
1060.831298828125
1044.3370361328125
1031.93603515625
1002.2279052734375
972.832275390625
943.6570434570312
915.1514892578125
887.9205322265625
861.8870239257812
837.13232421875
813.4503173828125
790.8346557617188
768.97900390625
747.8125
727.1717529296875
707.1551513671875
687.8313598632812
669.2861938476562
651.4613037109375
634.3602905273438
617.9610595703125
602.1971435546875
587.1227416992188
572.561767578125
558.6234741210938
545.4242553710938
532.789794921875
520.6116943359375
508.8695983886719
497.6219177246094
486.8341064453125
476.4698181152344
466.4555969238281
456.82763671875
447.5704345703125
