1499.999755859375
1500.0
1500.0003662109375
1500.0
1500.0
1500.0
1500.0
1500.0
1500.0
1500.0
1500.0
1500.0
1500.0
1500.0
1500.0
1500.0
1500.0
1500.0
1500.0
1500.0
1500.0
1500.0
1500.0
1500.0
1500.0
1500.0
1500.0
1500.0
1500.0
1500.0
1500.0
1500.0
100.0
100.0
100.0
100.0
100.0
100.0
1500.0
1500.0
1439.216796875
1395.153076171875
1356.8292236328125
1288.1444091796875
1225.73095703125
1167.3616943359375
1111.6085205078125
1057.67724609375
1005.4822387695312
955.1463623046875
907.3768920898438
862.1181640625
818.856689453125
777.4221801757812
737.6480712890625
699.4859619140625
662.8822631835938
627.8680419921875
610.8993530273438
594.2670288085938
562.36328125
532.0548706054688
503.1627197265625
475.7530517578125
449.8577575683594
425.4402770996094
402.3653869628906
380.4818420410156
360.0408935546875
340.8258972167969
322.6524353027344
305.659423828125
289.5810852050781
274.3522644042969
260.1695556640625
246.8990936279297
233.87515258789062
221.8297119140625
210.8368682861328
200.40875244140625
190.57154846191406
181.3501739501953
172.6999053955078
164.58323669433594
156.98028564453125
149.8630828857422
143.1466064453125
136.73532104492188
130.71548461914062
125.07288360595703
119.75865936279297
114.7454833984375
110.01758575439453
105.54859924316406
101.31874084472656
