1499.99560546875
1500.0
1500.0
1500.0
1500.0
1500.0010986328125
1500.0
1500.0
1500.0
1500.0
1500.0
1500.0
1500.0
1500.0
1500.0
1500.0
1500.0
1500.0
1499.9998779296875
1500.0
1500.0
1499.9998779296875
1500.0
1500.0
1500.0
1500.0
1500.0
1500.0
1500.0
1500.0
1500.0
1500.0
100.00201416015625
100.0
100.0
100.0
100.0
100.0
1500.0
1500.0
1500.0
1500.0
1500.0
1500.0
1500.0
1500.0
1500.0
1500.0
1500.0
1500.0
1500.0
1500.0
1500.0
1500.0
1500.0
1500.0
1500.0
1500.0
1500.0
1500.0
1500.0
1500.0
1500.0
1500.0001220703125
1500.0
1500.0
1500.0
1500.0
1500.0
1500.0
1499.9998779296875
1500.0
1500.0
1499.9998779296875
1500.0
1500.0
1464.1402587890625
1414.0064697265625
1370.5301513671875
1329.65234375
1290.8028564453125
1253.874267578125
1218.8353271484375
1185.708984375
1154.5218505859375
1125.20947265625
1097.6815185546875
1071.8203125
1047.7825927734375
1025.1561279296875
1003.1959838867188
982.712158203125
