1499.9998779296875
1500.0
1500.0015869140625
1500.0
1500.0
1500.0
1500.0
1500.0
1500.0
1500.0
1500.0
1500.0
1500.0
1500.0
1500.0
1500.0
1500.0
1500.0
1500.0
1500.0
1500.0
1500.0
1500.0
1500.0
1500.0
1500.0
1500.0
1500.0
1500.0
1500.0
1500.0
1500.0
100.0
100.0
100.0
100.0
100.0
100.0
1500.0
1500.0
1500.0
1500.0
1500.0
1500.0
1500.0
1500.0
1500.0
1500.0
1500.0
1427.422119140625
1357.4178466796875
1289.0224609375
1222.8909912109375
1160.5067138671875
1101.931396484375
1046.48583984375
994.5927734375
946.5940551757812
902.0826416015625
860.9275512695312
822.9500122070312
788.0755004882812
756.1513671875
726.3515014648438
698.880615234375
673.7019653320312
650.782958984375
629.9110107421875
610.7782592773438
592.9281616210938
576.1671752929688
560.156982421875
544.9202880859375
530.5655517578125
517.1494140625
503.7450866699219
489.9679260253906
476.02056884765625
462.0213928222656
447.9643249511719
434.59912109375
422.7276611328125
411.8478698730469
401.5953063964844
391.77020263671875
382.471435546875
373.35302734375
364.6707763671875
356.268310546875
348.1280822753906
340.203125
331.8646240234375
323.563720703125
315.3313293457031
