1499.999755859375
1500.0
1500.0
1500.0
1500.0
1500.0
1500.0
1500.0
1500.0
1500.0
1500.0
1500.0
1500.0
1500.0
1500.0
1500.0
1500.0
1500.0
1500.0
1500.0
1500.0
1500.0
1500.0
1500.0
1500.0
1500.0
1500.0
1500.0
1500.0
1500.0
1500.0
1500.0
100.0
99.94906616210938
100.0
100.0
100.0
100.0
1500.0
1499.9998779296875
1499.7828369140625
1500.0
1500.0
1500.0
1500.0
1500.0
1500.0001220703125
1500.0003662109375
1500.0
1500.0
1500.0
1500.0
1500.0
1500.0
1458.654541015625
1384.9388427734375
1317.960693359375
1255.340087890625
1196.4193115234375
1140.68505859375
1087.88427734375
1037.90673828125
990.3806762695312
945.1328735351562
902.2859497070312
861.2754516601562
822.9320678710938
786.5331420898438
751.962646484375
719.161376953125
688.1199340820312
658.70263671875
630.7748413085938
604.28369140625
579.1748657226562
555.3975219726562
532.8995971679688
511.608642578125
491.43719482421875
472.3323974609375
454.2236633300781
437.04888916015625
420.74786376953125
405.1806640625
390.3957824707031
376.3419189453125
362.7542724609375
349.6983642578125
337.4057312011719
326.0988464355469
315.1960754394531
304.7086486816406
294.63385009765625
