1499.99853515625
1500.0
1500.0
1500.0
1500.00048828125
1500.000732421875
1500.0
1500.0
1500.0
1500.0
1500.0
1500.0
1500.0
1500.0
1500.0
1500.0
1500.0
1500.0
1500.0
1500.0
1500.0
1500.0
1500.0
1500.0
1500.0
1500.0
1500.0
1500.0
1500.0
1500.0
1500.0
1500.0
100.0
99.81366729736328
100.0
100.0
100.0
100.0
1500.0
1499.9996337890625
1500.0025634765625
1500.0
1500.0
1500.0
1500.0
1500.0
1499.9998779296875
1499.83447265625
1500.0
1500.0
1500.0
1500.0
1500.0
1500.0
1500.0
1500.0
1500.0
1499.99951171875
1500.0
1500.0
1500.0
1500.0
1500.0
1500.0
1500.0
1500.0
1499.9998779296875
1500.0
1499.9998779296875
1500.0
1500.0
1499.999755859375
1458.0474853515625
1421.4100341796875
1387.3861083984375
1355.0098876953125
1324.085205078125
1294.5281982421875
1267.1483154296875
1241.9862060546875
1218.7159423828125
1196.66748046875
1175.2896728515625
1154.057373046875
1132.6812744140625
1111.022216796875
1089.032958984375
1066.964599609375
1045.1014404296875
1023.5712890625
1002.4526977539062
981.826171875
962.7114868164062
