1111.7652587890625
879.8428344726562
733.72412109375
673.54296875
637.5896606445312
611.02197265625
589.0191650390625
567.7804565429688
548.9886474609375
531.0744018554688
513.2651977539062
495.09967041015625
477.18609619140625
458.8247985839844
440.36553955078125
424.93072509765625
410.0874328613281
395.3373718261719
380.4789733886719
365.1869812011719
351.2223205566406
340.3951721191406
329.3919677734375
318.10498046875
306.5054016113281
294.6454162597656
283.23004150390625
272.46649169921875
264.84478759765625
259.26629638671875
253.28857421875
247.24359130859375
100.0
100.0
100.0
100.0
100.0
100.0
250.3033447265625
241.5545196533203
230.74171447753906
223.72909545898438
217.13710021972656
211.50537109375
206.12176513671875
203.18785095214844
201.02255249023438
195.9808807373047
191.09121704101562
186.3780975341797
181.67233276367188
176.8924560546875
171.9853973388672
166.9604034423828
161.88626098632812
156.8592987060547
151.84092712402344
146.87628173828125
144.50990295410156
142.07147216796875
137.2230987548828
132.71533203125
128.2957000732422
124.04751586914062
119.95390319824219
116.05644989013672
112.3944320678711
108.9168930053711
105.60975646972656
102.46256256103516
99.4605484008789
96.62007141113281
93.9335708618164
91.37103271484375
88.92877197265625
86.60739135742188
84.39936828613281
82.31938934326172
80.32551574707031
78.4096908569336
76.56719970703125
74.79930114746094
73.10198211669922
71.47313690185547
69.91022491455078
68.40971374511719
66.97953796386719
65.60945129394531
64.2924575805664
63.02450180053711
61.80434799194336
60.63077926635742
59.50318145751953
58.4182243347168
57.37343978881836
