1499.9998779296875
1499.394287109375
1500.0
1500.0
1500.0
1500.0
1500.0
1500.0
1500.0
1500.0
1500.0
1500.0
1500.0
1500.0
1500.0
1500.0
1500.0
1500.0
1500.0
1500.0
1497.588623046875
1481.840087890625
1469.135498046875
1457.1248779296875
1444.89111328125
1431.8348388671875
1417.6556396484375
1402.12646484375
1384.9859619140625
1366.2281494140625
1346.071533203125
1324.851806640625
100.00003051757812
100.0
100.0
100.0
100.0
100.0
1500.0
1500.0
1500.0
1397.40966796875
1325.8914794921875
1275.9498291015625
1235.1502685546875
1199.5467529296875
1167.4102783203125
1137.654052734375
1109.5760498046875
1082.7061767578125
1056.7813720703125
1031.357421875
1005.8600463867188
981.541259765625
957.6153564453125
933.4052124023438
908.986572265625
884.6129150390625
860.32861328125
836.3468627929688
812.3258666992188
788.0018920898438
763.4090576171875
738.3427734375
712.5714111328125
687.6502685546875
664.0660400390625
641.0921020507812
618.4630126953125
597.6746215820312
577.4893188476562
558.1223754882812
539.7579956054688
522.392578125
505.9053039550781
489.98065185546875
474.4991760253906
459.8418884277344
445.9152526855469
432.69427490234375
420.1929016113281
408.35723876953125
397.0189514160156
386.1725158691406
375.8534851074219
366.3529968261719
357.516845703125
349.38092041015625
341.85552978515625
334.80340576171875
328.07659912109375
321.5820007324219
