1425.51806640625
1228.6748046875
1093.0853271484375
1019.3775024414062
995.6527709960938
984.6161499023438
973.333251953125
962.0098876953125
949.0849609375
936.4724731445312
923.7330322265625
911.0938110351562
897.9288330078125
884.9522705078125
871.5728759765625
857.7461547851562
842.988037109375
826.7390747070312
808.545654296875
788.3934326171875
766.6077880859375
743.7635498046875
720.7156372070312
699.1702270507812
677.5958862304688
656.1725463867188
634.9071044921875
613.4553833007812
591.8381958007812
569.9771118164062
547.9561157226562
525.8273315429688
100.0
100.0
100.0
100.0
100.0
100.0
100.0
484.0385437011719
465.9793701171875
450.11944580078125
439.09161376953125
430.4172058105469
415.1488952636719
399.9997253417969
384.515625
376.7445373535156
368.822998046875
352.5873107910156
336.31463623046875
320.0431213378906
304.0148620605469
288.40618896484375
273.3533935546875
258.9869384765625
254.4143829345703
245.3843536376953
232.5231170654297
220.25473022460938
208.5915069580078
197.24441528320312
186.51467895507812
176.4243927001953
166.9525604248047
158.09034729003906
149.67770385742188
141.70135498046875
134.3506317138672
127.47062683105469
120.9900894165039
114.88362121582031
109.07877349853516
103.59159088134766
98.39328002929688
93.45999908447266
88.56581115722656
84.16053009033203
80.0313491821289
76.1635513305664
72.53502655029297
69.13208770751953
65.89407348632812
62.844261169433594
60.02092742919922
57.38200378417969
54.90467834472656
52.574867248535156
50.378841400146484
48.30690383911133
46.35429382324219
44.51321029663086
42.775604248046875
41.131675720214844
39.57435989379883
38.10158920288086
36.70925521850586
