1499.999755859375
1500.0
1500.0003662109375
1500.0
1500.0
1500.0
1500.0
1500.0
1500.0
1500.0
1500.0
1500.0
1500.0
1500.0
1500.0
1500.0
1500.0
1500.0
1500.0
1500.0
1500.0
1500.0
1500.0
1500.0
1500.0
1500.0
1500.0
1500.0
1500.0
1500.0
1500.0
1500.0
100.0
100.0
100.0
100.0
100.0
100.0
1500.0
1480.39404296875
1414.508056640625
1372.3656005859375
1334.8758544921875
1266.777587890625
1204.39306640625
1145.7698974609375
1089.8017578125
1035.876708984375
983.89306640625
933.98291015625
887.0879516601562
842.644287109375
800.046630859375
759.1892700195312
719.941650390625
682.255126953125
646.1266479492188
611.571044921875
578.5172119140625
547.1028442382812
517.1605834960938
488.6758728027344
461.7155456542969
436.28076171875
412.2347717285156
389.41400146484375
368.1663513183594
348.1785583496094
329.3586120605469
311.7240295410156
295.009033203125
279.2257080078125
264.5436096191406
250.808349609375
237.257568359375
224.9108123779297
213.5363006591797
202.75912475585938
192.6051483154297
183.08200073242188
174.1624298095703
165.81553649902344
158.0126495361328
150.6909637451172
143.8203125
137.278076171875
131.13270568847656
125.35354614257812
119.916259765625
114.79545593261719
109.96955108642578
105.41246795654297
101.10307312011719
97.02497863769531
