1499.9993896484375
1500.0
1500.0
1500.0
1500.0
1500.0
1500.0
1500.0
1500.0
1500.0
1500.0
1500.0
1500.0
1500.0
1500.0
1500.0
1500.0
1500.0
1500.0
1500.0
1500.0
1500.0
1500.0
1500.0
1500.0
1500.0
1500.0
1499.99951171875
1500.0
1500.0
1500.0
1500.0
100.0
99.99246978759766
100.0
100.0
100.0
100.0
1500.0
1500.0
1499.9998779296875
1500.0
1500.0
1500.0
1500.0
1500.0003662109375
1500.0
1500.0
1500.0
1500.0
1500.0
1500.0
1500.0
1500.0
1499.9998779296875
1500.0
1500.0
1500.0
1500.0
1500.0
1500.0
1499.9998779296875
1474.7161865234375
1410.756591796875
1361.3389892578125
1318.5048828125
1279.70947265625
1241.998779296875
1205.2115478515625
1169.2625732421875
1134.613037109375
1101.5140380859375
1084.3505859375
1069.9774169921875
1041.16650390625
1012.8871459960938
984.9173583984375
957.4942626953125
930.9507446289062
906.2144165039062
884.7243041992188
865.6278686523438
847.4603881835938
829.1326293945312
809.9749755859375
790.1838989257812
770.1873168945312
750.2435302734375
730.7626953125
711.7817993164062
692.6972045898438
673.1823120117188
653.3375244140625
634.336669921875
