1499.9970703125
1499.9998779296875
1500.0
1500.0
1500.0
1500.0010986328125
1500.0
1500.0
1500.0
1500.0
1500.0
1500.0
1500.0
1500.0
1500.0
1499.990234375
1500.0
1500.0
1499.9998779296875
1500.0
1500.0
1500.0
1500.0
1500.0
1500.0
1500.0
1500.0
1500.0
1500.0
1500.0
1500.0
1500.0
100.0
100.0
100.0
100.0
100.0
100.0
1500.0
1500.0
1500.0
1500.0
1500.0
1500.0
1500.0
1500.0
1500.0
1500.0
1500.0
1500.0
1500.0
1500.0
1500.0
1500.0
1500.0
1500.0
1500.0
1500.0
1500.0
1500.0
1500.0
1500.0
1500.0
1500.0
1500.0
1500.0
1500.0
1500.0
1499.9998779296875
1500.0
1500.0
1500.0
1500.0
1500.0
1499.9993896484375
1500.0
1500.0
1499.999755859375
1500.0
1500.0
1500.0
1488.7103271484375
1441.041259765625
1399.8056640625
1361.597900390625
1324.3035888671875
1287.793701171875
1250.676025390625
1213.401611328125
1177.0567626953125
1141.9122314453125
1109.2088623046875
1078.41796875
