1499.9998779296875
1500.0
1500.0
1500.0
1500.0
1499.99951171875
1500.0
1500.0
1500.0
1500.0
1500.0
1500.0
1500.0
1500.0
1500.0
1500.0
1500.0
1500.0
1500.0
1500.0
1500.0
1500.0
1500.0
1500.0
1500.0
1500.0
1500.0
1500.0
1500.0
1500.0
1500.0
1500.0
100.0
100.0
100.0
100.0
100.0
100.0
1500.0
1500.0
1500.0
1500.0
1500.0
1500.0
1500.0
1500.0
1500.0
1455.0223388671875
1407.8338623046875
1360.4466552734375
1312.3369140625
1263.7969970703125
1214.90087890625
1165.8316650390625
1116.8260498046875
1068.3460693359375
1020.8667602539062
974.7769165039062
930.5906372070312
888.694091796875
848.96484375
811.0858764648438
774.9463500976562
740.3823852539062
707.3197021484375
675.65234375
645.3220825195312
616.2909545898438
588.5167236328125
561.8756713867188
536.43603515625
512.11962890625
488.8693542480469
466.6926574707031
445.5964660644531
425.4903564453125
406.2493896484375
387.9577941894531
370.8229064941406
354.39825439453125
338.720458984375
323.9189147949219
309.56805419921875
296.16217041015625
283.38104248046875
271.28765869140625
259.00384521484375
247.8867950439453
237.51162719726562
227.5790252685547
218.0889892578125
209.03553771972656
