0.03792738914489746
0.04052360728383064
0.04487137869000435
0.04961278289556503
0.0520988330245018
0.05256103351712227
0.052760008722543716
0.05294011905789375
0.05320455878973007
0.05339956656098366
0.05359037220478058
0.05380508676171303
0.054027240723371506
0.0542411282658577
0.05450708046555519
0.054761432111263275
0.055003903806209564
0.05524246394634247
0.055476099252700806
0.05569984018802643
0.05593760684132576
0.056192148476839066
0.05651441588997841
0.056910645216703415
0.057343740016222
0.057794079184532166
0.05826864391565323
0.0587814562022686
0.05937189981341362
0.060052819550037384
0.060814112424850464
0.0616350993514061
0.0036562522873282433
0.0034436469431966543
0.003351425752043724
0.003300788113847375
0.003270702436566353
0.0032500282395631075
0.05684816837310791
0.05967806279659271
0.06126398593187332
0.06250879913568497
0.06372466683387756
0.06495785713195801
0.06623843312263489
0.06755861639976501
0.06890669465065002
0.07027417421340942
0.07166111469268799
0.07306522130966187
0.07450959086418152
0.07599055767059326
0.07753190398216248
0.0791817232966423
0.0809292271733284
0.08244653046131134
0.08394422382116318
0.08552300930023193
0.08718860149383545
0.08892103284597397
0.09044358134269714
0.09174755215644836
0.09296287596225739
0.09408076852560043
0.09512396901845932
0.0961279422044754
0.09713942557573318
0.09842512011528015
0.09963057935237885
0.1011650562286377
0.10270670056343079
0.1039782464504242
0.10516645759344101
0.10631584376096725
0.10719424486160278
0.10798145830631256
0.1090930849313736
0.11049731820821762
0.10968659818172455
0.10576146095991135
0.10239456593990326
0.0992806926369667
0.09617581963539124
0.09305620938539505
0.08995716273784637
0.08690045028924942
0.08433228731155396
0.08289243280887604
0.08219076693058014
0.08206859976053238
0.08246912807226181
0.08935912698507309
