2055.07861328125
2014.6781005859375
2056.828369140625
2077.493896484375
2052.039794921875
2036.478515625
2029.8070068359375
2027.722900390625
2036.7801513671875
2034.447021484375
2038.49853515625
2034.2958984375
2030.3314208984375
2036.280029296875
2035.9669189453125
2050.155517578125
2069.193603515625
2084.9697265625
2093.48095703125
2103.677978515625
2110.70703125
2113.4306640625
2119.8193359375
2129.941650390625
2141.302734375
2154.4658203125
2171.899658203125
2196.670654296875
2225.287353515625
2256.32666015625
2289.926513671875
2338.456787109375
122.06448364257812
122.44801330566406
122.8086929321289
123.14826965332031
123.48491668701172
123.81161499023438
1862.7259521484375
2042.5504150390625
2267.9814453125
2432.17333984375
2564.227783203125
2685.161376953125
2808.311279296875
2940.176025390625
3082.45849609375
3231.383056640625
3381.564697265625
3532.788818359375
3687.321044921875
3846.26513671875
4015.853759765625
4192.8408203125
4368.35400390625
4550.12548828125
4730.1123046875
4913.076171875
5098.39208984375
5293.43701171875
5267.70751953125
5203.86962890625
5143.23046875
5082.99365234375
5021.7900390625
4958.76171875
4893.1787109375
4824.6904296875
4753.61279296875
4679.541015625
4603.17919921875
4524.0625
4444.216796875
4366.32177734375
4301.60791015625
4229.42236328125
4153.15869140625
4071.68798828125
3986.78271484375
3898.989501953125
3809.43408203125
3719.275146484375
3630.487548828125
3540.62646484375
3450.468994140625
3361.17724609375
3274.040283203125
3189.910400390625
3107.803466796875
3027.524169921875
2949.810546875
2873.681396484375
