2085.00048828125
2066.442626953125
2032.672607421875
2003.5059814453125
2016.775634765625
2050.71728515625
2077.430419921875
2104.8837890625
2101.15087890625
2120.947265625
2163.79736328125
2241.818359375
2294.697021484375
2309.647216796875
2315.147705078125
2326.597412109375
2364.041015625
2434.300537109375
2518.321044921875
2616.85205078125
2714.091796875
2757.0625
2762.311279296875
2817.25830078125
2921.53515625
3048.719482421875
3127.125244140625
3157.07763671875
3210.618896484375
3329.490234375
3511.35791015625
3731.361572265625
86.62126159667969
79.70926666259766
79.51240539550781
79.68988800048828
79.6732177734375
79.85298156738281
1276.7548828125
1321.3145751953125
1361.9217529296875
2126.915283203125
5203.7890625
6680.1845703125
6696.36328125
5653.5224609375
5345.94091796875
5189.68359375
5054.634765625
4985.43310546875
4963.1259765625
4977.14990234375
5011.328125
5047.3955078125
5079.74072265625
5109.77880859375
5126.8408203125
5139.47314453125
5164.7890625
5181.29541015625
5192.48828125
5207.4912109375
5215.96484375
5211.23193359375
5194.185546875
5165.87451171875
5127.61767578125
5101.2880859375
5083.2041015625
5029.38818359375
4972.529296875
4910.916015625
4845.29736328125
4776.33740234375
4704.216796875
4629.95849609375
4555.2294921875
4480.58935546875
4406.4921875
4333.1494140625
4260.2333984375
4187.43994140625
4114.6240234375
4041.471435546875
3967.8310546875
3894.206787109375
3820.947021484375
3748.238525390625
3676.009033203125
3603.76708984375
3531.049072265625
3459.414794921875
3389.2509765625
3320.980224609375
3254.945068359375
3191.41748046875
3130.361083984375
3071.79736328125
