2048.078125
2001.2239990234375
2179.791015625
2176.78857421875
2147.084228515625
2174.1689453125
2203.108642578125
2225.093505859375
2241.96826171875
2264.06591796875
2289.672119140625
2328.8798828125
2379.305419921875
2439.59228515625
2509.11962890625
2596.890380859375
2708.9228515625
2847.538818359375
3011.311279296875
3197.04296875
3400.55810546875
3618.60400390625
3849.089111328125
4089.369873046875
4338.173828125
4590.37744140625
4847.3759765625
5110.5654296875
5374.94677734375
5645.8828125
5928.10205078125
6225.6025390625
196.07473754882812
161.96755981445312
157.43954467773438
158.90199279785156
179.99803161621094
200.97311401367188
6532.490234375
7663.23095703125
8257.458984375
8572.6982421875
8828.1533203125
9071.435546875
9334.208984375
9414.0830078125
9385.7998046875
9404.123046875
9437.6142578125
9472.1015625
9500.806640625
9520.2861328125
9526.1611328125
9519.4111328125
9498.205078125
9461.525390625
9409.0244140625
9342.2724609375
9261.5986328125
9171.4013671875
9073.748046875
8967.8359375
8853.5185546875
8731.08203125
8600.9501953125
8463.8232421875
8320.994140625
8172.9814453125
8019.59033203125
7862.5146484375
7703.01611328125
7541.0810546875
7376.8671875
7210.86181640625
7044.22119140625
6878.09228515625
6713.45654296875
6550.482421875
6389.31982421875
6230.21435546875
6071.6904296875
5913.0302734375
5758.275390625
5607.55712890625
5460.71875
5317.53076171875
5178.6220703125
5043.6806640625
4912.25341796875
4784.86572265625
4661.5185546875
4542.2568359375
