0.007960700429975986
0.009174341335892677
0.010565053671598434
0.010995622724294662
0.011136656627058983
0.011217273771762848
0.011296858079731464
0.011356296017765999
0.011422919109463692
0.011509631760418415
0.011588064022362232
0.011675088666379452
0.011768069118261337
0.011854670941829681
0.011941580101847649
0.01202688179910183
0.01212794054299593
0.012238424271345139
0.012359595857560635
0.01250336691737175
0.012676320038735867
0.012880994006991386
0.013115130364894867
0.013375792652368546
0.013660169206559658
0.013964802026748657
0.014269835315644741
0.014540327712893486
0.014829058200120926
0.01513655111193657
0.015455715358257294
0.01578623615205288
0.0008886809810064733
0.0008351594442501664
0.0008303287322632968
0.0008325015660375357
0.0008359967032447457
0.0008396370685659349
0.01542255561798811
0.015942178666591644
0.016261432319879532
0.016626600176095963
0.016887061297893524
0.017122067511081696
0.017374496906995773
0.017670316621661186
0.018014241009950638
0.018402770161628723
0.018818628042936325
0.019247470423579216
0.019718816503882408
0.020215049386024475
0.020731039345264435
0.021273138001561165
0.02172519825398922
0.022186266258358955
0.022655321285128593
0.02313905954360962
0.023636331781744957
0.02413819544017315
0.024628935381770134
0.0241524837911129
0.023614846169948578
0.02308833785355091
0.022567765787243843
0.02205432578921318
0.021546879783272743
0.021044757217168808
0.02054833434522152
0.02005753107368946
0.019572176039218903
0.01909295842051506
0.018620416522026062
0.018154600635170937
0.017699653282761574
0.017255520448088646
0.016821525990962982
0.016396839171648026
0.015981733798980713
0.015577621757984161
0.015182570554316044
0.014795358292758465
0.014415410347282887
0.014042038470506668
0.013675154186785221
0.013314204290509224
0.012958540581166744
0.012613817118108273
0.012282168492674828
0.011963586322963238
0.011655968613922596
0.01135813444852829
0.011070003733038902
