1500.0
1500.0
1500.0
1485.840576171875
1500.0
1500.0
1500.0
1500.0
1500.0
1500.0
1500.0
1500.0
1500.0
1500.0
1500.0
1500.0
1500.0
1500.0
1500.0
1499.9998779296875
1500.0
1500.0
1500.0
1500.0
1500.0
1500.0
1500.0
1500.0
1500.0
1500.0
1500.0
1500.0
100.0
100.0
100.0
100.0
100.0
100.0
1500.0
1500.0
1500.0
1499.9998779296875
1465.1168212890625
1355.218505859375
1258.683837890625
1165.4375
1072.1859130859375
978.4222412109375
929.269775390625
893.7381591796875
858.84765625
824.3735961914062
796.4539794921875
769.3251953125
741.7017211914062
718.039306640625
694.1458129882812
670.7069702148438
647.598876953125
624.8843994140625
602.747802734375
581.2825927734375
560.6817016601562
540.6994018554688
521.2645263671875
503.1896667480469
486.51373291015625
471.1111755371094
457.0755310058594
443.7891540527344
430.8802185058594
418.2607116699219
406.0653076171875
394.3364562988281
383.13824462890625
372.4483337402344
362.1669616699219
352.22540283203125
342.5793762207031
333.2491760253906
324.1821594238281
315.3868103027344
306.909912109375
302.75897216796875
298.6501159667969
290.57855224609375
282.7685241699219
275.3306884765625
268.1537170410156
261.2333068847656
254.5669403076172
248.16587829589844
241.98683166503906
