1499.9996337890625
1500.0
1500.0
1500.0
1500.0
1500.0
1500.0
1500.0
1500.0
1500.0
1500.0
1500.0
1499.974609375
1500.0
1500.0
1500.0
1500.0
1500.0
1500.0
1500.0
1500.0
1500.0
1500.0
1500.0
1500.0
1500.0
1500.0
1500.0
1500.0
1500.0
1500.0
1500.0
100.00218200683594
100.0
99.99999237060547
100.0
100.0
100.0
1500.0
1500.0
1500.0
1500.0
1491.634033203125
1455.0491943359375
1422.87353515625
1390.3206787109375
1356.4757080078125
1321.4324951171875
1285.526123046875
1248.7760009765625
1211.9881591796875
1175.7830810546875
1140.6636962890625
1105.8382568359375
1071.053466796875
1036.455322265625
1002.0014038085938
967.640625
933.7618408203125
900.9886474609375
869.3627319335938
838.5608520507812
808.3501586914062
778.6754760742188
749.8236694335938
721.8380126953125
694.8579711914062
668.8397216796875
643.9715576171875
620.384521484375
598.0192260742188
576.7361450195312
556.3764038085938
536.8584594726562
518.0320434570312
499.8470764160156
482.2353820800781
465.3313293457031
449.1268615722656
433.6278076171875
418.6751403808594
404.15362548828125
389.9593505859375
376.0830993652344
362.6055603027344
350.0760498046875
338.3909606933594
327.48956298828125
317.2621765136719
307.59814453125
298.404052734375
289.72198486328125
