1499.9998779296875
1500.0
1499.9998779296875
1500.0
1500.0
1500.0
1500.0
1500.0
1500.0
1500.0
1500.0
1500.0
1500.0
1500.0
1499.987060546875
1500.0
1500.0
1500.0
1500.0
1499.9976806640625
1500.0
1500.0
1500.0
1500.0
1500.0
1500.0
1500.0
1500.0
1500.0
1500.0
1500.0
1500.0
100.0
100.0
100.0
100.0
100.0
100.0
1500.0
1500.0
1500.0
1500.0
1500.0
1500.0
1500.0
1500.0
1500.0
1500.0
1500.0
1500.0
1500.0
1500.0
1500.0
1500.0
1500.0
1500.0
1500.0
1500.0
1500.0
1500.0
1500.0
1500.0
1500.0
1500.0
1500.0
1500.0
1500.0
1500.0
1500.0
1500.0
1500.0
1500.0
1500.0
1492.0623779296875
1445.23828125
1400.0047607421875
1355.703857421875
1312.39794921875
1270.2369384765625
1229.2347412109375
1189.3223876953125
1150.4239501953125
1112.5177001953125
1075.5469970703125
1039.53173828125
1004.4765014648438
970.4033203125
937.3394165039062
905.253662109375
874.1575317382812
844.0093383789062
814.8093872070312
