1499.9998779296875
1329.99462890625
1154.69677734375
1064.083984375
1021.712890625
1000.8604125976562
988.982177734375
980.0496215820312
972.2166748046875
964.015380859375
954.0545654296875
943.2984008789062
933.05419921875
923.5272216796875
914.2975463867188
904.9241943359375
895.6862182617188
886.739013671875
877.9569702148438
869.2202758789062
860.6085205078125
851.933349609375
842.6361694335938
832.5512084960938
821.3785400390625
808.85107421875
794.9928588867188
779.927978515625
763.84619140625
746.9457397460938
729.8440551757812
713.9734497070312
100.0
100.0
100.0
100.0
100.0
100.0
769.02783203125
699.41845703125
655.12060546875
628.107421875
609.6527709960938
595.017333984375
581.6472778320312
568.281005859375
554.3185424804688
539.6610717773438
524.2676391601562
508.3108825683594
492.0771179199219
476.3454895019531
461.0733642578125
446.1567077636719
431.6631774902344
417.3809814453125
403.3890686035156
389.7469787597656
376.36114501953125
363.1623840332031
350.1755065917969
337.3871765136719
324.8138122558594
312.4554138183594
300.3831481933594
288.66400146484375
277.339111328125
266.4377136230469
255.98468017578125
246.00677490234375
236.5474395751953
227.4783935546875
218.4232177734375
209.79449462890625
201.50311279296875
193.51925659179688
185.85768127441406
178.53541564941406
171.53036499023438
164.8264617919922
158.13877868652344
151.873291015625
145.92703247070312
140.27796936035156
134.91111755371094
129.8082275390625
124.94548797607422
120.3037338256836
115.86666870117188
111.61569213867188
107.53932189941406
103.61148834228516
