1500.0
1500.0
1500.0
1500.0
1500.0
1500.0
1500.0
1500.0
1500.0
1500.0
1500.0
1500.0
1500.0
1500.0
1500.0
1500.0
1500.0
1500.0
1500.0
1500.0
1500.0
1500.0
1500.0
1500.0
1500.0
1500.0
1500.0
1500.0
1500.0
1500.0
1500.0
1500.0
100.01205444335938
100.0
100.0
100.0
100.0
100.0
1500.0
1500.0
1500.0
1500.0
1500.0
1500.0
1500.0
1500.0
1500.0
1500.0
1500.0
1500.0
1500.0
1500.0
1500.0
1500.0
1500.0
1500.0
1500.0
1500.0
1500.0
1500.0
1500.0
1500.0
1500.0
1500.0
1487.6849365234375
1426.7611083984375
1370.2681884765625
1316.089111328125
1263.8028564453125
1213.35009765625
1164.53759765625
1117.3905029296875
1071.911376953125
1028.167236328125
986.1576538085938
945.827392578125
907.1362915039062
869.9400024414062
833.8370361328125
799.904296875
767.4774169921875
736.3300170898438
706.5537719726562
678.031005859375
650.3807373046875
622.7268676757812
597.5135498046875
573.6857299804688
550.7587890625
528.9185791015625
508.0227355957031
488.1063537597656
