1499.9976806640625
1244.4808349609375
1096.4708251953125
1054.71826171875
1033.5577392578125
1016.9100341796875
1002.9535522460938
991.2164306640625
981.786865234375
972.6826171875
963.158203125
953.9256591796875
945.5333862304688
937.7330322265625
930.3613891601562
923.370849609375
916.3557739257812
909.0135498046875
901.3258056640625
894.0762939453125
887.0049438476562
879.930908203125
872.773681640625
865.4760131835938
857.8560791015625
849.985595703125
841.912109375
833.2677001953125
823.8340454101562
813.41943359375
801.9444580078125
789.409423828125
100.0
100.0
100.0
100.0
100.0
100.0
870.0065307617188
778.520751953125
738.4134521484375
717.2701416015625
702.2554321289062
689.7396240234375
678.0003662109375
666.3989868164062
654.604736328125
642.4459228515625
629.9259033203125
617.0888061523438
603.998779296875
590.724365234375
577.315185546875
563.7872924804688
550.1839599609375
536.40478515625
522.556396484375
508.9199523925781
495.5785827636719
482.07989501953125
468.64263916015625
456.01971435546875
444.05963134765625
432.32049560546875
420.6176452636719
408.9349670410156
397.2645263671875
385.6882019042969
374.3193664550781
363.1451721191406
352.0943298339844
341.18194580078125
330.42218017578125
319.82147216796875
309.38153076171875
299.122314453125
289.0787353515625
279.2884826660156
269.75921630859375
260.5115661621094
251.52450561523438
242.8726348876953
234.57972717285156
226.53770446777344
218.6826171875
211.16326904296875
203.90216064453125
196.8597869873047
189.9904327392578
183.33319091796875
176.8726043701172
170.6291046142578
