1500.0
1500.0
1500.0
1500.0
1500.0
1500.0
1500.0
1500.0
1500.0
1500.0
1500.0
1500.0
1500.0
1500.0
1499.999755859375
1500.0
1500.0
1500.0
1500.0
1500.0
1500.0
1500.0
1500.0
1500.0
1500.0
1500.0
1500.0
1500.0
1500.0
1500.0
1500.0
1500.0
100.0
100.0
100.0
100.0
100.0
100.0
1500.0
1500.0
1500.0
1500.0
1500.0
1500.0
1500.0
1500.0
1500.0
1500.0
1500.0
1500.0
1500.0
1500.0
1500.0
1500.0
1500.0
1452.057861328125
1390.5927734375
1331.0906982421875
1274.061767578125
1218.4212646484375
1164.2061767578125
1111.0535888671875
1057.7713623046875
1004.6167602539062
953.218505859375
904.877197265625
860.3037109375
819.7321166992188
781.8284301757812
746.2172241210938
712.9187622070312
679.933349609375
646.6957397460938
614.6986694335938
585.5682373046875
558.91552734375
535.3565063476562
514.0049438476562
493.6350402832031
473.5390625
455.274169921875
438.29693603515625
421.5587463378906
405.03216552734375
388.5735778808594
373.0574645996094
358.69073486328125
344.4483337402344
329.75140380859375
315.1418762207031
301.3876037597656
288.869384765625
