1500.0
1500.0
1500.0
1500.0
1500.0
1500.0
1500.0
1500.0
1500.0
1500.0
1500.0
1500.0
1500.0
1500.0
1500.0
1500.0
1500.0
1500.0
1500.0
1500.0
1500.0
1500.0
1500.0
1500.0
1500.0
1500.0
1500.0
1500.0
1500.0
1500.0
1500.0
1500.0
1500.0
100.0
100.0
100.0
100.0
100.0
100.0
1500.0
1500.0
1500.0
1500.0
1500.0
1500.0
1500.0
1500.0
1500.0
1500.0
1500.0
1500.0
1500.0
1500.0
1500.0
1500.0
1500.0
1500.0
1500.0
1458.094970703125
1389.0240478515625
1325.49658203125
1264.8912353515625
1206.5633544921875
1149.8017578125
1095.2552490234375
1042.908203125
993.1602172851562
946.3873291015625
902.347412109375
860.1964111328125
819.7824096679688
786.3944091796875
757.468017578125
730.7572021484375
705.439453125
681.3735961914062
658.6731567382812
637.144287109375
617.1740112304688
598.7423706054688
581.8101196289062
565.0369262695312
549.4057006835938
532.0491943359375
511.3718566894531
489.341552734375
467.9732666015625
451.82427978515625
438.3111877441406
425.64703369140625
413.575927734375
402.1519775390625
392.3096618652344
