1500.0
1500.0
1500.0
1500.0001220703125
1500.0
1500.0
1500.0
1500.0
1500.0
1500.0
1500.0
1500.0
1500.0
1500.0
1500.0
1500.0
1500.0
1500.0
1500.0
1500.0
1500.0
1500.0
1500.0
1500.0
1500.0
1500.0
1500.0
1500.0
1500.0
1500.0
1500.0
1500.0
88.51192474365234
100.0
100.0
100.0
100.0
100.0
1500.0
1500.0
1500.0
1500.0001220703125
1500.0
1500.0001220703125
1500.0001220703125
1500.0001220703125
1500.000244140625
1500.00048828125
1500.0
1500.0
1500.0
1500.0
1500.0
1500.0008544921875
1500.0
1500.0
1500.0
1500.0008544921875
1500.0
1500.0
1500.0
1500.0
1500.0
1500.0
1500.0001220703125
1500.0
1500.0
1499.9998779296875
1499.9996337890625
1500.0
1500.0
1500.0
1500.0
1500.0
1500.0
1500.0
1500.0
1500.0
1500.0
1467.3189697265625
1420.281494140625
1376.4849853515625
1334.500244140625
1294.2275390625
1255.400146484375
1217.8507080078125
1181.567626953125
1146.3109130859375
1112.2020263671875
1079.7723388671875
1049.181396484375
1020.1583862304688
992.4063720703125
