1500.0
1500.0
1500.00244140625
1500.0
1500.0
1500.0
1500.0
1500.0
1500.0
1500.0
1500.0
1500.0
1500.0
1500.0
1500.0
1500.0
1500.0
1500.0
1500.0
1500.0
1500.0
1500.0
1500.0
1500.0
1500.0
1500.0
1500.0
1500.0
1500.0
1500.0
1500.0
1500.0
99.9965591430664
100.0
100.0
100.0
100.0
100.0
1500.0242919921875
1500.0
1500.0
1500.0
1500.0
1500.0
1500.0
1500.0
1500.0
1500.0
1500.0
1500.0
1500.0
1500.0
1500.0
1500.0
1429.753173828125
1362.5028076171875
1301.203857421875
1242.5494384765625
1184.061767578125
1124.701416015625
1065.6572265625
1007.4837036132812
952.1010131835938
905.11767578125
860.4686889648438
816.0326538085938
771.4973754882812
729.739013671875
691.3158569335938
659.7676391601562
631.8263549804688
604.4379272460938
577.2752075195312
550.3856811523438
529.0517578125
510.365234375
492.3836975097656
475.1124572753906
458.3850402832031
442.7274169921875
429.6065673828125
417.2481689453125
404.789794921875
396.90234375
389.16119384765625
380.1243591308594
368.9518737792969
354.4093322753906
336.6359558105469
317.9491271972656
299.1396179199219
279.5682067871094
