1500.0
1500.0
1499.9986572265625
1500.0
1500.0
1500.0
1500.0
1500.0
1500.0
1500.0
1500.0
1500.0
1500.0
1500.0
1500.0
1500.0
1500.0
1500.0
1500.0
1499.9998779296875
1500.0
1500.0
1499.9998779296875
1500.0
1500.0
1500.0
1500.0
1500.0
1500.0
1500.0
1500.0
1500.0
99.99999237060547
100.0
99.99972534179688
99.99974060058594
99.99999237060547
100.0
1500.0
1499.9998779296875
1500.001953125
1499.9998779296875
1500.0020751953125
1500.0015869140625
1500.0013427734375
1500.0009765625
1500.0008544921875
1500.0
1500.0
1499.9996337890625
1500.0
1500.0
1500.0
1500.0
1500.0
1500.0
1500.0
1500.0
1500.0
1499.997314453125
1500.0
1500.0
1500.0
1500.0
1500.0
1500.0
1500.0
1500.0
1500.0
1499.9998779296875
1500.0
1500.0
1500.0
1500.0
1500.0
1500.0
1500.0
1500.0
1500.0
1499.999755859375
1500.0
1500.0
1499.999755859375
1500.0
1499.99951171875
1500.0
1500.0
1499.9989013671875
1499.93212890625
1464.14794921875
1433.65234375
1404.8421630859375
1376.6617431640625
