1499.999267578125
1500.0
1500.0
1500.0
1500.0
1500.0032958984375
1500.0
1500.0
1500.0
1500.0
1500.0
1500.0
1500.0
1500.0
1500.0
1500.0
1500.0
1500.0
1500.0
1500.0
1500.0
1500.0
1500.0
1500.0
1500.0
1500.0
1500.0
1500.0
1500.0
1500.0
1500.0
1500.0
99.99014282226562
100.0
100.0
100.0
100.0
100.0
1500.0
1500.0
1500.0
1500.0
1500.0
1500.0
1500.0
1500.0
1500.0
1500.0
1500.0
1500.0
1500.0
1500.0
1500.0
1500.0
1500.0
1500.0
1500.0
1500.0
1500.0
1499.9998779296875
1500.0
1500.0
1499.9996337890625
1499.9998779296875
1499.9998779296875
1499.9993896484375
1499.997802734375
1500.0
1500.0
1500.0
1500.0
1500.0
1499.9996337890625
1500.0
1500.0
1500.0
1500.0
1499.9996337890625
1499.997314453125
1467.7490234375
1428.92431640625
1393.2862548828125
1358.8680419921875
1324.9017333984375
1291.003173828125
1257.6058349609375
1224.6636962890625
1193.0203857421875
1163.8997802734375
1136.453857421875
1108.798583984375
1080.51171875
1051.6263427734375
