1499.99951171875
1500.0
1500.0
1500.0
1500.0
1500.0
1500.0
1500.0
1500.0
1500.0
1500.0
1500.0
1500.0
1500.0
1500.0
1500.0
1500.0
1500.0
1500.0
1500.0
1500.0
1500.0
1500.0
1500.0
1500.0
1500.0
1500.0
1500.0
1500.0
1500.0
1500.0
1500.0
99.99943542480469
100.0
100.0
100.0
100.0
100.0
1500.0
1500.0
1500.0
1500.0
1500.0
1500.0
1500.0
1500.0
1500.0
1500.0
1500.0
1500.0
1500.0
1493.8585205078125
1430.3697509765625
1368.1024169921875
1306.086181640625
1244.7567138671875
1184.849853515625
1126.830078125
1070.9029541015625
1017.0111083984375
964.9984130859375
914.9679565429688
867.1387329101562
821.796630859375
778.9547119140625
738.4605712890625
700.2630004882812
664.32958984375
630.1954345703125
598.0682983398438
565.866943359375
536.830810546875
509.92218017578125
484.58892822265625
460.7997741699219
438.4396057128906
417.40081787109375
397.574951171875
378.8100280761719
360.8485412597656
344.221435546875
328.50067138671875
313.679931640625
299.6572570800781
286.4208984375
273.9714660644531
262.2752685546875
251.27560424804688
240.90879821777344
231.11170959472656
221.83511352539062
213.04168701171875
