1500.0
1500.002197265625
1500.0
1500.0
1500.0
1500.0
1500.0
1500.0
1500.0
1500.0
1500.0
1500.0
1500.0
1500.0
1500.0
1500.0
1500.0
1500.0
1500.0
1488.84521484375
1474.2294921875
1459.205078125
1442.8388671875
1423.9140625
1401.96630859375
1377.4000244140625
1350.716064453125
1322.4429931640625
1293.1845703125
1263.3841552734375
1233.1788330078125
1202.5118408203125
99.92738342285156
100.0
100.0
100.0
100.0
100.0
1500.0
1378.9150390625
1247.984130859375
1162.2440185546875
1110.3067626953125
1068.895751953125
1032.0301513671875
996.8350830078125
962.0984497070312
928.6691284179688
895.5623779296875
862.3283081054688
829.1517944335938
795.9892578125
762.7839965820312
729.5277099609375
697.19189453125
665.1589965820312
635.2341918945312
605.7351684570312
578.8462524414062
553.7294311523438
529.4577026367188
506.7188415527344
485.7137145996094
466.39666748046875
448.35504150390625
431.3122253417969
415.0572204589844
399.2891845703125
383.92388916015625
369.4364318847656
355.8775939941406
343.1561584472656
330.99212646484375
319.4173889160156
308.6631164550781
298.83221435546875
289.4485168457031
280.00439453125
271.376953125
263.50665283203125
255.88819885253906
248.3778839111328
240.6825408935547
233.50929260253906
226.50440979003906
219.6982879638672
213.14498901367188
206.91928100585938
201.0438995361328
195.51036071777344
190.19158935546875
185.09939575195312
180.25811767578125
