1316.2177734375
1002.57275390625
787.1284790039062
671.2262573242188
636.357421875
615.8028564453125
597.6461791992188
580.3151245117188
562.3410034179688
543.5426025390625
524.0496215820312
505.5291442871094
486.95947265625
468.0828857421875
448.9472351074219
429.194091796875
409.6623229980469
390.3435363769531
371.6678466796875
354.0073547363281
339.9136047363281
327.3266906738281
314.87457275390625
302.8050842285156
292.9577941894531
282.9998474121094
274.9113464355469
270.61456298828125
266.7129211425781
262.9325256347656
259.0968322753906
255.09951782226562
100.0
100.0
100.0
100.0
100.0
100.0
305.62786865234375
277.21502685546875
250.13687133789062
235.37603759765625
229.8553924560547
226.0894012451172
222.39825439453125
218.23739624023438
213.827392578125
209.53414916992188
205.46192932128906
201.48681640625
197.58546447753906
193.76734924316406
189.96981811523438
186.1202850341797
182.1404571533203
178.03257751464844
173.97044372558594
169.86422729492188
168.0720672607422
165.81915283203125
161.41567993164062
157.18020629882812
152.98695373535156
148.86129760742188
144.8297882080078
140.893310546875
137.18753051757812
133.5786895751953
130.0531463623047
126.6109619140625
123.23545837402344
119.9436264038086
116.75949096679688
113.70134735107422
110.7592544555664
107.91194915771484
105.16282653808594
102.52941131591797
100.01058959960938
97.5879898071289
95.25187683105469
93.01101684570312
90.86902618408203
88.8093032836914
86.82794189453125
84.95673370361328
83.1519775390625
81.41370391845703
79.72924041748047
78.10359191894531
76.53507995605469
75.01811981201172
73.55377197265625
72.14022827148438
