1500.0
1500.0
1500.0
1499.9993896484375
1500.0
1500.0
1500.0
1500.0
1500.0
1500.0
1500.0
1500.0
1500.0
1500.0
1499.9998779296875
1500.0
1500.0
1500.0
1500.0
1500.0
1500.0
1500.0
1500.0
1500.0
1500.0
1500.0
1472.861083984375
1445.4498291015625
1419.2205810546875
1392.220703125
1363.9830322265625
1334.554443359375
1305.1551513671875
99.9994888305664
100.0001220703125
99.99790954589844
99.99999237060547
100.0
100.0
1500.0
1498.682861328125
1500.017822265625
1310.7979736328125
1166.3212890625
1100.629638671875
1062.1087646484375
1035.077392578125
1013.4276123046875
993.832275390625
974.123046875
954.2191772460938
933.3359375
910.7625732421875
888.1718139648438
865.5366821289062
842.8919677734375
820.3062133789062
797.9888916015625
775.6842651367188
753.406494140625
730.7888793945312
708.1465454101562
685.6620483398438
663.4456787109375
641.6412353515625
620.233154296875
599.2490234375
578.7742309570312
558.74658203125
539.2279052734375
520.249755859375
501.8450927734375
484.0500183105469
466.86468505859375
450.30780029296875
434.3791198730469
419.06817626953125
404.3193054199219
390.0653076171875
376.2893371582031
362.9707946777344
350.1028137207031
337.6725769042969
325.6898193359375
314.1589660644531
303.0621643066406
292.3854064941406
282.093994140625
272.2249755859375
262.7616882324219
253.7038116455078
244.93865966796875
236.60313415527344
228.6320343017578
