1499.999755859375
1500.0
1499.999755859375
1500.0
1500.0
1500.0
1500.0
1500.0
1500.0
1500.0
1500.0
1500.0
1500.0
1500.0
1500.0
1500.0
1500.0
1500.0
1500.0
1500.0
1500.0
1500.0
1500.0
1500.0
1500.0
1500.0
1500.0
1500.0
1500.0
1500.0
1459.88720703125
1417.861328125
100.0
100.0
100.0
100.0
100.0
100.0
1498.921630859375
1406.966552734375
1328.406005859375
1284.552734375
1246.5147705078125
1208.6795654296875
1169.29736328125
1128.4095458984375
1086.39453125
1043.4310302734375
1000.3045654296875
958.9489135742188
918.4832153320312
878.7470703125
840.1380004882812
802.2872314453125
764.8703002929688
728.5488891601562
693.7513427734375
660.6856079101562
629.501220703125
600.1380615234375
572.2850341796875
545.6988525390625
520.7136840820312
497.0794677734375
474.6773681640625
453.4586486816406
432.2170104980469
412.827392578125
394.592041015625
377.28765869140625
360.95208740234375
345.6559143066406
331.26629638671875
317.69598388671875
304.86236572265625
293.2369079589844
282.58172607421875
272.6268615722656
263.19390869140625
254.3603973388672
246.06661987304688
238.2398681640625
230.8103485107422
223.7707977294922
217.1843719482422
211.1557159423828
205.641845703125
200.52903747558594
195.69451904296875
191.0828857421875
186.72677612304688
182.62066650390625
