1499.999755859375
1500.0
1500.0
1500.0
1500.0
1500.0
1500.0
1500.0
1500.0
1500.0
1500.0
1500.0
1500.0
1500.0
1500.0
1500.0
1500.0
1500.0
1500.0
1500.0
1500.0
1500.0
1500.0
1500.0
1500.0
1500.0
1500.0
1500.0
1500.0
1500.0
1500.0
1500.0
99.99604034423828
99.99992370605469
100.0
100.0
100.0
100.0
1500.0
1499.9921875
1499.99951171875
1500.0
1500.0
1500.0
1500.0
1500.0
1500.0
1500.0
1500.0
1500.0
1500.0
1500.0
1500.0
1500.0
1500.0
1500.0
1500.0
1500.0
1500.0
1500.0
1500.0
1500.0
1500.0
1500.0
1499.9998779296875
1500.0
1500.0
1500.0
1500.0
1500.0
1500.0
1500.0
1500.0
1500.0
1500.0
1499.9998779296875
1499.999755859375
1500.0
1468.3936767578125
1424.322021484375
1381.9722900390625
1340.5697021484375
1301.21923828125
1263.42578125
1226.84423828125
1191.5223388671875
1158.0433349609375
1126.52734375
1096.1976318359375
1067.3511962890625
1040.1885986328125
1015.0546875
