1500.0
1496.4356689453125
1499.999755859375
1500.0
1500.0
1500.0
1500.0
1500.0
1500.0
1500.0
1500.0
1500.0
1500.0
1500.0
1500.0
1500.0
1500.0
1500.0
1500.0
1500.0
1500.0
1493.8343505859375
1481.7723388671875
1469.8280029296875
1457.3231201171875
1443.91259765625
1429.0614013671875
1412.6160888671875
1395.0914306640625
1376.8148193359375
1357.5460205078125
1337.1219482421875
99.9612045288086
99.90507507324219
100.0
100.0
100.0
100.0
1500.0
1499.9757080078125
1407.6456298828125
1327.4178466796875
1271.830810546875
1229.81591796875
1195.440185546875
1165.4180908203125
1137.76416015625
1111.288818359375
1085.3955078125
1059.760498046875
1034.1962890625
1008.6002197265625
982.9003295898438
956.9705200195312
930.7799682617188
905.3068237304688
879.7243041992188
854.103759765625
828.1258544921875
802.0264892578125
775.8466186523438
749.3222045898438
722.842041015625
697.3263549804688
673.087646484375
649.8426513671875
627.478515625
605.918212890625
585.0156860351562
564.844482421875
545.3956909179688
525.4500122070312
506.82708740234375
488.74639892578125
471.22271728515625
454.694580078125
439.038330078125
424.1912536621094
409.9590759277344
396.2254333496094
383.1670227050781
370.7261657714844
358.75946044921875
347.4031677246094
336.5556640625
326.48040771484375
317.1026916503906
308.2960510253906
299.9150695800781
291.9920654296875
284.4811096191406
277.3127136230469
