1500.0
1500.0
1500.0
1500.0
1500.0
1500.0
1500.0
1500.0
1500.0
1500.0
1500.0
1500.0
1500.0
1500.0
1500.0
1500.0
1500.0
1500.0
1500.0
1500.0
1500.0
1500.0
1500.0
1500.0
1500.0
1500.0
1500.0
1500.0
1500.0
1500.0
1500.0
1500.0
100.0
100.0
100.0
100.0
100.0
100.0
1500.0
1499.9996337890625
1500.0
1500.0
1499.9998779296875
1500.0
1500.0
1500.0
1500.0
1500.0
1500.0
1500.0
1500.0
1500.0
1500.0
1500.0
1500.0
1500.0
1500.0
1500.0
1500.0
1500.0
1500.0
1500.0
1500.0
1500.0
1500.0
1500.0
1500.0
1500.0
1500.0
1500.0
1500.0
1500.0
1450.918701171875
1403.149658203125
1357.6092529296875
1313.1640625
1268.608642578125
1228.0677490234375
1192.3770751953125
1150.2879638671875
1102.675537109375
1067.0606689453125
1030.8282470703125
990.1708984375
942.3681030273438
892.8623046875
840.5623168945312
785.4297485351562
726.5878295898438
682.99609375
660.5917358398438
637.4213256835938
612.28173828125
588.7490234375
