1500.0
1497.7225341796875
1499.999755859375
1500.0
1500.0
1500.0
1500.0
1500.0
1500.0
1500.0
1500.0
1500.0
1500.0
1500.0
1500.0
1500.0
1500.0
1485.06201171875
1470.93115234375
1456.91796875
1442.0126953125
1425.5341796875
1407.2681884765625
1386.9356689453125
1364.255859375
1339.072021484375
1311.4515380859375
1281.63134765625
1249.75341796875
1216.47802734375
1182.18115234375
1147.2625732421875
100.0
100.0
100.0
100.0
100.0
100.0
1500.0
1309.5140380859375
1152.62158203125
1076.6754150390625
1024.900146484375
980.7228393554688
941.0191040039062
903.33447265625
866.9921264648438
831.5966186523438
796.7041015625
761.8164672851562
726.1025390625
690.1073608398438
654.3603515625
619.3743896484375
585.57763671875
555.4064331054688
525.1452026367188
496.9812927246094
471.3431701660156
447.5776672363281
425.4569091796875
405.16546630859375
387.3386535644531
372.3207092285156
359.4651184082031
347.99310302734375
335.9601135253906
323.18804931640625
310.3164978027344
297.487060546875
284.6402587890625
271.97930908203125
259.8573303222656
249.4009552001953
240.38169860839844
231.76629638671875
223.09922790527344
214.2034149169922
205.0345001220703
195.4799041748047
185.48439025878906
175.4102783203125
165.69686889648438
158.1065216064453
152.14199829101562
147.09368896484375
142.5051727294922
138.15554809570312
134.0438995361328
130.18258666992188
126.53797912597656
123.04730987548828
