1499.99951171875
1500.0
1500.0
1500.0
1500.0
1499.9998779296875
1500.0
1500.0
1500.0
1500.0
1500.0
1500.0
1500.0
1500.0
1500.0
1500.0
1500.0
1500.0
1500.0
1500.0
1500.0
1500.0
1500.0
1500.0
1500.0
1500.0
1500.0
1500.0
1500.0
1500.0
1500.0
1500.0
99.99993133544922
100.0
100.0
100.0
100.0
100.0
1500.0
1500.0
1500.0
1500.0
1500.0
1500.0
1500.0
1500.0
1500.0
1500.0
1500.0
1500.0
1500.0
1500.0
1500.0
1500.0
1500.0
1500.0
1500.0
1500.0
1500.0
1500.0
1500.0
1493.707275390625
1429.7620849609375
1369.4552001953125
1311.3524169921875
1254.963623046875
1200.4136962890625
1148.0804443359375
1097.996826171875
1050.4462890625
1005.3095092773438
962.61474609375
921.2747192382812
881.4646606445312
843.2935180664062
806.4486083984375
770.7880249023438
741.4148559570312
715.972900390625
692.5287475585938
670.5573120117188
650.0283203125
630.6958618164062
612.4271240234375
594.992919921875
578.2236938476562
562.0755004882812
546.525390625
531.5599365234375
517.1089477539062
503.1411437988281
489.6492004394531
