2077.571044921875
2047.0667724609375
2008.7147216796875
1985.8927001953125
2107.33349609375
2100.00048828125
2083.3271484375
2071.32421875
2064.680908203125
2063.7060546875
2066.603271484375
2066.84521484375
2072.00927734375
2087.43994140625
2106.5224609375
2127.406005859375
2140.544921875
2149.08447265625
2158.0791015625
2170.53173828125
2183.03515625
2194.39453125
2206.50927734375
2225.673828125
2250.85791015625
2285.52783203125
2325.031494140625
2369.254638671875
2424.554931640625
2493.441162109375
2574.07470703125
2664.9609375
120.95262908935547
123.73153686523438
124.11038970947266
124.19624328613281
124.2618408203125
124.31632995605469
1784.0318603515625
2249.408447265625
2607.6767578125
2848.568359375
3042.957763671875
3227.95947265625
3412.292236328125
3598.35009765625
3787.653564453125
3981.20703125
4184.115234375
4392.0234375
4603.6181640625
4813.12890625
5019.93115234375
5228.24365234375
5436.18798828125
5645.39111328125
5570.744140625
5471.66748046875
5380.00732421875
5294.4990234375
5221.04833984375
5144.1015625
5062.3818359375
4976.708984375
4886.2373046875
4791.98388671875
4696.77783203125
4602.56494140625
4526.33544921875
4440.03857421875
4341.37158203125
4239.07763671875
4138.37158203125
4038.692138671875
3941.1181640625
3845.134033203125
3752.043212890625
3660.529052734375
3567.50439453125
3463.293212890625
3358.303466796875
3249.600830078125
3143.2421875
3039.69580078125
2932.400146484375
2819.918212890625
2707.734375
2595.26318359375
2482.602783203125
2371.044921875
2262.782470703125
2165.12744140625
