0.023885080590844154
0.025562524795532227
0.02844642661511898
0.031347181648015976
0.0332043394446373
0.03383270651102066
0.03408464416861534
0.03433160111308098
0.03462059050798416
0.034810952842235565
0.0349879264831543
0.035175126045942307
0.035357099026441574
0.03555633872747421
0.03576696664094925
0.035986579954624176
0.03621900454163551
0.03645837679505348
0.03669368103146553
0.03692682832479477
0.03715814650058746
0.0373886376619339
0.037618640810251236
0.03787333145737648
0.03816989064216614
0.03850382938981056
0.038878753781318665
0.03929188847541809
0.03974118456244469
0.040223997086286545
0.040749043226242065
0.041313525289297104
0.002266505965963006
0.002112283371388912
0.002040951745584607
0.001994495512917638
0.00195981259457767
0.0019317257683724165
0.03644143417477608
0.03909000754356384
0.04055946320295334
0.04166419431567192
0.04262267425656319
0.04351021721959114
0.044376518577337265
0.045245472341775894
0.046129435300827026
0.047038741409778595
0.04797730967402458
0.04894470423460007
0.049941230565309525
0.05096954479813576
0.05205903202295303
0.053222354501485825
0.0544208288192749
0.05564742907881737
0.05662638694047928
0.057632990181446075
0.05862133204936981
0.05959809944033623
0.060583893209695816
0.061551373451948166
0.062477681785821915
0.06334640085697174
0.06416401267051697
0.06494871526956558
0.06570468097925186
0.06643883883953094
0.06716513633728027
0.06789048761129379
0.06861574202775955
0.06933906674385071
0.0700770914554596
0.07088296860456467
0.07170465588569641
0.07106844335794449
0.0687364786863327
0.06664616614580154
0.06467778980731964
0.06277237087488174
0.06089571490883827
0.0590401254594326
0.057213447988033295
0.055413417518138885
0.05363493785262108
0.05189410224556923
0.050207819789648056
0.048577651381492615
0.04701134189963341
0.04549672082066536
0.04414939507842064
0.042945489287376404
