0.03788108751177788
0.041325073689222336
0.04660860449075699
0.051048096269369125
0.05226079747080803
0.052535396069288254
0.052813705056905746
0.053072500973939896
0.05329471826553345
0.05348487198352814
0.05373775213956833
0.053984105587005615
0.054281916469335556
0.05465327203273773
0.05502563342452049
0.055379319936037064
0.05572015792131424
0.05608244985342026
0.05655461177229881
0.057159245014190674
0.05790381878614426
0.05873262882232666
0.05961797386407852
0.060543958097696304
0.06149687245488167
0.06246962398290634
0.06346575170755386
0.06448285281658173
0.06549899280071259
0.06650546938180923
0.06751365214586258
0.06853216886520386
0.003920664545148611
0.003734949743375182
0.0036778489593416452
0.003657566849142313
0.003652480198070407
0.0036535656545311213
0.06419263780117035
0.06560944765806198
0.06632434576749802
0.06744615733623505
0.06863716244697571
0.06996136158704758
0.07142549008131027
0.0730314552783966
0.07478344440460205
0.07671011239290237
0.07858332991600037
0.08044762909412384
0.08255837857723236
0.08480491489171982
0.08714210987091064
0.0894199013710022
0.09161029756069183
0.0935976579785347
0.09567737579345703
0.0976661965250969
0.09958728402853012
0.1014949232339859
0.1033671423792839
0.10526036471128464
0.10780007392168045
0.11011071503162384
0.11231386661529541
0.11430922895669937
0.11609487235546112
0.11406350135803223
0.11011038720607758
0.10644620656967163
0.10288546234369278
0.09938324987888336
0.09594463557004929
0.09256498515605927
0.08925679326057434
0.08605855703353882
0.0833890363574028
0.08098654448986053
0.07861679047346115
0.07635213434696198
0.07415755838155746
0.07205997407436371
0.0700061172246933
0.06794988363981247
0.06590847671031952
0.06398478150367737
0.06217963621020317
0.06132880225777626
0.061387453228235245
0.061985619366168976
0.0654027983546257
0.09970258921384811
0.14742811024188995
