0.00791647657752037
0.008711464703083038
0.009629704989492893
0.010520696640014648
0.011312589049339294
0.011634035035967827
0.011722598224878311
0.011776690371334553
0.011836547404527664
0.011948146857321262
0.012060157023370266
0.012166444212198257
0.012289396487176418
0.012395353056490421
0.012485610321164131
0.012577127665281296
0.0127010028809309
0.012865128926932812
0.013080494478344917
0.013340706937015057
0.013632512651383877
0.013945132493972778
0.014272625558078289
0.014612492173910141
0.014922344125807285
0.015222669579088688
0.015540307387709618
0.015872875228524208
0.01621941663324833
0.016587626188993454
0.01697538234293461
0.017377624288201332
0.0009621020872145891
0.0009396165842190385
0.0009444442694075406
0.0009533664560876787
0.0009618104668334126
0.0009689147118479013
0.01731397956609726
0.018073877319693565
0.018491610884666443
0.018862120807170868
0.019259093329310417
0.019709330052137375
0.02020624466240406
0.020745890215039253
0.021336710080504417
0.021907132118940353
0.02243776246905327
0.02296314388513565
0.023502100259065628
0.024058569222688675
0.02463274449110031
0.025217292830348015
0.0258079431951046
0.0263918898999691
0.026966875419020653
0.027539780363440514
0.028110558167099953
0.028676986694335938
0.029238687828183174
0.02979174070060253
0.03032798133790493
0.03084253892302513
0.03134540840983391
0.03184395283460617
0.0323154591023922
0.03275951370596886
0.03317432850599289
0.0335698164999485
0.03394613415002823
0.03429868444800377
0.03463710471987724
0.03376701846718788
0.032670728862285614
0.03165535628795624
0.030687853693962097
0.029758954420685768
0.028864404186606407
0.02800135314464569
0.027167988941073418
0.0263637974858284
0.025588205084204674
0.024844978004693985
0.024136103689670563
0.023459548130631447
0.022812124341726303
0.022190358489751816
0.021593207493424416
0.021021224558353424
0.020471252501010895
0.019941195845603943
