9.108269691467285
13.524011611938477
11.429024696350098
9.2933988571167
8.232770919799805
7.6414618492126465
7.321880340576172
7.158451557159424
7.045799732208252
6.948668479919434
6.8644328117370605
6.7990546226501465
6.760039329528809
6.736499309539795
6.69524621963501
6.643815040588379
6.60370397567749
6.581694602966309
6.57720422744751
6.588291168212891
6.585348606109619
6.587800979614258
6.6076860427856445
6.650035858154297
6.710910320281982
6.792697906494141
6.89508056640625
7.019974231719971
7.1705145835876465
7.349680423736572
7.562989711761475
7.81344747543335
0.5460230708122253
0.4645231068134308
0.43185359239578247
0.42211824655532837
0.4231553375720978
0.43012818694114685
9.83219051361084
10.41241455078125
10.758932113647461
11.19057846069336
11.703475952148438
12.289396286010742
12.926645278930664
13.63070011138916
14.387374877929688
15.246354103088379
16.20583152770996
17.244274139404297
18.351043701171875
19.491464614868164
20.62876319885254
21.777488708496094
22.91978645324707
24.055139541625977
25.138059616088867
26.251136779785156
27.25820541381836
28.160554885864258
28.98775291442871
29.753637313842773
30.475051879882812
31.19106101989746
31.891521453857422
32.586307525634766
33.28472137451172
33.98765182495117
34.68743896484375
35.374229431152344
36.03548049926758
36.66278839111328
37.25632095336914
37.81961441040039
38.3528938293457
38.854862213134766
39.33175277709961
39.783409118652344
40.21455383300781
40.68980026245117
41.09132766723633
41.42969512939453
41.7157096862793
41.959693908691406
42.17319869995117
42.36182403564453
42.52828598022461
42.68181610107422
42.818119049072266
42.94267654418945
43.0625
43.17856979370117
