1499.9996337890625
1500.0
1136.205810546875
1000.2180786132812
957.2972412109375
926.5025634765625
899.3194580078125
874.7350463867188
851.2864990234375
829.547607421875
811.447509765625
794.6847534179688
777.5780639648438
760.2286376953125
742.8866577148438
725.3906860351562
709.243896484375
694.9625244140625
680.3855590820312
666.342041015625
652.8997192382812
639.6002807617188
626.2066650390625
612.5230102539062
598.20703125
583.3366088867188
568.311767578125
555.1998901367188
544.3150024414062
534.0042724609375
523.1580810546875
511.7936706542969
100.0
100.0
100.0
100.0
100.0
100.0
795.7156372070312
594.75244140625
500.26031494140625
449.9674987792969
421.2962341308594
402.25537109375
390.04510498046875
382.75799560546875
375.6667175292969
368.7312927246094
361.6379699707031
354.4732971191406
347.6140441894531
340.8751525878906
333.914306640625
326.7916259765625
319.5818176269531
312.43670654296875
305.2297058105469
298.48028564453125
292.182861328125
285.8144836425781
279.37322998046875
272.8520812988281
266.3194580078125
259.8002624511719
253.31231689453125
246.88174438476562
240.52037048339844
234.22097778320312
227.9862060546875
221.8657684326172
215.88011169433594
210.04452514648438
204.36924743652344
198.85458374023438
193.50949096679688
188.365966796875
183.58705139160156
178.9399871826172
174.40452575683594
169.96527099609375
165.62796020507812
161.3955841064453
157.2786102294922
153.32012939453125
149.50726318359375
145.8387451171875
142.29258728027344
138.89102172851562
135.6145477294922
132.4654998779297
129.4476776123047
126.54735565185547
