0.16780737042427063
0.16930213570594788
0.18552376329898834
0.2066679447889328
0.22521153092384338
0.23372197151184082
0.23687051236629486
0.23895232379436493
0.24020078778266907
0.24131104350090027
0.2423131912946701
0.24332839250564575
0.24417202174663544
0.24499525129795074
0.24581773579120636
0.2465919703245163
0.24714359641075134
0.24767343699932098
0.24804168939590454
0.24873819947242737
0.2494404911994934
0.2501411736011505
0.2505832314491272
0.2509021461009979
0.25121578574180603
0.25154539942741394
0.25188741087913513
0.25237423181533813
0.25298210978507996
0.2536919414997101
0.2545008659362793
0.25547099113464355
0.021428463980555534
0.020400479435920715
0.01994163542985916
0.018313484266400337
0.01674521714448929
0.015874816104769707
0.21852979063987732
0.23627281188964844
0.2471076399087906
0.2542569041252136
0.26321837306022644
0.27180469036102295
0.2794370949268341
0.2870619297027588
0.29455867409706116
0.30184099078178406
0.3103601038455963
0.31924477219581604
0.3276703953742981
0.3357860743999481
0.34417659044265747
0.3595569133758545
0.3937980532646179
0.4488881230354309
0.5311035513877869
0.655593991279602
0.849188506603241
1.1549321413040161
9.382046699523926
28.532682418823242
41.89445495605469
52.917869567871094
62.87191390991211
72.2074966430664
81.2947769165039
90.66737365722656
100.2444839477539
109.87139129638672
118.81979370117188
127.6019058227539
136.37777709960938
144.61920166015625
152.720947265625
160.98663330078125
169.5194549560547
178.36782836914062
183.90818786621094
185.4184112548828
187.21360778808594
189.0349578857422
190.94393920898438
192.8926239013672
195.1813507080078
197.0371856689453
198.16622924804688
199.12606811523438
199.86257934570312
200.43612670898438
200.8833770751953
201.126953125
