2081.777587890625
2059.73974609375
2032.0657958984375
2013.317138671875
2000.265380859375
2037.774658203125
2036.7001953125
2030.0821533203125
2035.920654296875
2048.197509765625
2056.757080078125
2078.250732421875
2114.646728515625
2149.652099609375
2177.246337890625
2203.720703125
2236.306396484375
2274.920166015625
2329.114990234375
2407.4150390625
2509.07470703125
2631.719482421875
2768.830322265625
2914.911376953125
3066.464599609375
3222.245361328125
3382.638427734375
3545.678955078125
3712.865234375
3886.37646484375
4066.202880859375
4251.65478515625
170.0248260498047
165.79229736328125
170.4442596435547
175.51986694335938
179.65159606933594
182.7775115966797
4185.5185546875
4535.04931640625
4730.443359375
4888.41845703125
5048.23486328125
5221.65625
5411.05908203125
5614.82275390625
5830.72314453125
6060.6845703125
6314.48388671875
6589.9482421875
6879.74951171875
7190.82763671875
7598.90576171875
7994.62744140625
8370.9677734375
8743.4716796875
9116.0009765625
9473.080078125
9816.1640625
10137.9736328125
10441.189453125
10729.359375
10999.689453125
11249.724609375
11478.4365234375
11684.900390625
11868.693359375
12029.888671875
12168.25
12284.357421875
12380.2939453125
12454.2783203125
12508.3681640625
12542.095703125
12556.2734375
12551.0576171875
12528.2724609375
12490.6953125
12446.1328125
12387.7294921875
12319.9140625
12248.4775390625
12172.0361328125
11687.9462890625
11266.9296875
10878.841796875
10514.1181640625
10168.71484375
9840.314453125
9527.259765625
9227.8681640625
8940.732421875
