0.4820001721382141
0.5151212811470032
0.659047544002533
0.978797197341919
1.033837914466858
1.052905559539795
1.0604020357131958
1.0719672441482544
1.0820025205612183
1.0929656028747559
1.1061186790466309
1.1215543746948242
1.1324197053909302
1.1439541578292847
1.158016324043274
1.1719051599502563
1.1837108135223389
1.1953028440475464
1.2082960605621338
1.2215955257415771
1.2366172075271606
1.2557942867279053
1.2781305313110352
1.3036696910858154
1.332816481590271
1.3668485879898071
1.407286286354065
1.4509708881378174
1.5021984577178955
1.5726757049560547
1.6625369787216187
1.7768281698226929
0.03328299894928932
0.033138029277324677
0.03308567404747009
0.03304431587457657
0.03300490230321884
0.03484949469566345
0.5829343199729919
1.2445063591003418
1.7205840349197388
2.058356285095215
2.050117254257202
2.049138307571411
2.060472249984741
2.0796127319335938
2.1079039573669434
2.117685079574585
4.716460704803467
10.589920997619629
15.956197738647461
21.322288513183594
26.51869010925293
31.5399112701416
36.363162994384766
41.02803039550781
45.60907745361328
50.302921295166016
54.97229766845703
59.7841911315918
64.70783996582031
69.65031433105469
74.77914428710938
79.83686828613281
84.84375762939453
89.67848205566406
94.26402282714844
98.59241485595703
102.61483001708984
106.7758560180664
110.41854858398438
113.70826721191406
116.70894622802734
119.42760467529297
121.92444610595703
124.15818786621094
126.1434555053711
127.9007339477539
129.40638732910156
130.6851348876953
131.749267578125
132.86807250976562
133.8240966796875
134.5297088623047
135.06764221191406
135.46633911132812
135.64971923828125
135.7103729248047
135.7234649658203
135.709716796875
135.6810302734375
135.63633728027344
