0.023938603699207306
0.025880111381411552
0.028646670281887054
0.03156745433807373
0.033326759934425354
0.033910978585481644
0.03414549678564072
0.03441048413515091
0.034649066627025604
0.03481631353497505
0.0349833108484745
0.03518186882138252
0.0353752002120018
0.03556772321462631
0.03577091544866562
0.03598398715257645
0.036220695823431015
0.036485087126493454
0.03676460310816765
0.037053681910037994
0.037342991679906845
0.03764117509126663
0.03797568008303642
0.03836006671190262
0.03880149871110916
0.03929879143834114
0.03984308987855911
0.04042445868253708
0.04104508459568024
0.041706424206495285
0.04239783436059952
0.04311534762382507
0.0023698965087532997
0.0022231934126466513
0.0021555479615926743
0.0021169038955122232
0.0020910680759698153
0.0020716781727969646
0.03853285685181618
0.04132816940546036
0.04290003329515457
0.043994806706905365
0.044912587851285934
0.04577654227614403
0.04664655029773712
0.04755070433020592
0.04850231483578682
0.0495048351585865
0.05055685713887215
0.051677919924259186
0.052864398807287216
0.054080672562122345
0.05532247573137283
0.056394062936306
0.05737238749861717
0.05834975838661194
0.05927923321723938
0.06017148122191429
0.06104963645339012
0.0619024895131588
0.06272105127573013
0.06349286437034607
0.06422341614961624
0.06489133834838867
0.06549251079559326
0.06604956835508347
0.06658922135829926
0.06712981313467026
0.0676821917295456
0.0682942196726799
0.06890618056058884
0.06935687363147736
0.06689764559268951
0.0647520199418068
0.06276177614927292
0.06085177883505821
0.05898966267704964
0.05716188624501228
0.055365849286317825
0.053586363792419434
0.05180136114358902
0.0500064417719841
0.048192430287599564
0.046425577253103256
0.04473169520497322
0.043189071118831635
0.04183905944228172
0.040603697299957275
0.03943876549601555
0.03822392225265503
0.03689461201429367
0.0355040542781353
