2079.842041015625
2050.757080078125
2013.2242431640625
1984.970947265625
2070.94140625
2094.985595703125
2085.88134765625
2086.66357421875
2080.007568359375
2072.03564453125
2074.09326171875
2081.3359375
2094.626708984375
2102.33837890625
2123.06689453125
2150.247802734375
2177.589111328125
2198.89111328125
2215.473876953125
2230.997802734375
2245.97412109375
2264.40673828125
2286.194580078125
2314.3837890625
2347.527099609375
2385.47998046875
2427.179931640625
2471.111083984375
2519.36962890625
2578.212158203125
2647.57177734375
2725.386474609375
120.75334167480469
122.99317932128906
124.13135528564453
124.24629974365234
124.28413391113281
124.31918334960938
1789.43310546875
2143.996826171875
2549.110595703125
2812.938232421875
2960.569091796875
3029.1416015625
3220.3955078125
3417.5498046875
3623.19970703125
3837.531494140625
4059.91650390625
4299.35888671875
4551.505859375
4795.17724609375
5032.169921875
5272.51708984375
5504.263671875
5737.8759765625
5883.81005859375
5764.861328125
5670.5048828125
5587.8603515625
5500.91015625
5409.67529296875
5315.60888671875
5219.62451171875
5122.0478515625
5021.3193359375
4916.67919921875
4809.478515625
4699.42919921875
4595.4609375
4492.10986328125
4384.794921875
4275.861328125
4167.2626953125
4060.748779296875
3958.110107421875
3857.408203125
3754.23388671875
3655.29541015625
3560.685791015625
3514.8046875
3468.091552734375
3367.372314453125
3264.879638671875
3162.119140625
3059.83056640625
2959.249267578125
2860.372314453125
2759.421630859375
2658.031005859375
2566.062255859375
2483.7021484375
2407.847412109375
2336.1572265625
