1841.0225830078125
1351.2979736328125
1044.46142578125
884.0936889648438
858.330078125
834.891357421875
807.4708251953125
781.6007690429688
757.6453247070312
741.48779296875
723.7423095703125
707.5719604492188
692.5165405273438
676.4523315429688
660.1058349609375
643.913818359375
627.9583740234375
612.308837890625
596.7633056640625
583.7351684570312
573.101318359375
560.6168212890625
547.3566284179688
534.4922485351562
520.5526123046875
505.74810791015625
490.2081298828125
473.9278869628906
457.14178466796875
440.044189453125
424.3412780761719
411.0671081542969
123.57437133789062
126.03054809570312
126.52863311767578
126.75365447998047
126.97569274902344
127.1797103881836
455.3922119140625
364.0985412597656
450.4111328125
441.3120422363281
403.6174011230469
371.37786865234375
351.32940673828125
341.57208251953125
337.7925720214844
336.9371032714844
336.9801330566406
337.5032043457031
339.6701354980469
340.0437927246094
338.4569091796875
336.2445068359375
335.0801696777344
336.3816223144531
339.21124267578125
347.38037109375
359.3893737792969
371.9838562011719
383.44708251953125
394.6827392578125
407.6408996582031
422.6597900390625
438.85784912109375
459.0622863769531
481.0432434082031
501.5800476074219
521.849365234375
540.3170166015625
556.9536743164062
572.9064331054688
588.0975341796875
601.65673828125
613.7335205078125
624.7682495117188
635.0021362304688
644.4667358398438
653.1634521484375
660.8329467773438
667.0386352539062
671.3713989257812
673.782958984375
674.4511108398438
673.6281127929688
671.6085205078125
668.7063598632812
665.0579223632812
660.8316040039062
656.1070556640625
650.8946533203125
645.2496948242188
