2027.4615478515625
2525.427978515625
3088.573974609375
3168.314208984375
2902.650146484375
2664.190673828125
2534.86572265625
2484.0146484375
2479.05322265625
2494.17529296875
2510.540283203125
2519.110107421875
2506.598388671875
2485.28564453125
2468.0966796875
2455.6044921875
2452.0068359375
2456.019287109375
2439.677490234375
2399.69970703125
2376.12548828125
2365.906005859375
2364.916259765625
2374.205078125
2394.055419921875
2421.625732421875
2456.3369140625
2497.1787109375
2542.736572265625
2591.605712890625
2641.80419921875
2691.43359375
111.88981628417969
96.81292724609375
95.90760803222656
94.1697998046875
94.00713348388672
93.6490249633789
1543.3963623046875
3055.158447265625
3095.78271484375
2940.25048828125
2902.876708984375
2912.926513671875
2935.421875
2958.736083984375
2982.28857421875
3011.05615234375
3037.558837890625
3059.77001953125
3077.404541015625
3093.140380859375
3107.263427734375
3121.20654296875
3134.976318359375
3151.804931640625
3174.40625
3181.9921875
3180.59375
3170.74560546875
3156.165283203125
3130.7685546875
3097.559814453125
3057.724853515625
3014.0458984375
2967.272216796875
2915.314453125
2858.182861328125
2796.425537109375
2730.6904296875
2661.637939453125
2590.019775390625
2516.404052734375
2441.54296875
2366.1171875
2290.63623046875
2215.3505859375
2140.47607421875
2066.173095703125
1992.4576416015625
1919.573486328125
1848.93798828125
1781.1026611328125
1716.6549072265625
1656.0751953125
1598.6318359375
1544.0938720703125
1492.44287109375
1443.6864013671875
1397.79345703125
1354.6690673828125
1313.6070556640625
