2036.619140625
2009.1207275390625
2064.19873046875
2046.9112548828125
2031.6021728515625
2021.0771484375
2018.5531005859375
2035.74072265625
2036.748779296875
2045.802490234375
2061.3515625
2082.473388671875
2114.35400390625
2146.583740234375
2171.65869140625
2203.75830078125
2265.524658203125
2353.33837890625
2462.50244140625
2591.289794921875
2736.7041015625
2897.79150390625
3072.38330078125
3257.2041015625
3451.550048828125
3655.806396484375
3867.904296875
4087.541748046875
4316.009765625
4553.89404296875
4800.20947265625
5054.38427734375
203.91761779785156
220.68360900878906
222.01881408691406
220.54261779785156
220.54566955566406
222.33224487304688
5643.15185546875
6214.93115234375
6550.6416015625
6815.95703125
7081.20556640625
7359.080078125
7660.1298828125
8003.6953125
8415.19921875
8831.4560546875
9256.46875
9710.443359375
10209.5244140625
10729.599609375
11261.580078125
11806.4130859375
12368.740234375
12950.4873046875
13063.6005859375
13018.9501953125
12963.912109375
12895.2197265625
12810.865234375
12709.150390625
12589.5166015625
12452.271484375
12298.5546875
12129.7236328125
11947.3486328125
11752.5771484375
11546.8974609375
11331.4638671875
11106.8994140625
10872.7685546875
10633.2880859375
10389.5439453125
10143.0546875
9895.3037109375
9647.578125
9401.646484375
9158.1884765625
8917.0859375
8680.8349609375
8447.3408203125
8217.1064453125
7991.494140625
7770.70556640625
7556.34716796875
7349.08447265625
7142.908203125
6942.46826171875
6753.39892578125
6571.21630859375
6395.2412109375
