2085.01953125
2057.304443359375
2023.5252685546875
2010.54638671875
2020.4775390625
2045.048828125
2048.19287109375
2054.110595703125
2062.24169921875
2064.729248046875
2077.81396484375
2097.181396484375
2114.927734375
2146.325927734375
2182.474609375
2213.439453125
2235.697998046875
2251.91650390625
2263.7587890625
2277.4892578125
2312.038818359375
2361.385009765625
2428.948486328125
2515.052001953125
2615.29150390625
2727.119140625
2849.266357421875
2981.19140625
3120.44580078125
3265.97314453125
3420.316162109375
3579.400390625
155.96009826660156
145.57949829101562
142.09730529785156
139.9267120361328
138.71136474609375
137.92481994628906
3010.515380859375
3359.234130859375
3556.048583984375
3713.4404296875
3874.412841796875
4049.095703125
4237.06982421875
4435.38671875
4639.724609375
4847.79052734375
5058.240234375
5269.53857421875
5483.22802734375
5700.9423828125
5926.48876953125
6188.18701171875
6430.099609375
6679.20458984375
6929.8671875
7153.875
7350.220703125
7525.77490234375
7685.01416015625
7816.33203125
7926.6259765625
8021.0556640625
8100.5693359375
8179.09765625
8242.91015625
8297.5244140625
8332.8896484375
8359.728515625
8389.5224609375
8408.9267578125
8426.5751953125
8443.9033203125
8219.9833984375
7904.0107421875
7613.7822265625
7338.9931640625
7074.0458984375
6817.42626953125
6567.5244140625
6327.19384765625
6097.75830078125
5877.61962890625
5668.33740234375
5469.3623046875
5277.99072265625
5096.5771484375
4926.23876953125
4764.04736328125
4607.27685546875
4455.03173828125
