1500.0
1500.0313720703125
1500.0
1500.0
1500.0
1500.0
1500.0
1500.0
1500.0
1500.0
1500.0
1500.0
1500.0
1500.0
1500.0
1500.0
1500.0
1500.0
1500.0
1500.0
1500.0
1500.0
1500.0
1500.0
1500.0
1500.0
1500.0
1500.0
1500.0
1500.0
1500.0
1500.0
100.0
100.0
100.0
100.0
100.0
100.0
1500.0
1499.9993896484375
1499.9967041015625
1499.16357421875
1500.0
1500.0
1500.0
1500.0
1500.0
1500.0
1500.0
1500.0
1500.0
1500.0
1500.0
1500.0
1500.0
1500.0
1500.0
1500.0
1500.0
1500.0
1500.0
1500.0
1500.0
1500.0
1500.0
1447.87841796875
1376.998046875
1312.7396240234375
1247.3292236328125
1191.3717041015625
1135.516357421875
1077.6483154296875
1026.8585205078125
976.596923828125
923.7454833984375
869.134521484375
816.2142944335938
770.1712646484375
727.1832885742188
674.1553344726562
646.802490234375
617.51025390625
550.7449340820312
512.4141845703125
481.7962951660156
446.84698486328125
411.0940856933594
388.3624572753906
375.10882568359375
359.09381103515625
348.1679382324219
338.4348449707031
328.7222595214844
318.81512451171875
