1500.0
1500.0
1500.0
1500.0001220703125
1500.0
1500.0
1500.0
1500.0
1500.0
1500.0
1500.0
1500.0
1500.0
1500.0
1500.0
1500.0
1500.0
1500.0
1500.0
1500.0
1500.0
1500.0
1500.0
1500.0
1500.0
1500.0
1500.0
1500.0
1500.0
1500.0
1500.0
1500.0
100.0
100.0
100.0
100.0
100.0
100.0
1500.0
1499.9986572265625
1500.0
1500.0
1500.0
1500.0
1500.0
1500.0
1500.0
1500.0
1500.0
1500.0
1500.0
1500.0
1500.0
1500.0
1500.0
1500.0
1500.0
1500.0
1500.0
1450.4769287109375
1396.6588134765625
1342.49609375
1288.3092041015625
1234.34716796875
1181.42724609375
1130.28369140625
1081.20361328125
1034.0960693359375
988.888671875
944.9818115234375
902.302001953125
861.04736328125
821.5508422851562
785.3084106445312
752.2774658203125
721.5941162109375
692.8418579101562
665.8519287109375
640.622802734375
617.78271484375
596.910400390625
576.943359375
557.1188354492188
537.3236083984375
517.7568359375
498.9850769042969
480.867919921875
463.4766540527344
447.0693664550781
431.501220703125
416.7705993652344
403.0499267578125
