1288.726806640625
1008.190185546875
810.078857421875
689.2000122070312
655.6815185546875
633.1463012695312
611.6873168945312
591.36865234375
572.1857299804688
554.0521240234375
536.6069946289062
519.7150268554688
503.3477478027344
487.8807067871094
473.7169189453125
460.26171875
446.4582214355469
434.2878112792969
424.285400390625
414.3800048828125
404.9654846191406
396.48797607421875
387.3439025878906
377.4954528808594
367.040283203125
355.837158203125
344.0047302246094
331.6549072265625
318.88128662109375
305.8572082519531
293.7333984375
283.4057922363281
100.0
100.0
100.0
100.0
100.0
100.0
335.5591735839844
279.4320373535156
268.0670166015625
258.1170654296875
251.31385803222656
246.6134490966797
242.9918212890625
240.3553009033203
237.96453857421875
235.6571502685547
233.3372802734375
230.8658905029297
228.3087921142578
225.64260864257812
222.8541259765625
219.9351348876953
217.05325317382812
213.9850616455078
210.70118713378906
207.26025390625
203.9610595703125
200.75660705566406
197.65371704101562
194.599853515625
191.5141143798828
188.3524169921875
185.09396362304688
181.7628631591797
178.30763244628906
174.9127197265625
171.43292236328125
167.85850524902344
164.25233459472656
160.63381958007812
157.04498291015625
153.50106811523438
149.99667358398438
146.53091430664062
143.12440490722656
139.77589416503906
136.56350708007812
133.35379028320312
130.1778564453125
127.04339599609375
123.97360229492188
120.94757080078125
117.9869613647461
115.12316131591797
112.35747528076172
109.67979431152344
107.09528350830078
105.84732818603516
104.60840606689453
102.20508575439453
99.90858459472656
