1499.9862060546875
1500.0
1500.0
1500.0
1500.0008544921875
1500.0
1500.0
1500.0
1500.0
1500.0
1500.0
1500.0
1500.0
1500.0
1500.0
1500.0
1500.0
1500.0
1500.0
1500.0
1500.0
1500.0
1500.0
1500.0
1500.0
1500.0
1500.0
1500.0
1500.0
1500.0
1500.0
1500.0
100.0
100.0
100.0
100.0
100.0
100.0
1500.0
1500.0
1500.0
1500.0
1500.0
1500.0
1500.0
1500.0
1500.0
1500.0
1500.0
1500.0
1500.0
1500.0
1500.0
1500.0
1500.0
1500.0
1500.0
1500.0
1500.0
1500.0
1500.0
1500.0
1500.0
1500.0
1500.0
1500.0
1500.0
1500.0
1500.0
1500.0
1500.0
1500.0
1499.66845703125
1500.0
1500.0
1500.0
1500.0
1500.0
1499.9998779296875
1500.0
1498.7154541015625
1500.0
1499.99169921875
1499.9998779296875
1500.0
1499.98779296875
1500.0
1499.9998779296875
1499.9970703125
1500.0
1499.99951171875
1500.0
