1499.9998779296875
1500.0
1499.9998779296875
1500.0
1500.0
1500.0
1500.0
1500.0
1500.0
1500.0
1500.0
1500.0
1500.0
1500.0
1500.0
1500.0
1500.0
1500.0
1500.0
1500.0
1500.0
1500.0
1500.0
1500.0
1500.0
1500.0
1500.0
1500.0
1500.0
1500.0
1500.0
1474.2071533203125
100.0
100.0
100.0
100.0
100.0
100.0
1500.0
1500.0008544921875
1456.2032470703125
1387.32080078125
1339.81591796875
1298.744140625
1259.5992431640625
1220.5032958984375
1181.0308837890625
1142.0201416015625
1102.5355224609375
1062.0267333984375
1021.033935546875
980.094970703125
940.3881225585938
902.0421142578125
865.064208984375
829.0155639648438
793.7959594726562
759.5221557617188
726.2074584960938
693.9028930664062
662.913818359375
633.677978515625
606.2448120117188
580.3983764648438
555.871826171875
532.6239013671875
510.5488586425781
489.4696960449219
469.2976379394531
449.78851318359375
430.94635009765625
412.73797607421875
395.42266845703125
378.2728271484375
362.2801208496094
347.6168212890625
334.1488037109375
321.72967529296875
310.1319274902344
299.238037109375
289.13153076171875
279.73223876953125
270.95562744140625
262.7658996582031
255.18455505371094
248.3834228515625
242.4510040283203
237.18936157226562
232.19375610351562
227.45619201660156
223.25941467285156
219.4572296142578
