1499.99951171875
1500.0
1189.264892578125
1001.1099853515625
954.7791748046875
927.9994506835938
903.1900634765625
879.2481079101562
854.9373779296875
833.2886352539062
811.2589721679688
790.7171020507812
771.4229125976562
752.6437377929688
733.7857055664062
714.9608764648438
696.1011352539062
677.5075073242188
660.2169799804688
644.587158203125
629.7232666015625
614.9776000976562
600.5448608398438
586.5875244140625
572.3975830078125
557.5696411132812
543.0584106445312
529.1886596679688
515.90380859375
502.8407287597656
489.60968017578125
475.685302734375
100.0
100.0
100.0
100.0
100.0
100.0
776.9105834960938
540.5264282226562
442.9229431152344
400.98779296875
383.57958984375
372.29425048828125
363.2571716308594
355.29638671875
347.6371765136719
339.91558837890625
332.01513671875
323.878173828125
315.4997863769531
308.14794921875
301.0520324707031
294.0794372558594
287.17852783203125
280.2509460449219
273.28961181640625
266.3100280761719
259.3593444824219
252.4559326171875
245.57711791992188
238.72482299804688
231.93112182617188
225.22537231445312
218.64984130859375
212.23849487304688
206.00732421875
199.96978759765625
194.1318817138672
188.49850463867188
183.05755615234375
177.978759765625
173.1329803466797
168.43898010253906
163.9033966064453
159.52992248535156
155.32449340820312
151.28248596191406
147.4334716796875
143.74642944335938
140.2252197265625
136.83128356933594
133.5498809814453
130.37594604492188
127.30671691894531
124.34324645996094
121.47057342529297
118.68852996826172
115.99601745605469
113.39069366455078
110.8726577758789
108.43931579589844
