1499.9998779296875
1500.0
1499.9998779296875
1500.0
1499.9998779296875
1500.0
1500.0
1500.0
1500.0
1500.0
1500.0
1500.0
1500.0
1500.0
1500.0
1500.0
1500.0
1500.0
1500.0
1499.9998779296875
1500.0
1500.0
1500.0
1500.0
1500.0
1500.0
1500.0
1500.0
1500.0
1500.0
1500.0
1500.0
100.0001220703125
99.9999008178711
100.0
100.0
100.0
100.0
1499.9998779296875
1500.0
1499.9996337890625
1500.0
1500.0
1500.0
1500.0
1500.0
1500.0
1500.0
1500.0
1500.0
1500.0
1500.0
1500.0
1500.0
1500.0
1500.0
1500.0
1500.0
1500.0
1500.0
1500.0
1500.0
1500.0
1472.8580322265625
1435.2891845703125
1398.71435546875
1361.7940673828125
1324.3892822265625
1286.7437744140625
1249.11083984375
1211.7720947265625
1174.88623046875
1138.449462890625
1102.725830078125
1067.6453857421875
1033.3331298828125
999.8046264648438
967.0625610351562
935.69287109375
905.8018798828125
877.2405395507812
849.7763671875
823.2322387695312
797.5159912109375
772.4598388671875
748.0911254882812
724.33935546875
701.2538452148438
678.7814331054688
656.9329223632812
635.6842651367188
615.0230712890625
