1500.0
1500.0
1500.0
1500.0
1500.0
1500.0
1500.0
1500.0
1500.0
1500.0
1500.0
1499.951416015625
1500.0
1500.0
1500.0
1500.0
1500.0
1500.0
1500.0
1500.0
1500.0
1500.0
1500.0
1500.0
1500.0
1500.0
1500.0
1500.0
1500.0
1500.0
1500.0
1500.0
100.0
100.0
100.0
100.0
100.0
100.0
100.0
1500.0
1500.0
1500.0
1500.0
1500.0
1500.0
1500.0
1500.0
1500.0
1500.0
1500.0
1500.0
1500.0
1500.0
1500.0
1500.0
1500.0
1500.0
1500.0
1500.0
1500.0
1500.0
1454.085205078125
1394.5845947265625
1339.1429443359375
1286.2760009765625
1235.5556640625
1186.810791015625
1139.9825439453125
1095.0030517578125
1051.8385009765625
1010.433837890625
970.6854858398438
932.4646606445312
895.901123046875
860.9318237304688
827.466552734375
795.4139404296875
764.7193603515625
735.2760620117188
707.1630249023438
680.1821899414062
654.2464599609375
629.7744140625
606.42626953125
584.1340942382812
562.8809814453125
542.6448974609375
523.3433227539062
504.2984924316406
485.9303283691406
469.3388977050781
453.38629150390625
438.23309326171875
