1499.9996337890625
1500.0
1183.706298828125
1003.6500854492188
958.1296997070312
930.9265747070312
905.750244140625
881.60009765625
857.3551025390625
835.8010864257812
813.7206420898438
793.788330078125
774.9712524414062
756.3378295898438
737.55419921875
718.7745361328125
699.9104614257812
681.5748291015625
664.665283203125
649.2035522460938
634.463623046875
619.8028564453125
604.8965454101562
590.1752319335938
575.5360717773438
560.4676513671875
545.6331787109375
531.4161376953125
517.7010498046875
504.05084228515625
490.20147705078125
475.9462890625
100.0
100.0
100.0
100.0
100.0
100.0
100.0
765.5261840820312
539.4578247070312
444.87353515625
402.8227233886719
385.2167663574219
373.67901611328125
364.635498046875
356.46636962890625
348.7917175292969
341.0351257324219
333.10272216796875
325.0008544921875
316.6610107421875
309.27203369140625
302.149169921875
295.1653747558594
288.2627868652344
281.3561706542969
274.4195251464844
267.4820556640625
260.5738830566406
253.7156982421875
246.89044189453125
240.0731658935547
233.34934997558594
226.67233276367188
220.1134490966797
213.7145538330078
207.49053955078125
201.4515838623047
195.5992431640625
189.95164489746094
184.4970245361328
179.40826416015625
174.53762817382812
169.818603515625
165.25613403320312
160.85247802734375
156.6118621826172
152.54232788085938
148.64085388183594
144.92698669433594
141.3677978515625
137.94757080078125
134.6400909423828
131.43966674804688
128.34214782714844
125.35116577148438
122.45496368408203
119.64952087402344
116.9339828491211
114.30744934082031
111.7683334350586
109.3144302368164
