1500.0
1500.0
1500.0
1500.0
1500.0
1500.0
1500.0
1500.0
1500.0
1500.0
1500.0
1500.0
1500.0
1500.0
1500.0
1500.0
1500.0
1500.0
1500.0
1500.0
1500.0
1500.0
1500.0
1500.0
1500.0
1500.0
1500.0
1500.0
1500.0
1500.0
1500.0
1500.0
100.0
100.0
100.0
100.0
100.0
100.0
1500.0
1500.0
1500.0
1500.0
1500.0
1500.0
1500.0
1500.0
1500.0
1500.0
1500.0
1500.0
1500.0
1500.0
1500.0
1500.0
1500.0
1500.0
1500.0
1500.0
1500.0
1500.0
1500.0
1500.0
1500.0
1500.0
1500.0
1500.0
1500.0
1500.0
1500.0
1500.0
1500.0
1500.0
1467.1627197265625
1383.0828857421875
1313.1104736328125
1248.431396484375
1185.1456298828125
1146.2659912109375
1113.5234375
1078.7379150390625
1049.075927734375
1017.5046997070312
983.8796997070312
948.9640502929688
912.8399047851562
876.430419921875
840.2047729492188
804.5376586914062
767.4083862304688
747.1182861328125
743.1610717773438
728.6246337890625
