1500.0
1500.0
1500.0
1500.0
1500.0
1500.0
1500.0
1500.0
1500.0
1500.0
1500.0
1500.0
1500.0
1500.0
1500.0
1500.0
1500.0
1500.0
1500.0
1500.0
1500.0
1500.0
1500.0
1500.0
1500.0
1500.0
1500.0
1500.0
1500.0
1500.0
1500.0
1500.0
100.0
100.0
100.0
100.0
100.0
100.0
1500.0
1500.0
1500.0
1500.0
1500.0
1500.0
1500.0
1500.0
1500.0
1500.0
1500.0
1413.1475830078125
1323.0623779296875
1238.7017822265625
1160.4100341796875
1087.595458984375
1021.0481567382812
959.080810546875
900.1315307617188
846.4476928710938
799.9447021484375
757.4459228515625
716.6145629882812
676.53955078125
636.6489868164062
597.4343872070312
562.0560913085938
531.3650512695312
507.1227722167969
484.34173583984375
461.410400390625
438.10308837890625
414.24517822265625
390.3346252441406
366.88397216796875
343.8540344238281
321.5339660644531
299.93218994140625
279.39306640625
260.0416564941406
243.35916137695312
229.824951171875
218.71188354492188
208.9322052001953
204.09133911132812
200.07955932617188
196.2279815673828
192.3653106689453
188.3629913330078
184.21302795410156
179.89694213867188
175.48646545410156
171.03179931640625
166.5598907470703
