1440.774658203125
1125.852783203125
888.5518188476562
752.7911376953125
679.1727294921875
647.5599975585938
629.0288696289062
612.8388671875
597.0465698242188
581.7819213867188
566.8098754882812
551.3419799804688
535.3486328125
519.2047729492188
501.9542236328125
485.061279296875
469.118408203125
453.7687683105469
438.2864990234375
422.6419677734375
407.4060974121094
392.304931640625
377.407470703125
362.7382507324219
348.6777038574219
338.1055603027344
327.777587890625
317.5855712890625
307.4422302246094
297.6136779785156
289.59326171875
284.1915588378906
100.0
100.0
100.0
100.0
100.0
100.0
395.6305847167969
298.1057434082031
271.169921875
259.133056640625
252.948486328125
248.48915100097656
244.80532836914062
241.3219757080078
237.83343505859375
234.5368194580078
231.25521850585938
227.89259338378906
224.48019409179688
221.21258544921875
217.73104858398438
214.21148681640625
210.6529541015625
206.98643493652344
203.30223083496094
199.58802795410156
195.78195190429688
191.8935546875
187.94557189941406
183.94898986816406
180.0178680419922
176.08155822753906
172.10360717773438
168.12860107421875
164.17982482910156
160.2401580810547
156.30372619628906
152.36277770996094
148.47496032714844
144.626220703125
140.82965087890625
137.1048126220703
133.55523681640625
130.1571044921875
126.82169342041016
123.5758056640625
120.43962097167969
117.40428161621094
114.4798355102539
111.6480712890625
108.90815734863281
106.25863647460938
103.70055389404297
101.2353515625
98.86331176757812
96.57707214355469
94.37520599365234
92.25355529785156
90.20988464355469
88.23596954345703
