1499.999755859375
1500.0
1500.0
1500.0
1500.0
1500.000244140625
1500.0
1499.9998779296875
1500.0
1500.0
1500.0
1499.999755859375
1499.99951171875
1499.9998779296875
1499.995849609375
1499.9974365234375
1499.9996337890625
1499.9998779296875
1499.9998779296875
1499.999755859375
1499.99951171875
1499.9998779296875
1499.9893798828125
1499.992919921875
1500.0
1499.9990234375
1499.993408203125
1499.99951171875
1500.0
1500.0
1499.999755859375
1500.0
100.0125503540039
100.0
100.0
100.0
100.0
100.0
1500.0
1500.0
1500.0
1500.0
1500.0
1499.9998779296875
1500.0
1500.0
1499.9998779296875
1500.0
1499.9998779296875
1499.9998779296875
1500.0
1499.8037109375
1452.10302734375
1416.486083984375
1384.5797119140625
1352.7177734375
1320.8328857421875
1289.4615478515625
1258.6644287109375
1228.3446044921875
1198.1759033203125
1168.397216796875
1138.697021484375
1109.203857421875
1080.1094970703125
1051.49365234375
1023.3348388671875
995.5828247070312
968.4559936523438
942.2626953125
916.6177978515625
891.6734008789062
867.39013671875
843.8668823242188
821.13916015625
799.1817626953125
777.9849243164062
757.6248779296875
737.98046875
719.059326171875
700.9938354492188
683.4054565429688
666.6388549804688
650.526611328125
634.9122924804688
619.8151245117188
605.2169189453125
591.0972290039062
577.5174560546875
564.4520874023438
551.8157958984375
539.577392578125
