1500.0
1500.0
1500.0
1500.0
1500.0
1500.0
1500.0
1500.0
1500.0
1500.0
1500.0
1500.0
1500.0
1500.0
1500.0
1500.0
1500.0
1500.0
1500.0
1500.0
1500.0
1500.0
1500.0
1500.0
1500.0
1500.0
1500.0
1500.0
1500.0
1500.0
1500.0
1500.0
100.0
100.0
100.0
100.0
100.0
100.0
1499.9996337890625
1499.9998779296875
1500.0
1500.0
1500.0
1500.0
1500.0
1500.0
1500.0
1500.0
1481.3681640625
1390.61865234375
1304.8934326171875
1225.84765625
1152.3355712890625
1084.67333984375
1021.0565185546875
960.194091796875
902.70654296875
848.5160522460938
800.344970703125
758.2590942382812
718.6796875
680.9724731445312
644.9989624023438
611.0283203125
579.8516235351562
551.023193359375
524.7179565429688
498.9132995605469
476.48876953125
455.1925354003906
444.87213134765625
434.6810607910156
415.0915832519531
396.9246520996094
380.4846496582031
364.2499084472656
346.7485046386719
331.213623046875
315.6607360839844
299.66400146484375
283.2796630859375
266.902587890625
251.5078582763672
238.14149475097656
223.7570037841797
208.74180603027344
195.75204467773438
182.7965545654297
168.8402099609375
155.1880340576172
142.38499450683594
135.45932006835938
129.19041442871094
122.75508880615234
