1499.9857177734375
1500.0
1500.0
1500.0001220703125
1500.0
1500.0
1500.0
1500.0
1500.0
1500.0
1500.0
1500.0
1499.9722900390625
1500.0
1500.0
1500.0
1500.0
1500.0
1500.0
1500.0
1500.0
1500.0
1500.0
1500.0
1500.0
1500.0
1500.0
1500.0
1500.0
1500.0
1500.0
1500.0
100.04557800292969
100.0
100.0
100.0
100.0
100.0
1500.0
1500.0
1499.9998779296875
1500.0
1500.0
1500.0
1500.0
1500.0
1500.0
1500.0
1500.0
1500.0
1500.0
1500.0
1500.0
1500.0
1500.0
1500.0
1500.0
1500.0
1500.0
1500.0
1500.0
1500.0
1500.0
1500.0
1500.0
1500.0
1500.0
1500.0
1500.0
1500.0
1468.7606201171875
1404.80029296875
1346.0311279296875
1290.11474609375
1236.06396484375
1184.748046875
1136.120361328125
1090.0111083984375
1046.3922119140625
1005.0526123046875
965.6751708984375
928.3192138671875
892.8706665039062
859.2132568359375
827.3379516601562
796.942626953125
768.2972412109375
741.3811645507812
716.2882690429688
692.7171630859375
670.471923828125
649.4535522460938
629.489501953125
