1499.99951171875
1500.0
1500.0
1500.0
1500.0
1500.0
1500.0
1500.0
1500.0
1500.0
1500.0
1499.9805908203125
1500.0
1500.0
1500.0
1500.0
1500.0
1500.0
1500.0
1500.0
1500.0
1500.0
1500.0
1500.0
1500.0
1500.0
1500.0
1500.0
1500.0
1500.0
1500.0
1500.0
100.0
100.0
100.0
100.0
100.0
100.0
1500.0
1500.0
1500.0
1500.0
1500.0
1500.0
1500.0
1500.0
1500.0
1500.0
1500.0
1427.928466796875
1340.55078125
1258.64111328125
1183.1455078125
1112.614501953125
1045.989990234375
981.4899291992188
920.7191772460938
864.1316528320312
810.4877319335938
759.3787231445312
710.2792358398438
662.6134643554688
617.636962890625
576.7275390625
538.922119140625
504.363037109375
473.2674865722656
445.11700439453125
419.04827880859375
394.993896484375
372.76837158203125
351.9736328125
332.2207336425781
313.64642333984375
300.4869079589844
292.0129699707031
283.80224609375
275.664306640625
267.5150146484375
259.6000671386719
251.94985961914062
244.68145751953125
237.78558349609375
231.14247131347656
224.7128448486328
218.47218322753906
212.3606719970703
206.2887420654297
200.47621154785156
194.85971069335938
189.34207153320312
183.78575134277344
