1499.999755859375
1500.0
1500.0
1500.0
1500.0
1500.0
1500.0
1500.0
1500.0
1500.0
1500.0
1500.0
1500.0
1500.0
1499.9892578125
1500.0
1500.0
1500.0
1500.0
1500.0
1500.0
1500.0
1500.0
1500.0
1500.0
1500.0
1500.0
1500.0
1500.0
1500.0
1500.0
1500.0
100.0
99.99990844726562
100.0
100.0
100.0
100.0
1500.0
1500.0
1500.0
1500.0
1500.0
1500.0
1500.0
1500.0
1500.0
1500.0
1500.0
1500.0
1500.0
1500.0
1500.0
1500.0
1500.0
1500.0
1500.0
1500.0
1500.0
1500.0
1500.0
1496.152099609375
1440.0906982421875
1385.904296875
1332.4127197265625
1279.573486328125
1227.6837158203125
1177.114990234375
1128.017822265625
1080.6015625
1034.790771484375
990.49853515625
947.6719360351562
906.400634765625
866.746826171875
828.685791015625
792.27392578125
757.56298828125
724.55078125
693.1510009765625
663.1401977539062
634.1998291015625
605.8402709960938
579.1793823242188
554.6569213867188
530.9595947265625
508.723388671875
487.5740051269531
467.420654296875
448.2500915527344
430.0190124511719
412.6506652832031
