1435.4078369140625
1251.0618896484375
1119.05810546875
1039.712890625
1010.7068481445312
1000.4401245117188
994.2197265625
986.0771484375
977.6013793945312
968.3016357421875
959.1402587890625
950.5629272460938
942.3311767578125
934.376220703125
926.3972778320312
918.3529052734375
909.9432983398438
901.7584838867188
893.6867065429688
885.3516845703125
876.905029296875
868.3345336914062
859.1953125
849.7628173828125
840.0748291015625
830.0714721679688
819.48046875
808.05810546875
795.6837768554688
782.3853149414062
768.2619018554688
753.4239501953125
100.0
100.0
100.0
100.0
100.0
100.0
799.26904296875
730.8367919921875
693.4678955078125
674.0813598632812
661.3012084960938
650.3085327148438
639.2892456054688
627.70947265625
615.5523681640625
602.8784790039062
589.7927856445312
576.3759765625
562.7188110351562
548.90380859375
534.9649047851562
520.8753662109375
506.61676025390625
492.2442626953125
477.8349304199219
463.3921203613281
449.1366271972656
435.8994140625
422.93609619140625
410.1150207519531
397.4302978515625
384.97509765625
372.6683654785156
360.497314453125
348.5270690917969
336.7378845214844
325.1524353027344
313.8393249511719
302.82806396484375
292.1106262207031
281.717041015625
271.6495056152344
261.95843505859375
252.66505432128906
243.7713165283203
235.21812438964844
226.9532470703125
218.9785919189453
211.26405334472656
203.80160522460938
196.58993530273438
189.4974365234375
182.5955352783203
176.0066375732422
169.67825317382812
163.59967041015625
157.77464294433594
152.19757080078125
146.86375427246094
141.76083374023438
