1499.98974609375
1500.0
1500.0
1500.0
1500.0
1500.0
1500.0
1500.0
1500.0
1500.0
1500.0
1500.0
1500.0
1500.0
1500.0
1500.0
1500.0
1500.0
1500.0
1500.0
1500.0
1500.0
1500.0
1500.0
1500.0001220703125
1499.99755859375
1500.0
1500.0
1500.0
1500.0
1500.0
1500.0
1500.0
99.99993896484375
100.0
100.0
100.0
100.0
100.0
1500.0
1500.0
1500.0
1500.0
1500.0
1499.9998779296875
1500.0003662109375
1500.0
1500.0
1500.0
1500.0
1500.0
1500.0
1500.0
1498.2130126953125
1500.0
1500.0
1500.0
1500.0
1479.0264892578125
1406.1676025390625
1347.041015625
1295.159912109375
1249.7440185546875
1207.5743408203125
1168.7740478515625
1132.6641845703125
1097.8565673828125
1064.8468017578125
1034.488037109375
1006.4085083007812
980.1250610351562
955.8966674804688
933.3365478515625
912.9879760742188
893.692138671875
874.880859375
865.0699462890625
856.2093505859375
839.1217651367188
820.4632568359375
801.3731689453125
785.8621826171875
771.143310546875
756.5150756835938
741.8006591796875
726.8917236328125
711.8106689453125
696.613525390625
681.1876220703125
665.5721435546875
649.9619140625
634.2813720703125
618.6114501953125
602.9069213867188
587.201904296875
