1304.2183837890625
998.4160766601562
734.6771850585938
621.406005859375
527.6550903320312
493.3033752441406
468.8418273925781
448.34613037109375
430.124755859375
414.7631530761719
402.3844909667969
390.0641784667969
380.9478454589844
374.72052001953125
368.5466003417969
361.9667053222656
355.06195068359375
348.46466064453125
342.6671447753906
337.4708251953125
332.4440002441406
327.2962646484375
321.96331787109375
318.3220520019531
316.46673583984375
310.7213134765625
304.9269104003906
299.0892028808594
293.6167297363281
288.05267333984375
281.9179992675781
274.9754333496094
267.2757263183594
260.14593505859375
100.0
99.9999771118164
100.0
100.0
100.0
100.0
100.0
379.33441162109375
287.5213623046875
235.59115600585938
218.5501708984375
212.5524139404297
207.37818908691406
201.43472290039062
197.72166442871094
194.97398376464844
192.64657592773438
190.2787322998047
187.72740173339844
184.9746856689453
182.07301330566406
179.0425567626953
175.8825225830078
172.595947265625
169.25332641601562
165.88690185546875
162.5274200439453
159.1470184326172
155.7379913330078
152.3244171142578
148.94760131835938
145.6487274169922
142.45314025878906
139.36904907226562
136.40455627441406
133.56089782714844
130.85430908203125
128.27220153808594
125.78966522216797
123.39694213867188
121.08932495117188
118.8789291381836
116.7734375
114.76285552978516
112.83802032470703
111.00791931152344
109.25267791748047
107.5728759765625
105.967529296875
104.41336059570312
102.90259552001953
101.42500305175781
99.97132873535156
98.5347900390625
97.11038970947266
95.69535064697266
94.28944396972656
92.89619445800781
91.53485107421875
90.22291564941406
88.92001342773438
87.64289093017578
86.39308166503906
