1202.957763671875
962.7565307617188
778.252197265625
708.5133056640625
678.4736938476562
655.3739013671875
636.3195190429688
619.7027587890625
604.2196044921875
589.3475341796875
574.8783569335938
560.387939453125
544.3746337890625
529.286865234375
514.6575927734375
500.43231201171875
486.24969482421875
472.1160583496094
458.63189697265625
445.63494873046875
432.60638427734375
419.4021301269531
405.87005615234375
392.192626953125
378.29730224609375
364.9441833496094
352.8484802246094
343.2149353027344
333.1198425292969
323.05657958984375
313.3856506347656
303.916015625
99.99998474121094
100.0
100.0
100.0
100.0
100.0
325.43865966796875
300.52044677734375
280.6871643066406
272.6184997558594
268.4358825683594
264.8728332519531
261.5046081542969
258.3322448730469
255.16456604003906
251.9136962890625
248.6289825439453
245.28590393066406
242.52108764648438
239.88096618652344
237.20419311523438
234.6040496826172
231.9459686279297
229.2129669189453
226.39659118652344
223.43658447265625
220.28408813476562
217.1676025390625
214.0207061767578
210.8871612548828
207.78817749023438
204.79132080078125
201.82391357421875
198.7869110107422
195.68795776367188
192.5576171875
189.3314971923828
186.0892333984375
182.9007110595703
179.681396484375
176.4462432861328
173.2291717529297
169.9890899658203
166.72079467773438
163.3903350830078
160.0124053955078
156.58355712890625
153.1529998779297
149.74871826171875
146.3970489501953
143.16506958007812
140.09298706054688
137.08668518066406
134.1481170654297
131.2594451904297
128.43304443359375
125.64886474609375
122.88410186767578
120.14505004882812
117.45555877685547
