1499.9996337890625
1500.0
1500.0
1499.998291015625
1500.0
1500.0
1500.0
1500.0
1500.0
1500.0
1500.0
1500.0
1500.0
1500.0
1500.0
1500.0
1500.0
1500.0
1500.0
1500.0
1500.0
1500.0
1500.0
1500.0
1500.0
1500.0
1500.0
1500.0
1500.0
1500.0
1500.0
1500.0
100.0
100.0
100.0
100.0
100.0
100.0
1500.0
1500.0
1496.5875244140625
1392.2601318359375
1334.6712646484375
1296.339111328125
1264.7691650390625
1234.977294921875
1204.7828369140625
1172.864501953125
1139.3448486328125
1105.3109130859375
1070.9278564453125
1036.1778564453125
1001.2216796875
966.1869506835938
930.92626953125
895.5608520507812
860.3499755859375
825.6177978515625
791.5499267578125
758.26416015625
725.8987426757812
694.5039672851562
664.233642578125
635.2210693359375
607.5296020507812
581.1386108398438
555.9100341796875
531.7733764648438
508.58392333984375
486.24200439453125
464.9991760253906
444.7397766113281
425.4218444824219
406.9900207519531
389.3772277832031
372.588623046875
356.6606140136719
341.5560607910156
327.19744873046875
312.9354248046875
300.112060546875
287.8390808105469
276.1001892089844
264.7508544921875
254.0133819580078
243.7112579345703
233.96266174316406
224.65472412109375
215.974853515625
207.5998992919922
199.76075744628906
192.3389434814453
