1500.0
1498.2877197265625
1500.0
1500.0
1500.0
1500.0
1500.0
1500.0
1500.0
1500.0
1500.0
1500.0
1500.0
1500.0
1500.0
1500.0
1500.0
1500.0
1500.0
1500.0
1500.0
1500.0
1500.0
1500.0
1500.0
1500.0
1500.0
1500.0
1500.0
1500.0
1500.0
1500.0
1500.0
1500.0
100.00430297851562
99.99967956542969
100.0
100.0
100.0
100.0
1499.9998779296875
1500.0
1483.7918701171875
1445.8568115234375
1430.6358642578125
1416.078857421875
1385.4764404296875
1355.06201171875
1294.2113037109375
1234.5396728515625
1176.4605712890625
1120.506591796875
1066.60791015625
1014.66259765625
964.6769409179688
916.4988403320312
870.1515502929688
825.6453247070312
782.785888671875
741.8795776367188
702.87548828125
665.7608032226562
630.7156982421875
597.5426025390625
566.3456420898438
537.3113403320312
510.0235595703125
484.46368408203125
460.4640808105469
437.9091491699219
416.736328125
396.2390441894531
377.1904602050781
359.2735290527344
342.280517578125
326.2576904296875
311.3193054199219
297.30804443359375
284.0503845214844
271.76495361328125
260.2964172363281
249.53184509277344
239.4153594970703
229.8486785888672
220.81100463867188
212.2333221435547
204.14144897460938
196.54869079589844
189.33592224121094
182.51246643066406
176.0585479736328
169.9271240234375
164.09193420410156
158.53318786621094
153.23500061035156
148.27110290527344
143.519287109375
