1500.0
1500.0
1500.0
1500.0
1500.0
1499.9998779296875
1500.0
1500.0
1500.0
1500.0
1500.0
1500.0
1500.0
1500.0
1500.0
1500.0
1500.0
1500.0
1500.0
1500.00146484375
1500.0
1500.0
1500.0
1500.0
1500.0
1500.0
1500.0
1500.0013427734375
1500.0
1444.3642578125
1390.8359375
1340.468994140625
1291.3909912109375
99.99987030029297
99.99990844726562
99.99966430664062
99.99969482421875
100.00013732910156
100.00009155273438
1499.9998779296875
1417.078125
1335.6329345703125
1295.369140625
1232.148681640625
1155.8499755859375
1091.705810546875
1034.4825439453125
981.7530517578125
932.7598266601562
886.766357421875
843.0546875
801.1531372070312
761.662841796875
725.6736450195312
692.7848510742188
662.6328735351562
634.7042236328125
608.7142944335938
584.3842163085938
561.52294921875
539.99853515625
519.6903076171875
500.4615783691406
482.18035888671875
464.7284851074219
448.03985595703125
432.08270263671875
416.8243103027344
402.2411804199219
388.29058837890625
374.9541931152344
362.2091064453125
350.0373840332031
338.41546630859375
327.262451171875
316.6164245605469
306.45989990234375
296.7589416503906
287.41522216796875
278.3459167480469
269.83056640625
261.66424560546875
253.80599975585938
246.2421417236328
238.95797729492188
231.94374084472656
225.1922607421875
218.66702270507812
212.2333221435547
206.08999633789062
200.31468200683594
194.72943115234375
189.31385803222656
184.09300231933594
179.06332397460938
