1499.9998779296875
1500.0
1500.0
1500.0
1500.0
1500.0
1500.0
1500.0
1500.0
1499.999755859375
1500.0
1500.0
1500.0
1500.0
1500.0
1500.0
1500.0
1500.0
1500.0
1500.0
1500.0
1500.0
1500.0
1500.0
1500.0
1500.0
1500.0
1500.0
1500.0
1500.0
1500.0
1500.0
1500.0
100.0
99.99999237060547
100.0
100.0
99.99999237060547
100.0
1500.0
1500.0
1500.0
1500.0
1500.0
1500.0
1499.9984130859375
1500.0
1500.0
1500.0
1500.0
1500.0
1500.0
1500.0
1491.9534912109375
1386.7371826171875
1306.2447509765625
1237.2513427734375
1176.4686279296875
1122.06640625
1072.7152099609375
1027.347900390625
985.2714233398438
945.9353637695312
926.8888549804688
908.4991455078125
874.177001953125
842.2854614257812
812.8214721679688
785.5526123046875
760.1666259765625
736.34033203125
714.3291625976562
694.0211181640625
675.2182006835938
657.6505126953125
641.1774291992188
625.6921997070312
610.93359375
596.8255615234375
583.2677001953125
570.1719360351562
557.4403686523438
544.9493408203125
532.8253173828125
521.0812377929688
509.748779296875
498.79443359375
488.220703125
478.0461120605469
468.3467102050781
459.1418151855469
450.34149169921875
441.9234313964844
433.8626708984375
426.14349365234375
