1500.0
1500.0
1500.0
1500.0
1499.9998779296875
1500.0
1500.0
1500.0
1500.0
1500.0
1500.0
1500.0
1500.0
1500.0
1500.0
1500.0
1500.0
1500.0
1500.0
1500.0
1500.0
1500.0
1500.0
1500.0
1500.0
1500.0
1500.0001220703125
1500.0001220703125
1500.0
1500.0
1500.0
1500.0
1500.0
1500.0
1500.0
100.0
100.0
100.0
100.0
100.0
100.0
1500.0
1500.0
1500.0
1500.0
1499.997802734375
1500.0
1500.0
1500.0
1424.6943359375
1345.520751953125
1271.4212646484375
1202.5596923828125
1137.36767578125
1074.9822998046875
1016.2890014648438
961.0149536132812
908.6974487304688
859.7403564453125
814.0675048828125
772.087646484375
733.8224487304688
699.1494140625
667.7884521484375
652.9690551757812
638.8179931640625
613.2505493164062
590.614013671875
570.6343383789062
552.3909912109375
535.3408203125
520.1576538085938
505.9593811035156
492.0442199707031
479.6523742675781
467.2919921875
454.248779296875
442.9297180175781
432.97174072265625
423.83612060546875
415.3916320800781
407.5130310058594
399.10968017578125
391.0297546386719
382.7381591796875
374.33258056640625
365.9454650878906
357.5781555175781
349.2477111816406
340.9588317871094
332.7649841308594
324.7295227050781
316.79638671875
308.7855529785156
300.699462890625
292.62103271484375
283.9573669433594
