1499.999755859375
1500.0
1500.0
1500.0
1500.0
1500.00048828125
1500.0
1500.0
1500.0
1499.9996337890625
1500.0
1500.0
1499.999755859375
1499.9984130859375
1499.999267578125
1499.999267578125
1499.998291015625
1500.0
1499.999267578125
1499.9986572265625
1500.0
1499.9998779296875
1499.9991455078125
1499.9930419921875
1500.0
1499.998291015625
1499.9971923828125
1499.992919921875
1500.0
1500.0
1500.0
1500.0
100.01480865478516
99.99999237060547
100.0
100.0
100.0
100.0
1500.0
1500.0
1500.0
1500.0
1500.0
1500.0
1499.9998779296875
1499.9998779296875
1499.9998779296875
1499.9998779296875
1500.0
1499.9998779296875
1498.909912109375
1451.4691162109375
1415.4346923828125
1382.65673828125
1349.8892822265625
1317.227783203125
1285.228271484375
1253.8450927734375
1222.908203125
1192.148193359375
1161.8116455078125
1131.4832763671875
1101.4610595703125
1071.9019775390625
1042.8363037109375
1014.2310791015625
986.0519409179688
958.7272338867188
932.1731567382812
906.3436889648438
881.1141967773438
856.6596069335938
833.0213012695312
810.2001953125
788.1786499023438
767.0220336914062
746.7041625976562
727.1170654296875
708.51416015625
690.4544677734375
673.105224609375
656.5146484375
640.4244384765625
624.8592529296875
609.8148193359375
595.2879638671875
581.2855834960938
567.8558959960938
554.8936157226562
542.3518676757812
530.24853515625
518.5629272460938
