1500.0
1500.0
1500.0
1500.0
1500.0
1500.0
1500.0
1500.0
1500.0
1500.0
1500.0
1500.0
1500.0
1500.0
1500.0
1500.0
1500.0
1500.0
1500.0
1500.0
1500.0
1500.0
1500.0
1500.0
1500.0
1500.0
1500.0
1500.0
1500.0
1500.0
1500.0
1500.0
1500.0
100.0
100.0
100.0
100.0
100.0
100.0
1500.0
1500.0
1500.0
1500.0
1500.0
1500.0
1500.0
1500.0
1500.0
1500.0
1500.0
1500.0
1500.0
1500.0
1463.390869140625
1363.9234619140625
1276.8792724609375
1197.44189453125
1123.828125
1055.0887451171875
992.9530029296875
934.6771850585938
879.59912109375
829.4612426757812
783.4191284179688
740.9144897460938
701.652099609375
665.2256469726562
631.28515625
599.5171508789062
569.7763671875
541.937744140625
515.8602905273438
491.3958435058594
468.4027404785156
446.8159484863281
426.53839111328125
407.49481201171875
389.5638122558594
372.63397216796875
356.62713623046875
341.4830017089844
327.14105224609375
313.5469055175781
300.6576232910156
288.43231201171875
276.8330383300781
265.8092956542969
255.3112030029297
245.31610107421875
235.7909393310547
226.71484375
218.05984497070312
209.79991149902344
