1500.0
1274.5982666015625
1167.197998046875
1108.3330078125
1037.5576171875
1004.6896362304688
986.1876220703125
973.8212890625
961.60009765625
946.4547729492188
930.8492431640625
915.8552856445312
900.7352905273438
885.9674682617188
871.4324340820312
856.4931640625
840.3819580078125
821.7923583984375
800.4564819335938
776.8353271484375
751.780517578125
726.5460815429688
702.2183227539062
678.0763549804688
654.1747436523438
630.5209350585938
606.982666015625
583.6165771484375
560.4445190429688
537.4752197265625
514.6428833007812
491.9696960449219
469.5316162109375
100.0
100.0
100.0
100.0
100.0
100.0
434.7846374511719
404.07855224609375
380.4228820800781
361.06939697265625
343.4981384277344
326.60845947265625
310.1056823730469
293.9396667480469
278.24346923828125
263.09918212890625
248.4905242919922
234.44033813476562
221.00022888183594
208.186279296875
196.0145721435547
184.5063934326172
173.67579650878906
163.5372314453125
154.0421905517578
145.15953063964844
136.65792846679688
128.7777557373047
121.38130950927734
114.48941040039062
108.09479522705078
101.94356536865234
96.33919525146484
91.13463592529297
86.30577850341797
81.8174819946289
77.6386947631836
73.74274444580078
70.10650634765625
66.47831726074219
63.18447494506836
60.1788444519043
57.360130310058594
54.70818328857422
52.19395065307617
49.83241271972656
47.61823272705078
45.537261962890625
43.57770919799805
41.72774124145508
39.974910736083984
38.31670379638672
36.7484016418457
35.265472412109375
33.86162567138672
32.531219482421875
31.269710540771484
30.072185516357422
28.93436622619629
27.852371215820312
