1499.999755859375
1497.005615234375
1500.0
1500.0
1500.0
1500.0
1500.0
1500.0
1500.0
1500.0
1500.0
1500.0
1500.0
1500.0
1500.0
1500.0
1500.0
1500.0
1500.0
1500.0
1500.0
1500.0
1500.0
1500.0
1500.0
1500.0
1500.0
1500.0
1500.0
1500.0
1500.0
1500.0
99.99872589111328
100.0
100.0
100.0
100.0
100.0
1498.962646484375
1500.0
1500.0
1500.0
1500.0
1500.0
1500.0
1483.0462646484375
1451.5509033203125
1422.6949462890625
1394.126708984375
1364.916748046875
1334.6055908203125
1303.346435546875
1271.0745849609375
1237.9691162109375
1203.9267578125
1168.82373046875
1132.92578125
1097.152099609375
1061.9617919921875
1027.2132568359375
992.9523315429688
959.248046875
925.9863891601562
893.2167358398438
861.0765991210938
829.645263671875
798.9778442382812
769.006591796875
739.7303466796875
711.2174682617188
683.5377807617188
656.6885986328125
630.7779541015625
605.8772583007812
582.0126953125
559.1880493164062
537.2971801757812
516.2068481445312
496.0706481933594
476.6873474121094
458.0522155761719
440.1165466308594
422.8099670410156
406.2973327636719
390.359375
374.60546875
359.7133483886719
345.792236328125
332.3788146972656
319.52374267578125
307.3487548828125
295.7223205566406
