1500.0
1500.0
1500.0
1500.0
1500.0
1500.0
1499.5418701171875
1500.0
1500.0
1500.0
1500.0
1500.0
1500.0
1500.0
1500.0
1500.0
1500.0
1500.0
1500.0
1500.0
1500.0
1500.0
1500.0
1500.0
1500.0
1500.0
1500.0
1500.0
1499.9969482421875
1499.992431640625
1500.0001220703125
1500.0006103515625
1500.0
100.0
99.98229217529297
100.0
100.00050354003906
99.9991226196289
99.99976348876953
1500.0
1500.0
1500.0
1500.0087890625
1500.0
1500.0
1499.3856201171875
1499.9993896484375
1499.1790771484375
1499.987060546875
1499.999755859375
1416.0206298828125
1338.9796142578125
1277.919921875
1225.9122314453125
1179.8460693359375
1138.0489501953125
1099.42138671875
1063.245361328125
1029.03515625
996.2510986328125
964.94921875
934.995361328125
906.3071899414062
879.2055053710938
853.4750366210938
828.78125
804.9789428710938
782.0737915039062
760.1143188476562
739.1719970703125
719.09228515625
699.8419189453125
681.421875
663.7791137695312
646.8402099609375
630.469970703125
614.55419921875
599.1883544921875
584.4657592773438
570.4368286132812
557.06982421875
544.3193359375
532.0943603515625
520.3668212890625
509.08355712890625
498.3552551269531
488.2634582519531
478.6309814453125
469.2290344238281
459.9571533203125
450.7680969238281
441.7054138183594
432.7755432128906
423.96484375
415.3062438964844
