1499.999755859375
1500.0
1500.0
1500.0
1500.0
1500.0
1500.0
1500.0
1500.0
1500.0
1500.0
1500.0
1500.0
1500.0
1500.0
1500.0
1500.0
1500.0
1500.0
1500.0
1500.0
1500.0
1500.0
1500.0
1500.0
1500.0
1500.0
1500.0
1500.0
1500.0
1500.0
1500.0
1500.0
100.0
100.0
100.0
100.0
100.0
100.0
1500.0
1500.0
1500.002685546875
1500.0
1500.0
1500.0
1500.0
1500.0
1500.0
1500.0
1500.0
1500.0
1500.0
1500.0
1500.0
1442.81884765625
1379.5411376953125
1320.5299072265625
1264.3994140625
1210.6859130859375
1159.174072265625
1109.7647705078125
1062.41162109375
1016.9322509765625
973.330322265625
945.2786865234375
931.5322265625
891.8776245117188
854.0925903320312
818.0826416015625
783.7014770507812
750.9505615234375
719.8154907226562
690.242431640625
662.16357421875
635.4642333984375
610.1339721679688
586.0814208984375
563.2489624023438
541.5135498046875
520.6448364257812
500.9558410644531
482.2640075683594
464.5994567871094
447.8364562988281
431.89959716796875
416.21539306640625
401.0687255859375
387.3691101074219
374.3302001953125
361.8228759765625
349.8708801269531
338.26019287109375
327.05596923828125
316.5118103027344
306.5619201660156
297.03472900390625
