1499.9998779296875
1500.0
1500.0
1500.0
1500.0
1499.9986572265625
1500.0
1499.9998779296875
1500.0
1500.0
1500.0
1500.0
1500.0
1500.0
1500.0
1500.0
1500.0
1500.0
1500.0
1500.0
1500.0
1500.0
1500.0
1500.0
1500.0
1500.0
1500.0
1500.0
1500.0
1500.0
1500.0
1500.0
1500.0
100.0
100.0
100.0
100.0
100.0
100.0
1500.0
1500.0
1500.02880859375
1500.0
1500.0
1500.0
1500.0
1500.0
1500.0
1500.0
1500.0
1500.0
1500.0
1500.0
1500.0
1500.0
1500.0
1494.3944091796875
1394.5501708984375
1315.9962158203125
1244.2286376953125
1177.7130126953125
1114.58837890625
1067.9189453125
1025.4971923828125
997.7511596679688
983.9266357421875
944.8594360351562
907.5994873046875
871.1543579101562
834.385498046875
796.8349609375
758.47509765625
720.5369262695312
685.2252807617188
652.08740234375
620.07958984375
589.4583129882812
565.2018432617188
552.1485595703125
536.6085815429688
520.64404296875
505.0198059082031
489.49542236328125
474.0155944824219
459.3043518066406
445.58221435546875
432.6557922363281
420.46295166015625
408.9739685058594
398.0604248046875
387.6212158203125
377.4757080078125
367.42364501953125
357.578369140625
347.8951416015625
338.3845520019531
