1499.999267578125
1500.0
1500.0
1500.0
1500.0
1500.0
1500.0
1500.0
1500.0
1500.0
1500.0
1500.0
1500.0
1500.0
1500.0
1500.0
1500.0
1500.0
1500.0
1500.0
1500.0
1500.0
1500.0
1500.0
1500.0
1500.0
1500.0
1500.0
1500.0
1500.0
1500.0
1500.0
100.0
100.0
99.99993133544922
100.0
100.0
100.0
100.0
1500.0
1500.0
1500.0
1500.0
1500.0
1500.0
1500.0
1500.0
1500.0
1500.0
1500.0
1500.0
1500.0
1500.0
1500.0
1500.0
1500.0
1500.0
1500.0
1500.0
1500.0
1500.0
1500.0
1500.0
1480.9307861328125
1417.08056640625
1356.9827880859375
1299.03369140625
1242.6358642578125
1187.548828125
1134.4085693359375
1083.9111328125
1035.901123046875
990.4388427734375
947.2025146484375
906.0249633789062
866.3944091796875
829.0162353515625
793.452880859375
762.3602294921875
736.1949462890625
712.3329467773438
689.5994262695312
667.818603515625
647.078369140625
627.4447631835938
608.8262939453125
591.2840576171875
574.7567749023438
559.0267944335938
544.0674438476562
530.1002807617188
517.0269775390625
504.5835266113281
492.5157775878906
