1500.0
1500.0
1499.9998779296875
1500.0
1500.0
1500.0
1499.9998779296875
1499.9998779296875
1500.0
1500.0
1500.0
1500.0
1500.0
1500.0
1500.0
1500.0
1500.0
1500.0
1500.0
1497.1822509765625
1479.235595703125
1464.4068603515625
1449.5687255859375
1433.4012451171875
1415.0450439453125
1394.2999267578125
1371.82861328125
1348.161376953125
1323.7569580078125
1299.1104736328125
1274.4105224609375
1249.7130126953125
100.0
100.00001525878906
99.99999237060547
100.0
100.0
100.0
1500.0
1500.0
1373.581787109375
1255.7974853515625
1196.5972900390625
1154.2294921875
1117.2503662109375
1083.0955810546875
1050.753173828125
1019.756591796875
989.73046875
959.9063720703125
930.7669067382812
902.6316528320312
874.7197265625
847.0735473632812
819.4510498046875
791.5927124023438
763.3042602539062
735.2157592773438
707.9785766601562
681.6802978515625
656.2745971679688
631.8277587890625
608.1847534179688
585.4896240234375
563.8241577148438
543.4603881835938
524.4260864257812
506.53326416015625
490.0457458496094
474.89068603515625
460.7719421386719
447.30810546875
434.11175537109375
421.08160400390625
408.2415771484375
395.4201965332031
383.1122741699219
371.2843017578125
360.77459716796875
351.0724792480469
341.97119140625
331.33453369140625
319.7620544433594
306.82427978515625
293.7734069824219
280.9494934082031
268.3084716796875
255.88214111328125
243.69871520996094
231.79986572265625
220.36021423339844
211.1514434814453
