1500.0
1500.0
1500.0
1500.003173828125
1500.0
1500.0
1500.0
1500.0
1500.0
1500.0
1500.0
1500.0
1500.0
1500.0
1500.0
1500.0
1500.0
1500.0
1500.0
1500.0
1500.0
1500.0
1500.0
1500.0
1500.0
1500.0
1500.0
1500.0
1500.0
1500.0
1500.0
1500.0
100.0
100.0
100.0
100.0
100.0
100.0
1500.0
1500.0
1500.0
1500.0
1500.0
1500.0
1500.0
1500.0
1500.0
1500.0
1500.0
1500.0
1444.253662109375
1359.9571533203125
1280.335205078125
1207.03076171875
1138.178466796875
1072.07080078125
1007.2762451171875
945.6991577148438
891.8632202148438
842.6730346679688
796.47265625
753.710205078125
711.96240234375
671.1207885742188
632.006591796875
594.3413696289062
558.0513305664062
526.3878784179688
500.3885498046875
475.6402893066406
450.9670104980469
425.8641052246094
400.1934509277344
373.81671142578125
346.9510803222656
320.0137939453125
293.7159118652344
268.7833557128906
247.88238525390625
230.4099884033203
217.94793701171875
208.19146728515625
201.6791534423828
194.61367797851562
187.40061950683594
180.40126037597656
173.5867462158203
167.0269317626953
161.2992401123047
156.04750061035156
151.25257873535156
146.86679077148438
