2058.36474609375
2017.5941162109375
2065.497314453125
2102.593994140625
2103.642333984375
2135.229248046875
2169.69677734375
2175.774658203125
2179.95361328125
2201.298583984375
2218.566162109375
2224.060546875
2235.943115234375
2259.2607421875
2293.728759765625
2334.617431640625
2377.09521484375
2419.994384765625
2467.46435546875
2524.3857421875
2588.2490234375
2658.9033203125
2739.06884765625
2822.81396484375
2917.579833984375
3022.732421875
3129.69873046875
3231.568359375
3324.845703125
3416.991943359375
3515.534912109375
3627.25537109375
146.42010498046875
119.10659790039062
113.83868408203125
113.88362121582031
114.08658599853516
114.32572174072266
1784.525634765625
2495.615234375
3028.01806640625
3489.111572265625
3902.98779296875
4300.57421875
4684.93408203125
5065.19140625
5470.435546875
5902.48291015625
6405.77392578125
6876.3037109375
7360.17041015625
7242.796875
6724.32763671875
6362.0439453125
6056.59912109375
5777.79833984375
5510.16015625
5257.328125
5010.2490234375
4765.1005859375
4514.09912109375
4255.74755859375
4000.26953125
3746.262939453125
3491.85693359375
3231.161865234375
3021.831298828125
2882.74560546875
2772.37890625
2662.3779296875
2542.59619140625
2422.591064453125
2323.89892578125
2210.1318359375
2123.0849609375
2050.290771484375
1979.83203125
1937.1883544921875
1899.572998046875
1866.8287353515625
1834.7039794921875
1802.61328125
1770.59619140625
1738.984619140625
1706.988037109375
1675.3468017578125
1644.6043701171875
1614.353271484375
1584.213134765625
1554.0982666015625
1523.948486328125
1493.7740478515625
