2067.506103515625
2043.927978515625
2021.459228515625
2002.0894775390625
2014.6280517578125
2049.47216796875
2066.601806640625
2078.5107421875
2071.635009765625
2084.90380859375
2112.8662109375
2144.318115234375
2186.031005859375
2238.80029296875
2310.0244140625
2401.841064453125
2518.266845703125
2660.113525390625
2821.705810546875
3001.283447265625
3197.453125
3409.037841796875
3635.089111328125
3874.952880859375
4128.47314453125
4395.8857421875
4676.41943359375
4970.18212890625
5276.6103515625
5587.70556640625
5922.82275390625
6280.1572265625
289.7526550292969
279.3434143066406
286.368408203125
297.0749206542969
308.63043212890625
320.23974609375
7045.869140625
7836.31298828125
8565.7158203125
9153.6591796875
9671.451171875
10157.8544921875
10637.4267578125
11154.1025390625
11693.681640625
12253.7763671875
12838.7578125
13440.43359375
14060.509765625
14701.7734375
15360.1630859375
16028.3369140625
16699.08203125
17368.53125
18031.30078125
18684.234375
18697.1796875
18362.9609375
18053.943359375
17745.2578125
17430.353515625
17107.576171875
16777.697265625
16440.197265625
16095.705078125
15745.1748046875
15389.0390625
15028.875
14666.951171875
14304.9375
13944.0048828125
13585.6572265625
13231.109375
12881.515625
12539.2626953125
12203.248046875
11874.044921875
11552.662109375
11236.6181640625
10920.51171875
10615.798828125
10322.1796875
10037.4248046875
9760.8583984375
9492.720703125
9232.5927734375
8979.791015625
8734.3037109375
8495.9248046875
8264.677734375
