1500.0
1500.0
1500.0
1500.0
1500.0
1500.0
1500.0
1500.0
1500.0
1500.0
1500.0
1500.0
1500.0
1500.0
1500.0
1500.0
1500.0
1500.0
1500.0
1500.0
1500.0
1500.0
1500.0
1500.0
1500.0
1500.0
1500.0
1500.0
1500.0
1500.0
1500.0
1500.0
99.9993896484375
100.0
100.0
100.0
100.0
100.0
1500.0
1500.0
1500.0
1500.0
1500.0
1500.0
1500.0
1500.0
1500.0
1500.0
1500.0
1500.0
1500.0
1500.0
1500.0
1500.0
1500.0
1500.0
1500.0
1500.0
1500.0
1500.0
1500.0
1500.0
1500.0
1500.0
1451.3583984375
1395.3206787109375
1342.359619140625
1291.3856201171875
1242.1990966796875
1194.5721435546875
1149.1568603515625
1106.2100830078125
1065.605712890625
1027.108642578125
990.4922485351562
955.4174194335938
921.2639770507812
888.13916015625
855.9246826171875
824.5288696289062
798.1680297851562
774.9463500976562
752.9098510742188
731.6688842773438
711.133056640625
691.317626953125
672.5501098632812
654.7337036132812
637.8121948242188
621.623291015625
606.1032104492188
591.2745971679688
