1500.0
1500.0
1500.0
1500.0
1500.0
1500.0
1500.0
1500.0
1500.0
1500.0
1500.0
1500.0
1500.0
1500.0
1500.0
1500.0
1500.0
1500.0
1500.0
1500.0
1500.0
1500.0
1500.0
1500.0
1500.0
1500.0
1500.0
1500.0
1500.0
1500.0
1500.0
1500.0
100.0
100.0
100.0
100.0
100.0
100.0
1499.9993896484375
1500.0
1500.0
1500.0
1500.0
1500.0
1500.0
1500.0
1500.0
1500.0
1500.0
1452.5936279296875
1371.13037109375
1296.0206298828125
1226.7642822265625
1162.3349609375
1101.4415283203125
1042.3074951171875
985.6013793945312
929.8603515625
873.4283447265625
816.948974609375
770.876953125
730.1704711914062
692.30029296875
656.9710693359375
624.6795654296875
595.3090209960938
567.7927856445312
541.6873168945312
516.6873168945312
492.7146911621094
469.69403076171875
448.23095703125
428.32159423828125
409.7650451660156
391.9934387207031
374.779541015625
357.8513488769531
341.00506591796875
324.1509704589844
307.3111267089844
292.1349182128906
279.1229248046875
267.3414001464844
256.4970397949219
246.33377075195312
237.04879760742188
228.41366577148438
220.3504180908203
212.69522094726562
205.3664093017578
198.26583862304688
192.04466247558594
