2076.4287109375
2048.46875
2019.2822265625
1995.93212890625
2032.4376220703125
2090.661376953125
2078.392822265625
2062.332275390625
2066.23291015625
2097.52734375
2165.41650390625
2222.326904296875
2265.1064453125
2305.42919921875
2348.626708984375
2396.466552734375
2451.824462890625
2515.135986328125
2596.106201171875
2695.8671875
2811.81005859375
2941.547119140625
3083.88330078125
3237.7548828125
3401.77099609375
3572.882568359375
3749.1181640625
3932.732666015625
4123.0478515625
4317.30419921875
4516.373046875
4720.31494140625
177.77061462402344
160.56129455566406
162.26699829101562
168.15370178222656
174.70474243164062
180.81546020507812
4486.42724609375
4937.0888671875
5137.7783203125
5281.9609375
5423.71142578125
5581.11181640625
5763.8994140625
5979.58935546875
6238.6435546875
6511.2431640625
6796.751953125
7092.83984375
7424.505859375
7793.08837890625
8163.76904296875
8516.671875
8876.5888671875
9222.5126953125
9549.623046875
9795.2734375
9613.037109375
9449.6376953125
9292.9111328125
9133.892578125
8969.884765625
8801.228515625
8629.435546875
8453.455078125
8272.8935546875
8088.1083984375
7899.68994140625
7708.03564453125
7513.78662109375
7317.39111328125
7120.2646484375
6923.369140625
6725.42431640625
6527.47412109375
6330.95361328125
6138.1826171875
5949.67138671875
5769.2783203125
5596.20849609375
5429.60107421875
5268.84228515625
5114.50244140625
4965.33349609375
4820.7919921875
4680.6103515625
4544.671875
4412.7626953125
4284.66259765625
4160.20068359375
4039.207763671875
