2083.08740234375
2062.801025390625
2037.3262939453125
2017.54541015625
2004.3095703125
2000.190673828125
2010.177001953125
2026.2115478515625
2039.6842041015625
2059.22412109375
2106.32861328125
2137.3720703125
2157.978515625
2178.590087890625
2201.908203125
2228.2333984375
2263.89453125
2303.86083984375
2348.887451171875
2400.21728515625
2467.1728515625
2549.0498046875
2646.145751953125
2758.9443359375
2888.569091796875
3035.758056640625
3201.020751953125
3384.410888671875
3582.745849609375
3796.823974609375
4030.5380859375
4289.46044921875
186.9066162109375
190.40206909179688
200.8588409423828
211.99964904785156
221.85476684570312
230.0780029296875
4631.5009765625
5184.51953125
5516.216796875
5732.56982421875
5895.595703125
6051.49072265625
6229.84619140625
6448.68994140625
6714.9013671875
7013.802734375
7361.0595703125
7753.1259765625
8193.375
8741.7314453125
9252.3056640625
9759.3037109375
10295.486328125
10856.564453125
11425.6484375
12000.095703125
12584.90234375
13172.09375
13752.4482421875
14320.923828125
14875.388671875
15414.70703125
15938.1005859375
16445.33984375
16938.984375
17418.853515625
17879.607421875
18319.021484375
18735.462890625
19127.984375
19496.736328125
19842.73046875
20161.966796875
20478.970703125
20746.3046875
20994.771484375
21227.150390625
21371.728515625
21480.98828125
21558.138671875
21607.42578125
21626.990234375
21612.4921875
21571.296875
21307.240234375
20421.837890625
19724.587890625
19090.6796875
18495.2109375
17928.388671875
