2085.060546875
2066.0517578125
2037.9822998046875
2012.4735107421875
1994.1431884765625
1982.7386474609375
2053.018310546875
2068.492431640625
2074.992431640625
2102.294921875
2135.951904296875
2173.273681640625
2208.203369140625
2243.57568359375
2274.270263671875
2300.950439453125
2328.1806640625
2354.85009765625
2381.492919921875
2409.653564453125
2445.912109375
2489.609375
2541.6982421875
2605.351318359375
2681.892333984375
2771.424560546875
2873.46875
2986.8583984375
3110.32958984375
3241.35302734375
3378.76513671875
3523.498779296875
140.8144989013672
128.04244995117188
126.76117706298828
126.83869171142578
126.97061920166016
126.79711151123047
2700.87060546875
3126.910400390625
3392.378662109375
3600.567138671875
3783.329833984375
3958.497314453125
4134.36572265625
4313.13134765625
4494.58251953125
4676.81640625
4858.52294921875
5039.93896484375
5221.48974609375
5402.419921875
5586.5224609375
5772.1748046875
5972.24560546875
6184.5625
6405.4345703125
6623.9150390625
6876.078125
7124.5556640625
7337.8857421875
7523.248046875
7680.58935546875
7812.33154296875
7932.4921875
8041.83740234375
8136.88037109375
8217.19921875
8279.7841796875
8339.30078125
8400.1025390625
8465.8935546875
8522.29296875
8562.005859375
8577.677734375
8571.869140625
8440.8876953125
8064.27197265625
7733.96533203125
7434.29345703125
7156.779296875
6884.80029296875
6616.87744140625
6360.65380859375
6119.560546875
5892.10595703125
5673.15185546875
5464.208984375
5263.23291015625
5077.544921875
4904.24560546875
4735.865234375
