0.48373982310295105
0.518573522567749
0.7401257753372192
0.9913614988327026
1.0062023401260376
1.0086743831634521
1.0111887454986572
1.0147262811660767
1.0201025009155273
1.0262588262557983
1.0343201160430908
1.0440664291381836
1.0567082166671753
1.068325161933899
1.0776292085647583
1.0844765901565552
1.0896273851394653
1.0953752994537354
1.1034023761749268
1.111340880393982
1.1197104454040527
1.1301586627960205
1.138945460319519
1.148105263710022
1.158419132232666
1.1688812971115112
1.1804770231246948
1.1984813213348389
1.2169339656829834
1.2343286275863647
1.2515925168991089
1.2719022035598755
0.032124798744916916
0.03205467015504837
0.03266403451561928
0.033000338822603226
0.033090826123952866
0.033159706741571426
1.0302064418792725
1.1505743265151978
1.2386093139648438
1.3142489194869995
1.3764721155166626
1.4391344785690308
1.5206196308135986
1.6138712167739868
1.7172138690948486
1.830780267715454
1.9620977640151978
1.9993782043457031
1.9865285158157349
1.9738119840621948
1.9618338346481323
1.9495288133621216
1.937140703201294
1.929336667060852
1.9517987966537476
1.9964258670806885
2.031614065170288
2.05330491065979
5.964263439178467
10.083189964294434
12.132887840270996
13.469542503356934
14.58554744720459
17.331621170043945
20.137704849243164
22.691757202148438
25.00740623474121
27.183992385864258
29.29731559753418
31.386533737182617
33.55122375488281
35.73491287231445
37.9390754699707
40.17905044555664
42.46664810180664
44.87796401977539
47.48514175415039
50.4517707824707
53.80552673339844
57.03388977050781
60.13947677612305
63.19452667236328
66.08496856689453
68.79299926757812
71.34413146972656
73.7471694946289
76.02509307861328
78.20014190673828
80.23723602294922
82.1089096069336
