0.16116316616535187
0.16225802898406982
0.16877084970474243
0.1770797073841095
0.19763490557670593
0.21687664091587067
0.22246910631656647
0.22557762265205383
0.22782592475414276
0.22933854162693024
0.2305763214826584
0.23193801939487457
0.2332030087709427
0.23422056436538696
0.23516154289245605
0.23618264496326447
0.2371436208486557
0.238076850771904
0.23897895216941833
0.23971867561340332
0.24027076363563538
0.2414141446352005
0.24230943620204926
0.24343332648277283
0.2449650913476944
0.246904194355011
0.24918745458126068
0.25182366371154785
0.2546367347240448
0.2612014412879944
0.2693321406841278
0.2786064147949219
0.28855758905410767
0.025430578738451004
0.025416966527700424
0.02493525855243206
0.023191001266241074
0.02210042253136635
0.021387552842497826
0.2543744444847107
0.2759058475494385
0.2916010320186615
0.30779051780700684
0.32448965311050415
0.341519296169281
0.35888656973838806
0.37621796131134033
0.39316824078559875
0.410331666469574
0.42899975180625916
0.4719628095626831
0.563385009765625
0.7177125215530396
0.9772315621376038
1.2512011528015137
19.199411392211914
33.81563186645508
42.40372085571289
49.96207809448242
58.0369873046875
67.58869934082031
78.7868881225586
92.16999053955078
105.44654846191406
118.59880828857422
126.55113220214844
133.2726287841797
139.23464965820312
144.58116149902344
149.0346221923828
152.8582305908203
156.6367645263672
160.5189971923828
184.09129333496094
212.19705200195312
222.85577392578125
228.1416473388672
237.42782592773438
245.29908752441406
250.42141723632812
253.557861328125
255.54185485839844
256.7671203613281
257.6693420410156
258.25946044921875
258.5316162109375
258.4326477050781
257.0853271484375
255.5460205078125
253.9163055419922
252.44920349121094
251.015625
249.67556762695312
