3.9149515628814697
4.510030269622803
5.754669666290283
7.012452602386475
7.634751319885254
7.13360595703125
6.738079071044922
6.543986797332764
6.531145095825195
6.6505560874938965
6.859057903289795
7.129297733306885
7.445958614349365
7.814249038696289
8.218151092529297
8.653841972351074
9.112093925476074
9.3425874710083
9.353904724121094
9.299711227416992
9.297300338745117
9.356501579284668
9.453922271728516
9.57681941986084
9.73475170135498
9.899367332458496
10.093110084533691
10.312535285949707
10.5258150100708
10.719779968261719
10.897139549255371
11.072242736816406
0.1852152943611145
0.13978803157806396
0.13880038261413574
0.14218181371688843
0.14702895283699036
0.15231578052043915
9.532146453857422
12.257901191711426
12.563363075256348
12.615074157714844
12.678298950195312
12.787187576293945
12.93632698059082
13.118362426757812
13.327856063842773
13.560738563537598
13.814323425292969
14.08599853515625
14.378135681152344
14.70201587677002
15.047309875488281
15.409162521362305
15.78442668914795
16.17149543762207
16.566757202148438
16.992290496826172
17.525711059570312
18.090059280395508
18.6204833984375
19.126174926757812
19.631420135498047
20.14508628845215
20.66978645324707
21.207426071166992
21.760141372680664
22.329505920410156
22.914138793945312
23.509618759155273
24.119888305664062
24.73965072631836
25.360462188720703
25.97698402404785
26.590049743652344
27.20734405517578
27.830162048339844
28.458274841308594
29.08873176574707
29.720672607421875
30.35405158996582
30.97671890258789
31.578857421875
32.15726852416992
32.71141052246094
33.257408142089844
33.87113571166992
34.45442581176758
35.00731658935547
35.55204772949219
36.078392028808594
36.57339859008789
