0.006601172499358654
0.007124993018805981
0.007885624654591084
0.008569154888391495
0.009100916795432568
0.00960049033164978
0.009853925555944443
0.009934266097843647
0.009995512664318085
0.010059299878776073
0.010144559666514397
0.010204252786934376
0.010246501304209232
0.0103025296702981
0.010361098684370518
0.010415110737085342
0.010474578477442265
0.010548270307481289
0.010627567768096924
0.010707477107644081
0.01079025398939848
0.010883702896535397
0.011000142432749271
0.011144318617880344
0.011313214898109436
0.011504151858389378
0.011716058477759361
0.011950849555432796
0.012208054773509502
0.012483363039791584
0.012775993905961514
0.013042889535427094
0.0008224690100178123
0.0007127978606149554
0.000700419070199132
0.0007087702979333699
0.0007205845904536545
0.0007320430595427752
0.013066372834146023
0.013614478521049023
0.013857314363121986
0.014075521379709244
0.014325335621833801
0.014610801823437214
0.014925229363143444
0.015264920890331268
0.015626227483153343
0.016009172424674034
0.01641380414366722
0.016840806230902672
0.017286311835050583
0.017744481563568115
0.01814880408346653
0.018555546179413795
0.018958652392029762
0.01933082565665245
0.019701382145285606
0.020082587376236916
0.020477140322327614
0.020888766273856163
0.021319949999451637
0.0217672698199749
0.022228959947824478
0.022704606875777245
0.02319187857210636
0.023687312379479408
0.024188218638300896
0.0246829055249691
0.02517061121761799
0.025650721043348312
0.0261234100908041
0.02658863365650177
0.027048056945204735
0.02750108763575554
0.027947740629315376
0.02838599868118763
0.02881476655602455
0.02923189103603363
0.029643671587109566
0.030051635578274727
0.03045365959405899
0.030846744775772095
0.03122781217098236
0.03159893676638603
0.031782981008291245
0.031964343041181564
0.032314758747816086
0.03265593200922012
0.0329960361123085
0.033327408134937286
0.03364305943250656
0.03394705057144165
0.03423811495304108
