0.1612757444381714
0.1788022369146347
0.1967354714870453
0.2053099125623703
0.20828793942928314
0.20921377837657928
0.2100611925125122
0.21087852120399475
0.21167738735675812
0.2125132828950882
0.2135150134563446
0.21441231667995453
0.21512502431869507
0.2160864919424057
0.21697239577770233
0.2183012068271637
0.21964050829410553
0.22085607051849365
0.22203285992145538
0.22324444353580475
0.22454608976840973
0.22615082561969757
0.22820353507995605
0.23087207973003387
0.23416173458099365
0.23798830807209015
0.24241679906845093
0.24732957780361176
0.25271278619766235
0.2585405707359314
0.26468923687934875
0.27115732431411743
0.277919203042984
0.013562546111643314
0.013311952352523804
0.013610717840492725
0.013969874009490013
0.014240952208638191
0.014389530755579472
0.25792402029037476
0.26356184482574463
0.26873522996902466
0.2759639620780945
0.291565477848053
0.31522220373153687
0.3435516655445099
0.37533870339393616
0.3676416277885437
0.35948774218559265
0.35151585936546326
0.3434893786907196
0.33532384037971497
0.32702088356018066
0.31862831115722656
0.3097258508205414
0.30037975311279297
0.29123374819755554
0.28233981132507324
0.2739119529724121
0.26572465896606445
0.25776398181915283
0.24997000396251678
0.24233455955982208
0.23487766087055206
0.22767385840415955
0.22073742747306824
0.21401453018188477
0.2074759304523468
0.2010936588048935
0.1979818195104599
0.19491194188594818
0.1889653354883194
0.18324802815914154
0.17774160206317902
0.17242242395877838
0.16729022562503815
0.16234658658504486
0.15752597153186798
0.15286406874656677
0.14850947260856628
0.14454790949821472
0.14087353646755219
0.1373932659626007
0.13404859602451324
0.130794957280159
0.127631276845932
0.1246093288064003
0.1217154785990715
0.11894538998603821
0.11629297584295273
0.11375587433576584
0.11130687594413757
0.1089225634932518
0.10660862922668457
