0.024001579731702805
0.02613280713558197
0.029006734490394592
0.032216716557741165
0.033485766500234604
0.03379390016198158
0.03395720198750496
0.034175802022218704
0.03445254638791084
0.034632615745067596
0.03478124737739563
0.03492426872253418
0.03508627042174339
0.035279158502817154
0.03550000861287117
0.03571653366088867
0.03595076501369476
0.03619888424873352
0.036447178572416306
0.03669046238064766
0.036935050040483475
0.03718981519341469
0.03747829049825668
0.0378025621175766
0.038178980350494385
0.03860727697610855
0.0390835776925087
0.039599258452653885
0.04014446213841438
0.040711741894483566
0.04131979122757912
0.04194633662700653
0.0023572214413434267
0.0022251743357628584
0.0021766619756817818
0.0021499458234757185
0.0021305405534803867
0.0021137907169759274
0.03790813684463501
0.03991422802209854
0.041185613721609116
0.04222513735294342
0.043145135045051575
0.04401707276701927
0.04487953707575798
0.045742541551589966
0.04660920426249504
0.04748200252652168
0.048362623900175095
0.04925200343132019
0.05015084892511368
0.05107609182596207
0.05204686522483826
0.053039517253637314
0.05405302718281746
0.05509582534432411
0.05602893605828285
0.05684275925159454
0.057658229023218155
0.05842047929763794
0.05914480611681938
0.059842512011528015
0.06050676852464676
0.06114558130502701
0.0617714561522007
0.06237403303384781
0.06294874101877213
0.0634906142950058
0.06400717794895172
0.06450891494750977
0.06500818580389023
0.06550407409667969
0.06598412990570068
0.06646140664815903
0.0669906735420227
0.06752171367406845
0.0680873915553093
0.06679075211286545
0.0647287592291832
0.06284218281507492
0.06104007735848427
0.059273138642311096
0.05751201882958412
0.05573509633541107
0.05395666882395744
0.05219101533293724
0.050462525337934494
0.048794619739055634
0.04797569289803505
0.04718083143234253
0.045639242976903915
0.04419587552547455
0.04292038455605507
