0.0402715727686882
0.04333316162228584
0.0476808026432991
0.052490901201963425
0.05493495613336563
0.055477071553468704
0.05567166954278946
0.055978886783123016
0.056341204792261124
0.05667524039745331
0.056905705481767654
0.05707168951630592
0.05732303112745285
0.05758216977119446
0.05785020813345909
0.058117274194955826
0.058380138128995895
0.05861630290746689
0.05884234607219696
0.05909878760576248
0.0593605563044548
0.0596131831407547
0.05986517295241356
0.060152776539325714
0.0604967325925827
0.06091228872537613
0.06140226870775223
0.061957813799381256
0.06256018579006195
0.06319736689329147
0.06386960297822952
0.06459417939186096
0.003510602517053485
0.0031985521782189608
0.0030312458984553814
0.002920234575867653
0.0028454444836825132
0.002806957345455885
0.05631342530250549
0.060653503984212875
0.06301438063383102
0.06464720517396927
0.06602447479963303
0.06728850305080414
0.06854895502328873
0.0698481947183609
0.0711631178855896
0.07247486710548401
0.07377737760543823
0.07507441192865372
0.07637273520231247
0.07766572386026382
0.07894932478666306
0.08027146011590958
0.08158966153860092
0.08290661126375198
0.08425134420394897
0.08560296148061752
0.08690498769283295
0.08823034167289734
0.08957414329051971
0.0909237265586853
0.09229671210050583
0.09338235855102539
0.09430281072854996
0.09521818161010742
0.09617704153060913
0.09709777683019638
0.09797518700361252
0.09889698028564453
0.09985101968050003
0.1009129136800766
0.1025470495223999
0.10442588478326797
0.1062769889831543
0.10853268206119537
0.11096542328596115
0.11345669627189636
0.1157650277018547
0.11730433255434036
0.11836010217666626
0.11932601779699326
0.12077346444129944
0.12288163602352142
0.12591126561164856
0.12928660213947296
0.13276882469654083
0.13612070679664612
0.13924771547317505
0.14210526645183563
0.14420107007026672
0.13891729712486267
