0.04219941422343254
0.04657904431223869
0.05118457227945328
0.054382842034101486
0.05589877814054489
0.05630715936422348
0.05662844702601433
0.0570458248257637
0.05748410522937775
0.05780418962240219
0.05805560201406479
0.05822101980447769
0.058355819433927536
0.05848704278469086
0.05864475294947624
0.058827634900808334
0.05903547629714012
0.05928095430135727
0.05955114960670471
0.059918880462646484
0.06035943329334259
0.06094379350543022
0.06169905140995979
0.06258594989776611
0.06359032541513443
0.06469453871250153
0.06586869806051254
0.06708530336618423
0.06833665072917938
0.06961863487958908
0.07091367244720459
0.07220508903265
0.07348625361919403
0.003817823948338628
0.003805816639214754
0.003812918672338128
0.003814676310867071
0.0038098443765193224
0.003800275968387723
0.06672949343919754
0.06974488496780396
0.07181131094694138
0.07366034388542175
0.07550467550754547
0.07736609876155853
0.07928168773651123
0.08128660172224045
0.08333822339773178
0.08546247333288193
0.0876907929778099
0.09004129469394684
0.09240731596946716
0.09414523839950562
0.09552562981843948
0.09677065163850784
0.09807617962360382
0.0993109866976738
0.10048486292362213
0.10171132534742355
0.10351229459047318
0.10552352666854858
0.10739298909902573
0.10930567234754562
0.11137823015451431
0.11373654007911682
0.11617718636989594
0.1161169484257698
0.11122751235961914
0.10692053288221359
0.10291451215744019
0.09917142242193222
0.09542451053857803
0.09166023880243301
0.08787541091442108
0.08410146087408066
0.08041029423475266
0.07675950229167938
0.0731162503361702
0.0700865238904953
0.06728876382112503
0.06464952230453491
0.061968471854925156
0.059059251099824905
0.05595901235938072
0.052690815180540085
0.05135213956236839
0.05219430848956108
0.05434541031718254
0.06138337776064873
0.0867963582277298
0.11529824882745743
0.14736327528953552
0.1838412880897522
