0.09220955520868301
0.10207664966583252
0.11618588119745255
0.12612828612327576
0.133368581533432
0.13826479017734528
0.14109666645526886
0.1429194211959839
0.1441829353570938
0.14514845609664917
0.14580965042114258
0.14630191028118134
0.1467694640159607
0.1472191959619522
0.1476508229970932
0.14807775616645813
0.14852775633335114
0.14898039400577545
0.14938566088676453
0.14977212250232697
0.15015524625778198
0.15061119198799133
0.15111427009105682
0.1515924334526062
0.15204259753227234
0.1524844914674759
0.15292313694953918
0.15336290001869202
0.1538146436214447
0.15427419543266296
0.15489715337753296
0.15554362535476685
0.02186526730656624
0.01613420434296131
0.01208071131259203
0.009991397149860859
0.008576729334890842
0.008113963529467583
0.12145448476076126
0.1351158320903778
0.1416475474834442
0.1476157158613205
0.1532057225704193
0.15765130519866943
0.16211673617362976
0.1660372018814087
0.1696380078792572
0.1731746643781662
0.1768270879983902
0.1805657595396042
0.18434900045394897
0.18816117942333221
0.19208873808383942
0.19619962573051453
0.20057719945907593
0.20512694120407104
0.20978182554244995
0.21447205543518066
0.2192537486553192
0.22426369786262512
0.22970907390117645
0.23557379841804504
0.24181021749973297
0.24990738928318024
0.2596336305141449
0.27001112699508667
0.2801080346107483
0.2901625633239746
0.3019181191921234
0.3146156668663025
0.32834360003471375
0.3426816463470459
0.35771963000297546
0.37348106503486633
0.36666786670684814
0.3570440411567688
0.34844857454299927
0.34031280875205994
0.3324164152145386
0.32466843724250793
0.31744763255119324
0.3106328845024109
0.30404168367385864
0.2975844740867615
0.29121917486190796
0.28668642044067383
0.2836155295372009
0.2816656827926636
0.2807775139808655
0.2809053063392639
0.28240150213241577
0.28420746326446533
