0.17678016424179077
0.18729157745838165
0.1834954172372818
0.20022329688072205
0.21922068297863007
0.23876012861728668
0.24338532984256744
0.2471071183681488
0.25038471817970276
0.25290653109550476
0.25458523631095886
0.2559926211833954
0.25761744379997253
0.2591620087623596
0.260569304227829
0.2619685232639313
0.2633485496044159
0.2646951675415039
0.2659568786621094
0.26714643836021423
0.2682133615016937
0.2690912187099457
0.2701510488986969
0.2711849808692932
0.27215754985809326
0.27349162101745605
0.2747829854488373
0.27599361538887024
0.2770671248435974
0.27820006012916565
0.2795393168926239
0.2810772657394409
0.0236408282071352
0.023465711623430252
0.02340836636722088
0.02338220737874508
0.023362210020422935
0.023344609886407852
0.2403949499130249
0.26193171739578247
0.2705839276313782
0.27632269263267517
0.28122618794441223
0.2882416844367981
0.29770350456237793
0.307246595621109
0.3167403042316437
0.326408326625824
0.33689457178115845
0.3480643033981323
0.3592758774757385
0.37039658427238464
0.38170161843299866
0.3928684592247009
0.4038272798061371
0.413447767496109
0.42270708084106445
0.5365380048751831
0.873302698135376
6.731514930725098
32.98746871948242
45.173675537109375
54.933624267578125
64.83602905273438
75.13215637207031
87.8007583618164
100.2118911743164
112.26448822021484
123.66969299316406
135.43101501464844
148.0309600830078
160.8033447265625
173.5712432861328
186.3365936279297
198.9084930419922
211.14537048339844
223.2826385498047
235.3411102294922
247.604736328125
259.2889709472656
270.9522705078125
284.6409912109375
299.75994873046875
317.62890625
337.5489196777344
359.7286682128906
382.6182556152344
387.3853759765625
388.31463623046875
388.37933349609375
388.6097717285156
388.88330078125
389.2511901855469
