0.021455902606248856
0.023477716371417046
0.02686157450079918
0.02951778657734394
0.030442358925938606
0.030796699225902557
0.031140869483351707
0.0313723087310791
0.03150669485330582
0.03159307688474655
0.03169583901762962
0.031832486391067505
0.031980592757463455
0.032117556780576706
0.03222871944308281
0.03231862932443619
0.03239725902676582
0.032460182905197144
0.03251863270998001
0.032582953572273254
0.032661955803632736
0.032750945538282394
0.032842908054590225
0.03293302655220032
0.033024948090314865
0.03312760218977928
0.03324754908680916
0.03337552025914192
0.03351621702313423
0.033685870468616486
0.03390093892812729
0.03416664898395538
0.0022694237995892763
0.0018420404521748424
0.0016978728817775846
0.001618382753804326
0.0015687562990933657
0.0015187168028205633
0.028095407411456108
0.03166083246469498
0.03335553780198097
0.03450653702020645
0.03541310131549835
0.036154258996248245
0.03678806871175766
0.037362635135650635
0.037904951721429825
0.03843850642442703
0.038980837911367416
0.0395330972969532
0.04010113328695297
0.0406891405582428
0.04129859432578087
0.0419296957552433
0.04258269444108009
0.043260473757982254
0.043957434594631195
0.0446760468184948
0.04541908949613571
0.046184126287698746
0.04696778953075409
0.04781034216284752
0.04853422939777374
0.04927043616771698
0.050006140023469925
0.050742749124765396
0.05148288980126381
0.05223389342427254
0.05300120264291763
0.05380845442414284
0.054632481187582016
0.055462103337049484
0.056330256164073944
0.056303974241018295
0.05517852306365967
0.054137058556079865
0.0531342588365078
0.0521523617208004
0.051177844405174255
0.05019994080066681
0.0492323637008667
0.04827346280217171
0.04733286798000336
0.046405963599681854
0.04548659548163414
0.04457152262330055
0.04366207495331764
0.04276178777217865
0.041871584951877594
0.04098815098404884
0.040106020867824554
0.0392264761030674
