0.11168486624956131
0.1216612309217453
0.13720053434371948
0.14815634489059448
0.15019077062606812
0.15095113217830658
0.15165439248085022
0.1522861272096634
0.15287840366363525
0.15350139141082764
0.15428626537322998
0.15510740876197815
0.15586306154727936
0.15652090311050415
0.1571754366159439
0.15783603489398956
0.15845705568790436
0.15900585055351257
0.15956325829029083
0.16019684076309204
0.16092000901699066
0.16175983846187592
0.16272427141666412
0.1638280749320984
0.16505034267902374
0.16651806235313416
0.16828061640262604
0.17026762664318085
0.17250721156597137
0.17503252625465393
0.1777653694152832
0.180806964635849
0.011096161790192127
0.009579779580235481
0.008942744694650173
0.00861248280853033
0.008423654362559319
0.008309999480843544
0.1599692553281784
0.17221884429454803
0.1790236234664917
0.18456663191318512
0.19011223316192627
0.19597040116786957
0.20231133699417114
0.2117137610912323
0.22289228439331055
0.23455756902694702
0.2464485615491867
0.2585333585739136
0.272011935710907
0.27371659874916077
0.26861074566841125
0.2634638249874115
0.2582005262374878
0.25289037823677063
0.24751615524291992
0.2420365810394287
0.23650839924812317
0.2309519648551941
0.22531095147132874
0.21942153573036194
0.21362537145614624
0.2079600840806961
0.2023516148328781
0.19678130745887756
0.19131502509117126
0.18600639700889587
0.180879607796669
0.1759033054113388
0.1710749715566635
0.16637645661830902
0.16176478564739227
0.1572256237268448
0.15278437733650208
0.14845556020736694
0.14424817264080048
0.1401505172252655
0.13617004454135895
0.13229472935199738
0.1285111904144287
0.12479689717292786
0.12116891145706177
0.11791831254959106
0.11496062576770782
0.11218249052762985
0.10955912619829178
0.10701867938041687
0.10453242808580399
0.10213174670934677
0.09981393814086914
0.09754357486963272
