0.008062519133090973
0.008667653426527977
0.008243725635111332
0.007947028614580631
0.007792036514729261
0.007687707431614399
0.00760336359962821
0.007536205928772688
0.007477119565010071
0.007422439754009247
0.0073704891838133335
0.007320033386349678
0.007271085865795612
0.007223398424685001
0.007177205756306648
0.007134390063583851
0.007093196269124746
0.0070535666309297085
0.007015295326709747
0.006979025900363922
0.006945282686501741
0.00691312225535512
0.006883060093969107
0.0068549057468771935
0.006828018464148045
0.006801604758948088
0.0067748925648629665
0.006747215986251831
0.006717661861330271
0.006685926113277674
0.006650038994848728
0.006612811237573624
0.0007407217635773122
0.0006768805324099958
0.0006681032245978713
0.000678779324516654
0.0006990619003772736
0.0007252675131894648
0.006755193695425987
0.0066740019246935844
0.00654021929949522
0.006463643163442612
0.0064074075780808926
0.0063588437624275684
0.006312552839517593
0.006266644224524498
0.00622111652046442
0.00617306400090456
0.006121394690126181
0.00606121402233839
0.005994908045977354
0.005918297916650772
0.005840994417667389
0.00576430931687355
0.00568632036447525
0.005606153979897499
0.005523663479834795
0.005438284948468208
0.005349998362362385
0.005258881486952305
0.005165205802768469
0.00506913848221302
0.004971116781234741
0.004872212652117014
0.004772959742695093
0.004673739895224571
0.004574997816234827
0.004477362148463726
0.00438070110976696
0.004284712485969067
0.004189128987491131
0.004093795549124479
0.003998884465545416
0.003904667217284441
0.003811435541138053
0.0037193959578871727
0.0036290313582867384
0.0035409240517765284
0.003454865189269185
0.0033710298594087362
0.003289510728791356
0.003210288705304265
0.003133172867819667
0.003057980677112937
0.0029845840763300657
0.0029128899332135916
0.0028428244404494762
0.0027744360268115997
0.002707692561671138
0.00264252838678658
0.002578938379883766
0.002516884123906493
