0.008007403463125229
0.00902287196367979
0.009984229691326618
0.010756198316812515
0.011282178573310375
0.011432462371885777
0.011584724299609661
0.011796890757977962
0.011978281661868095
0.012178200297057629
0.012382706627249718
0.012588717974722385
0.012798009440302849
0.013043935410678387
0.01335991732776165
0.013746260665357113
0.014181445352733135
0.014632373116910458
0.015083621256053448
0.015566032379865646
0.016078157350420952
0.016618961468338966
0.017192572355270386
0.017798874527215958
0.018438667058944702
0.019122792407870293
0.01982298493385315
0.020567959174513817
0.021400783210992813
0.022128572687506676
0.022833045572042465
0.023560868576169014
0.02400991879403591
0.0011982209980487823
0.001145631424151361
0.0011434999760240316
0.0011517235543578863
0.0011612558737397194
0.0011692793341353536
0.022821789607405663
0.02393883839249611
0.022794103249907494
0.02188735082745552
0.021476076915860176
0.021087246015667915
0.020334243774414062
0.019594302400946617
0.018861571326851845
0.018135076388716698
0.01742275059223175
0.016728147864341736
0.016052238643169403
0.015398078598082066
0.014765093103051186
0.014152757823467255
0.013561337254941463
0.013004268519580364
0.012492029927670956
0.01201539020985365
0.011565749533474445
0.011140499264001846
0.01073710061609745
0.010353106074035168
0.009987464174628258
0.00980869960039854
0.009634826332330704
0.009305090643465519
0.008992152288556099
0.008697210811078548
0.008418411016464233
0.008152937516570091
0.007899454794824123
0.0076575675047934055
0.007427074480801821
0.007207663729786873
0.006998872384428978
0.006799831986427307
0.006609492003917694
0.006426845211535692
0.0062512666918337345
0.006082423496991396
0.005920222960412502
0.005764496512711048
0.005614826921373606
0.005471051204949617
0.005332949571311474
0.005200337618589401
0.005072403233498335
0.004948894958943129
0.004829391371458769
0.004713910166174173
0.0046026143245399
0.004495273344218731
0.0043913028202950954
0.0042905486188828945
