7.488276481628418
9.17041015625
13.296384811401367
17.67428970336914
16.591236114501953
16.4736385345459
16.83213233947754
16.65509605407715
16.557575225830078
16.528913497924805
16.679317474365234
17.235301971435547
18.27057456970215
19.852760314941406
21.99574851989746
24.596284866333008
27.178462982177734
29.943204879760742
33.50902557373047
38.16145706176758
43.9755859375
50.31105422973633
57.797489166259766
66.93427276611328
77.83600616455078
91.33733367919922
107.89232635498047
127.50179290771484
149.84292602539062
173.7026824951172
198.59310913085938
223.87301635742188
7.151663780212402
5.169724464416504
5.049211502075195
5.170433044433594
5.33315372467041
5.494694709777832
142.3243408203125
228.8876190185547
319.7620544433594
355.5265808105469
365.5064392089844
367.9452209472656
376.8830261230469
396.0815124511719
412.10479736328125
425.7298278808594
437.77838134765625
448.4820861816406
458.4750061035156
467.8289489746094
476.66802978515625
484.7434997558594
491.9390869140625
497.9254150390625
501.9630432128906
505.5257568359375
509.0235900878906
512.3633422851562
515.2344970703125
517.3116455078125
518.6256713867188
518.7550659179688
518.5362548828125
518.0872192382812
517.4088134765625
516.4913940429688
515.3116455078125
513.80810546875
511.9716796875
509.86572265625
507.56365966796875
505.1216125488281
502.5166931152344
499.7385559082031
496.2767333984375
492.81597900390625
489.5765686035156
486.4437561035156
483.3531494140625
480.1907958984375
477.0130615234375
473.8886413574219
470.8023681640625
467.7574157714844
464.72637939453125
461.70904541015625
458.73846435546875
455.8226318359375
452.9759521484375
450.1959228515625
447.4453125
