0.007968560792505741
0.008805153891444206
0.0097877848893404
0.0108138807117939
0.011487661860883236
0.011641616933047771
0.01173266489058733
0.011808723211288452
0.011907819658517838
0.012011860497295856
0.012150839902460575
0.012279610149562359
0.012400386855006218
0.01252178754657507
0.012652375735342503
0.01281538512557745
0.013031914830207825
0.013312014751136303
0.013650068081915379
0.014033639803528786
0.01445173379033804
0.014858371578156948
0.015237734653055668
0.015635032206773758
0.016050072386860847
0.0164844561368227
0.016945503652095795
0.017433861270546913
0.017942119389772415
0.01847231388092041
0.019027452915906906
0.019611218944191933
0.0011123016010969877
0.0010944255627691746
0.0010988694848492742
0.0011060030665248632
0.001112492522224784
0.001118043321184814
0.019928330555558205
0.02082996442914009
0.021206796169281006
0.021473953500390053
0.021748578175902367
0.022079257294535637
0.02247541956603527
0.02293889969587326
0.02346535213291645
0.024035777896642685
0.02464156784117222
0.025281358510255814
0.02593981847167015
0.026604240760207176
0.0272649135440588
0.027928819879889488
0.02859528735280037
0.02926025167107582
0.02992103062570095
0.030572088435292244
0.0312055554240942
0.031814806163311005
0.03243156522512436
0.03301208093762398
0.03355531767010689
0.0340568944811821
0.03453229367733002
0.03497922420501709
0.03538446128368378
0.03471866250038147
0.03346457704901695
0.03231208398938179
0.03121546097099781
0.03016090579330921
0.029143866151571274
0.02816249616444111
0.027219096198678017
0.02632215991616249
0.025472726672887802
0.024666903540492058
0.023900488391518593
0.023169519379734993
0.022472398355603218
0.021806783974170685
0.02117195725440979
0.020566018298268318
0.019986320286989212
0.019430816173553467
0.01889825612306595
0.01838742382824421
0.01789785362780094
0.017428278923034668
0.016978681087493896
0.0165469441562891
