0.008166566491127014
0.008624779060482979
0.008136777207255363
0.007831122726202011
0.007675875909626484
0.007575536612421274
0.007503625005483627
0.0074393716640770435
0.007380438502877951
0.007323760073632002
0.007268812041729689
0.007215932011604309
0.007167115807533264
0.007120490539819002
0.0070749507285654545
0.007030237931758165
0.006986495107412338
0.006946828681975603
0.006910550873726606
0.006875801365822554
0.006843701004981995
0.006813037674874067
0.006782605778425932
0.006751274690032005
0.0067182546481490135
0.006682859268039465
0.006644878536462784
0.006602988112717867
0.006559382658451796
0.0065157124772667885
0.006470818072557449
0.006423691753298044
0.0008366080583073199
0.000771485036239028
0.0007744841859675944
0.0007996290805749595
0.0008306525996886194
0.0008612890378572047
0.006544902920722961
0.006482547614723444
0.006359077990055084
0.006252985913306475
0.006185180973261595
0.006126427091658115
0.006066766567528248
0.005999264307320118
0.005924105178564787
0.0058384425938129425
0.005753157660365105
0.0056695942766964436
0.00558378966525197
0.005495364312082529
0.005403757095336914
0.0053092362359166145
0.0052118864841759205
0.005111386999487877
0.005008295178413391
0.004903370048850775
0.004797570873051882
0.004744790960103273
0.004691494163125753
0.004584642127156258
0.004479240160435438
0.004375587683171034
0.004272657446563244
0.00417090579867363
0.004069491755217314
0.003968589939177036
0.0038684781175106764
0.003769237082451582
0.0036711497232317924
0.003574665170162916
0.0034800791181623936
0.0033875165972858667
0.0032970982138067484
0.0032090917229652405
0.0031234046909958124
0.003039921633899212
0.0029586241580545902
0.0028794000390917063
0.0028021913021802902
0.0027273257728666067
0.0026549336034804583
0.002584550529718399
0.002515978878363967
0.0024491737131029367
0.0023842703085392714
0.0023215876426547766
0.002261279383674264
0.002203147392719984
0.0021470170468091965
0.0020928040612488985
0.0020404686219990253
0.001989940647035837
