0.043162427842617035
0.05361437425017357
0.0681067556142807
0.07170489430427551
0.06598293036222458
0.06156126782298088
0.05925556644797325
0.05827700346708298
0.05749467387795448
0.056295011192560196
0.05526329576969147
0.05434880033135414
0.05350151285529137
0.052912916988134384
0.05238737538456917
0.05188055709004402
0.051489535719156265
0.05110955983400345
0.050722308456897736
0.05034532770514488
0.04997658729553223
0.049615178257226944
0.04927505552768707
0.048965148627758026
0.04865651950240135
0.04837387427687645
0.04813743755221367
0.047906968742609024
0.04765632376074791
0.04737769812345505
0.04708006978034973
0.046771567314863205
0.04645226150751114
0.04611979424953461
0.003480113111436367
0.0026206159964203835
0.0025963569059967995
0.00257223192602396
0.0025630947202444077
0.0025576485786587
0.05881282314658165
0.051205672323703766
0.047537218779325485
0.04598546773195267
0.04498393461108208
0.044200681149959564
0.04355043172836304
0.042976342141628265
0.04220768064260483
0.041491419076919556
0.04078924283385277
0.0400874987244606
0.03938013315200806
0.038668762892484665
0.037959564477205276
0.03721608966588974
0.03648364916443825
0.03574567660689354
0.03502555564045906
0.03433679789304733
0.03366686403751373
0.03305533900856972
0.0324871689081192
0.03192782774567604
0.031411707401275635
0.030884994193911552
0.03035835735499859
0.029821623116731644
0.0292851272970438
0.028730930760502815
0.028168274089694023
0.02760559320449829
0.02704748511314392
0.02650499902665615
0.025984441861510277
0.0254808496683836
0.0249930452555418
0.024520615115761757
0.02405661903321743
0.02360275760293007
0.023162558674812317
0.022737279534339905
0.022324752062559128
0.02190777286887169
0.02149226889014244
0.02108151838183403
0.020677680149674416
0.020283538848161697
0.019896941259503365
0.019521048292517662
0.01916591078042984
0.018824594095349312
0.01848759315907955
0.01814274489879608
