0.02151442877948284
0.023852623999118805
0.027787135913968086
0.030080538243055344
0.03055783547461033
0.03101653978228569
0.03139830008149147
0.03165672346949577
0.03179750218987465
0.03195634111762047
0.03217487409710884
0.032387688755989075
0.032574571669101715
0.032717641443014145
0.032848600298166275
0.032990776002407074
0.033147089183330536
0.033315639942884445
0.03350381180644035
0.03373652696609497
0.033995985984802246
0.03433094173669815
0.034772343933582306
0.03531000390648842
0.03593023866415024
0.03661913424730301
0.03736640512943268
0.03815267235040665
0.03895310312509537
0.03976430371403694
0.040595028549432755
0.041455164551734924
0.002639059443026781
0.0022990545257925987
0.002186638070270419
0.002153398934751749
0.00215039006434381
0.0021577184088528156
0.038867007941007614
0.04133490100502968
0.04267439246177673
0.04360775277018547
0.04444322735071182
0.04531550779938698
0.04628419131040573
0.04741334170103073
0.04852951690554619
0.04972502961754799
0.05098588764667511
0.052315786480903625
0.053690455853939056
0.05511848255991936
0.05659151077270508
0.05683920532464981
0.05531403422355652
0.05392539128661156
0.05259513109922409
0.05128169432282448
0.04997488856315613
0.04869029298424721
0.047432173043489456
0.0461987666785717
0.04498643800616264
0.043792471289634705
0.04261064529418945
0.041477203369140625
0.040338508784770966
0.039203330874443054
0.03808287903666496
0.03697971999645233
0.03590899705886841
0.03538452461361885
0.03486867621541023
0.03388112783432007
0.03294537961483002
0.03204985707998276
0.031181959435343742
0.03033260814845562
0.029494894668459892
0.02866527996957302
0.02785862423479557
0.027091702446341515
0.026360757648944855
0.025660427287220955
0.024986019358038902
0.024334022775292397
0.02370605617761612
0.023098483681678772
0.022512054070830345
0.021944880485534668
0.021401165053248405
0.02088090591132641
0.020381702110171318
