8.870152473449707
12.892716407775879
11.159906387329102
9.086369514465332
8.188424110412598
7.822468280792236
7.699524402618408
7.691792011260986
7.697803974151611
7.638980388641357
7.572404384613037
7.510729789733887
7.460482120513916
7.432703495025635
7.430577278137207
7.398832321166992
7.378645420074463
7.3787150382995605
7.400584697723389
7.448393821716309
7.521233558654785
7.616399765014648
7.732713222503662
7.869558334350586
8.022026062011719
8.165504455566406
8.329142570495605
8.528987884521484
8.780261993408203
9.095818519592285
9.484639167785645
9.954267501831055
0.8490017056465149
0.7737544775009155
0.8054322004318237
0.8464184403419495
0.8872265219688416
0.9203472137451172
15.380463600158691
15.370402336120605
15.379323959350586
15.994157791137695
16.8544921875
17.824077606201172
18.854759216308594
19.917112350463867
20.990516662597656
22.067243576049805
23.178089141845703
24.2860107421875
25.359079360961914
26.491174697875977
27.540760040283203
28.501291275024414
29.37087631225586
30.149581909179688
30.84521484375
31.464168548583984
32.02021789550781
32.53529357910156
33.02036666870117
33.459739685058594
33.858211517333984
34.224754333496094
34.55763244628906
34.855262756347656
35.12252426147461
35.360897064208984
35.57176971435547
35.75871276855469
35.92603302001953
36.00628662109375
36.0769157409668
36.20832061767578
36.34021759033203
36.47697448730469
36.62283706665039
36.776790618896484
36.94615173339844
37.171653747558594
37.379695892333984
37.57756805419922
37.76795959472656
37.95290756225586
38.13111877441406
38.303062438964844
38.47019958496094
38.63226318359375
38.78854751586914
38.93844223022461
39.07770919799805
39.20178985595703
39.31052017211914
