0.06341610103845596
0.07347714155912399
0.0817677229642868
0.08471192419528961
0.088827945291996
0.0905074030160904
0.09114619344472885
0.09129996597766876
0.09136664122343063
0.09154555201530457
0.09196127951145172
0.09247546643018723
0.09294962137937546
0.09339224547147751
0.09382926672697067
0.09428589791059494
0.09480561316013336
0.09534965455532074
0.09588959813117981
0.09642837941646576
0.09701985865831375
0.09767720848321915
0.09836974740028381
0.09912358224391937
0.09998282045125961
0.10096146166324615
0.1020861268043518
0.10344228893518448
0.10507053136825562
0.10691631585359573
0.10888860374689102
0.11084850877523422
0.11287780851125717
0.11503471434116364
0.004093864466995001
0.003841985948383808
0.004021344240754843
0.004011965822428465
0.00399720249697566
0.0039750803261995316
0.08657322824001312
0.0973346158862114
0.10387479513883591
0.11334995180368423
0.12026600539684296
0.12560880184173584
0.130521759390831
0.1351955682039261
0.14000524580478668
0.1474800854921341
0.15651826560497284
0.16575881838798523
0.17345818877220154
0.16856157779693604
0.16432908177375793
0.1605321615934372
0.15696978569030762
0.153586283326149
0.1503022164106369
0.1469229906797409
0.14315944910049438
0.13926006853580475
0.13527074456214905
0.13126452267169952
0.12744392454624176
0.12384607642889023
0.12037704139947891
0.11684694141149521
0.1131972149014473
0.10957127809524536
0.1061830222606659
0.1030532643198967
0.09989552944898605
0.09651395678520203
0.09275854378938675
0.08914980292320251
0.08598820120096207
0.08266735821962357
0.07923226803541183
0.07600166648626328
0.07276717573404312
0.06967458873987198
0.06659547984600067
0.06341613829135895
0.06006259098649025
0.05731182545423508
0.05632372945547104
0.06347652524709702
0.07903790473937988
0.10104987770318985
0.13007807731628418
0.16767442226409912
0.2163185030221939
0.2686401307582855
0.33354252576828003
