0.0660836398601532
0.08198939263820648
0.10511908680200577
0.11895450204610825
0.14616933465003967
0.16581223905086517
0.1371627002954483
0.13117730617523193
0.1287834346294403
0.12658359110355377
0.12506777048110962
0.12382310628890991
0.12264398485422134
0.12158822268247604
0.12055540084838867
0.11951130628585815
0.1184750348329544
0.11743609607219696
0.1163884848356247
0.11534170806407928
0.11428600549697876
0.11328911781311035
0.11234855651855469
0.11143621802330017
0.11050070822238922
0.10966397821903229
0.10898864269256592
0.10832715034484863
0.10759532451629639
0.10693646222352982
0.10641591250896454
0.1059456318616867
0.1054334044456482
0.104853056371212
0.004689894150942564
0.004078284837305546
0.0038935551419854164
0.003906565718352795
0.003891084110364318
0.0038865599781274796
0.09618614614009857
0.12037009000778198
0.14752283692359924
0.1187748983502388
0.11121798306703568
0.10786328464746475
0.10611850768327713
0.10523439198732376
0.10493151098489761
0.10401222854852676
0.10303390771150589
0.10181405395269394
0.1003069132566452
0.09888139367103577
0.09741989523172379
0.09605135768651962
0.09463953971862793
0.09302864223718643
0.09132177382707596
0.08933993428945541
0.08744020760059357
0.08556468784809113
0.08369559794664383
0.0819012001156807
0.08015723526477814
0.07840131223201752
0.07665307819843292
0.07495363056659698
0.0732983648777008
0.07166364789009094
0.07006282359361649
0.06849345564842224
0.06696411967277527
0.06549090892076492
0.06405847519636154
0.062672458589077
0.061342909932136536
0.06007562577724457
0.05885855853557587
0.057657964527606964
0.05647353455424309
0.05527542531490326
0.05405151844024658
0.05282030999660492
0.05162331834435463
0.050473880022764206
0.04935714974999428
0.04822258651256561
0.047092460095882416
0.04600594565272331
0.04493936523795128
0.04386170953512192
0.04279809445142746
0.04172487184405327
0.04063764959573746
