0.040808964520692825
0.04431014135479927
0.04975041747093201
0.05463492497801781
0.055370669811964035
0.05570332333445549
0.05603804439306259
0.05630902945995331
0.05651411786675453
0.056668564677238464
0.05680038407444954
0.05693348869681358
0.0570831373333931
0.05730243772268295
0.05755233392119408
0.05778534710407257
0.05796949937939644
0.058130133897066116
0.058285389095544815
0.05845531448721886
0.05863897129893303
0.058827172964811325
0.05904947966337204
0.05931489169597626
0.05963841825723648
0.06005053594708443
0.06056911498308182
0.06116986274719238
0.061817724257707596
0.06250160187482834
0.06323385238647461
0.06405212730169296
0.003301873803138733
0.0029735234566032887
0.002811053767800331
0.0027958082500845194
0.0027855627704411745
0.0027786828577518463
0.05737772956490517
0.062250684946775436
0.06432583183050156
0.0656907930970192
0.06693194061517715
0.06826019287109375
0.06970709562301636
0.07125072181224823
0.07286836951971054
0.07453078031539917
0.07621942460536957
0.07792214304208755
0.07965099066495895
0.08141728490591049
0.08321358263492584
0.08498407155275345
0.08666497468948364
0.08835326880216599
0.09008895605802536
0.09182184189558029
0.09305142611265182
0.09428665041923523
0.09556711465120316
0.0968519076704979
0.09816547483205795
0.09944465756416321
0.10072505474090576
0.10295329988002777
0.10506667196750641
0.10709807276725769
0.10912754386663437
0.11123371124267578
0.11341163516044617
0.11562230437994003
0.1179521307349205
0.12001252919435501
0.12176630645990372
0.12340068817138672
0.1250513792037964
0.126775324344635
0.12848278880119324
0.13008412718772888
0.13160115480422974
0.13308928906917572
0.13456596434116364
0.13605116307735443
0.1378418207168579
0.13983865082263947
0.14196369051933289
0.1442888081073761
0.1467062383890152
0.14925801753997803
0.15193727612495422
0.14642997086048126
