1500.0
1500.0
1500.0
1500.0
1500.0
1500.0
1500.0
1500.0
1500.0
1500.0
1500.0
1500.0
1500.0
1500.0
1500.0
1500.0
1500.0
1500.0
1500.0
1500.0
1500.0
1500.0
1500.0
1500.0
1500.0
1500.0
1500.0
1500.0
1500.0
1500.0
1500.0
1500.0
1500.0
100.0
100.0
100.0
100.0
100.0
100.0
1500.0
1500.0
1500.0
1500.0
1500.0
1500.0
1500.0
1500.0
1500.0
1500.0
1468.5870361328125
1396.666015625
1328.0191650390625
1262.1632080078125
1199.0601806640625
1138.8115234375
1081.678955078125
1027.8553466796875
977.823486328125
931.48779296875
888.4562377929688
848.4034423828125
810.43896484375
774.721923828125
753.5993041992188
740.7239990234375
708.9835815429688
679.0402221679688
650.7560424804688
624.0526733398438
599.5381469726562
576.8970947265625
555.8892211914062
536.2946166992188
517.879638671875
500.6468505859375
484.61358642578125
469.7421569824219
455.9588623046875
443.1661682128906
431.25738525390625
420.1582946777344
409.8117370605469
400.1502380371094
391.09246826171875
382.5557556152344
374.4328918457031
366.67303466796875
359.2116394042969
352.0292663574219
345.09490966796875
338.41632080078125
331.98779296875
325.765869140625
319.6967468261719
313.79095458984375
308.038330078125
