1500.0
1500.0
1500.0
1500.0
1500.0
1500.0
1499.9998779296875
1500.0
1500.0
1500.0
1500.0
1500.0
1500.0
1500.0
1500.0
1500.0
1499.9708251953125
1500.0
1500.0
1500.0
1500.0
1500.0
1500.0
1500.0
1500.0
1500.0
1500.0
1500.0
1500.0
1500.0
1500.0
1500.0
1500.0
100.0
100.0
100.0
100.0
100.0
100.0
100.0
1500.0
1500.0
1500.0
1500.0
1500.0
1404.9288330078125
1267.5933837890625
1135.934814453125
1022.7701416015625
924.6985473632812
837.9656982421875
761.1671142578125
690.3817138671875
627.615966796875
572.1343994140625
524.520751953125
480.2822570800781
434.8044738769531
391.7449951171875
351.3518371582031
314.13909912109375
279.72186279296875
248.9105987548828
224.66714477539062
213.83290100097656
202.1158447265625
190.79258728027344
180.16355895996094
170.58270263671875
162.39968872070312
155.19679260253906
148.65219116210938
142.79725646972656
137.54876708984375
132.70147705078125
128.2655487060547
124.38189697265625
120.89189910888672
117.87213897705078
115.20150756835938
112.6646957397461
110.07441711425781
107.47798919677734
104.9800033569336
102.62682342529297
100.4221420288086
98.37511444091797
96.49586486816406
94.82618713378906
93.24592590332031
91.69598388671875
90.17346954345703
88.67918395996094
87.21116638183594
85.79156494140625
