1499.997802734375
1500.0
1500.0
1500.0
1500.0
1500.009521484375
1500.0
1500.0
1500.0
1500.0
1500.0
1500.0
1500.0
1500.0
1500.0
1500.0
1500.0
1500.0
1500.0
1500.0
1500.0
1500.0
1500.0
1500.0
1500.0
1500.0
1500.0
1500.0
1500.0
1500.0
1500.0
1500.0
100.0
100.0
100.0
100.0
100.0
100.0
1499.9931640625
1500.0
1500.0
1500.0
1500.0
1500.0
1500.0
1500.0
1500.0
1500.0
1500.0
1500.0
1500.0
1500.0
1500.0
1500.0
1500.0
1500.0
1500.0
1500.0
1500.0
1500.0
1500.0
1500.0
1500.0
1500.0
1500.0
1500.0
1500.0
1500.0
1500.0
1500.0
1500.0
1464.835693359375
1419.8094482421875
1375.8399658203125
1332.084228515625
1289.075439453125
1247.274658203125
1206.6051025390625
1167.1566162109375
1131.1156005859375
1097.584716796875
1065.385009765625
1035.4674072265625
1008.0499267578125
980.0139770507812
950.3857421875
918.5494995117188
885.1885375976562
849.8709716796875
823.2970581054688
804.0243530273438
787.3462524414062
