1499.999755859375
1500.0
1500.0
1500.0
1500.0
1500.0
1500.0
1500.0
1500.0
1500.0
1500.0
1500.0
1500.0
1500.0
1500.0
1500.0
1500.0
1500.0
1500.0
1500.0
1500.0
1500.0
1500.0
1500.0
1500.0
1500.0
1500.0
1500.0
1500.0
1500.0
1500.0
1500.0
99.99992370605469
100.0
100.0
100.0
100.0
100.0
1500.0
1500.0
1500.0
1500.0
1500.0
1500.0
1500.0
1500.0
1500.0
1500.0
1500.0
1500.0
1500.0
1500.0
1500.0
1500.0
1500.0
1500.0
1500.0
1500.0
1500.0
1500.0
1500.0
1500.0
1500.0
1500.0
1500.0
1500.0
1500.0
1437.369140625
1373.2003173828125
1313.3148193359375
1257.6885986328125
1205.263671875
1157.5113525390625
1113.0596923828125
1069.916748046875
1025.80419921875
980.4080810546875
933.3856811523438
887.0506591796875
843.3905029296875
802.4811401367188
767.1380004882812
736.9331665039062
710.4894409179688
686.7521362304688
664.7327880859375
644.1721801757812
625.4931640625
608.1138305664062
591.0949096679688
573.630126953125
555.7732543945312
