1500.0
1500.0
1500.0
1500.0
1500.0
1500.0
1500.0
1500.0
1500.0
1500.0
1500.0
1500.0
1500.0
1500.0
1500.0
1500.0
1500.0
1500.0
1500.0
1500.0
1500.0
1500.0
1500.0
1500.0
1500.0
1500.0
1500.0
1500.0
1500.0
1500.0
1500.0
1500.0
1500.0
1500.0
100.0
99.97203826904297
100.0
100.0
100.0
100.0
1500.0
1500.0
1500.0
1500.0
1500.0
1500.0
1500.0
1500.0
1500.0
1500.0
1500.0
1500.0
1500.0
1500.0
1500.0
1500.0
1499.9998779296875
1499.98876953125
1500.0
1453.6273193359375
1374.4686279296875
1287.1273193359375
1195.5645751953125
1109.290283203125
1023.0669555664062
920.8533935546875
825.26708984375
782.1649780273438
734.4240112304688
694.412841796875
656.528564453125
619.998291015625
584.5912475585938
550.4653930664062
517.8692626953125
487.4354248046875
462.6825866699219
439.86859130859375
418.5950927734375
398.7854309082031
381.0545959472656
365.06317138671875
350.2908935546875
336.4377746582031
323.30877685546875
311.0737609863281
302.653564453125
294.9556884765625
287.2088317871094
279.8254699707031
272.80377197265625
266.16131591796875
259.9065856933594
253.93980407714844
248.19654846191406
