1499.9989013671875
1499.9998779296875
1500.0
1500.0
1500.0
1500.0
1500.0
1500.0
1500.0
1500.0
1500.0
1500.0
1500.0
1500.0
1500.0
1500.0
1500.0
1500.0
1500.0
1500.0
1500.0
1500.0
1500.0
1500.0
1500.0
1500.0
1500.0
1500.0
1500.0
1500.0
1500.0
1500.0
100.0
100.0
100.0
100.0
100.0
100.0
1500.0
1500.0
1500.0
1500.0
1500.0
1500.0
1500.0
1500.0
1500.0
1500.0
1500.0
1500.0
1500.0
1500.0
1500.0
1500.0
1500.0
1500.0
1500.0
1500.0
1500.0
1500.0
1500.0
1500.0
1500.0
1500.0
1500.0
1500.0
1500.0
1500.0
1498.3984375
1445.6976318359375
1397.0633544921875
1350.28369140625
1304.7127685546875
1260.6533203125
1218.0869140625
1177.140869140625
1138.1171875
1100.5313720703125
1063.7391357421875
1027.44775390625
991.6459350585938
956.3548583984375
921.759033203125
888.0604248046875
855.2285766601562
823.0986938476562
795.6985473632812
771.826171875
749.7227783203125
728.7573852539062
708.7420043945312
689.717041015625
