1500.0
1500.0
1500.0
1500.0
1500.000732421875
1500.0
1500.0
1500.0
1500.0
1500.0
1500.0
1500.0
1500.0
1500.0
1500.0
1500.0
1500.0
1500.0
1500.0
1500.0
1500.0
1500.0
1500.0
1500.0
1500.0
1500.0
1500.0
1500.0
1500.0
1500.0
1500.0
1500.0
100.00000762939453
100.0
100.0
100.0
100.0
100.0
1500.0
1500.0
1500.0
1500.0
1500.0
1500.0
1500.0
1428.8663330078125
1349.2210693359375
1266.9959716796875
1188.99267578125
1116.9688720703125
1049.5423583984375
990.7114868164062
935.5444946289062
881.9042358398438
854.4644165039062
822.5319213867188
789.5048828125
761.93359375
738.4017333984375
716.9603271484375
696.7864379882812
676.5390625
656.0029296875
635.7900390625
616.2459106445312
597.253173828125
578.7625122070312
560.890625
543.8255004882812
527.4842529296875
511.9167785644531
497.0843505859375
482.9202575683594
469.34332275390625
456.2882995605469
443.6842041015625
431.5428161621094
419.68212890625
408.2043762207031
397.24578857421875
386.48883056640625
376.04486083984375
365.90521240234375
356.0997009277344
346.6430358886719
337.5334777832031
328.7268981933594
320.21807861328125
312.0408935546875
304.2030944824219
296.7003173828125
289.52203369140625
