1500.0
1500.0
1500.0
1500.0
1500.0
1500.0
1500.0
1500.0
1500.0
1500.0
1500.0
1500.0
1500.0
1500.0
1500.0
1500.0
1500.0
1500.0
1500.0
1500.0
1500.0
1500.0
1500.0
1500.0
1500.0
1500.0
1500.0
1500.0
1500.0
1500.0
1500.0
1500.0
1500.0
100.0
100.0
100.0
100.0
100.0
100.0
1500.0
1500.0
1500.0
1500.0
1500.0
1500.0
1500.0
1462.9423828125
1390.75732421875
1321.128173828125
1253.6357421875
1188.76513671875
1126.835693359375
1068.2381591796875
1013.29833984375
962.3011474609375
915.1787109375
871.538818359375
830.8426513671875
792.51953125
756.6156005859375
722.8345947265625
691.04443359375
661.1577758789062
633.05615234375
607.147705078125
583.37255859375
561.3784790039062
540.9038696289062
521.8175659179688
504.00506591796875
487.55450439453125
472.34375
458.26025390625
445.2053527832031
433.11688232421875
421.8968505859375
411.43975830078125
401.6549377441406
392.45941162109375
383.7699890136719
375.5254821777344
367.6724548339844
360.1097412109375
352.7790832519531
345.6725158691406
338.81597900390625
332.1164245605469
325.6736755371094
319.51611328125
313.65374755859375
308.0505676269531
302.6895751953125
297.55084228515625
