1500.0
1348.0125732421875
1061.1707763671875
989.5603637695312
912.9463500976562
857.5656127929688
810.0535888671875
773.4246215820312
741.742919921875
711.30810546875
685.5296020507812
665.5452270507812
647.1467895507812
629.070068359375
611.2345581054688
594.0535888671875
577.6170654296875
564.9525146484375
554.1936645507812
543.6226196289062
532.3456420898438
519.7939453125
504.6517639160156
487.291015625
469.4371643066406
451.0653991699219
431.1814880371094
409.3248291015625
386.1523742675781
364.1516418457031
351.1800537109375
339.90679931640625
329.2970886230469
100.0
100.0
100.0
100.0
100.0
100.0
326.7445068359375
307.7840576171875
291.05865478515625
280.5323791503906
270.7784423828125
261.3882141113281
252.3112335205078
243.5230255126953
234.9663543701172
226.65689086914062
218.647705078125
211.00152587890625
203.7095947265625
196.72145080566406
190.01718139648438
183.5626220703125
177.3599395751953
171.527587890625
166.08987426757812
160.92080688476562
156.03050231933594
151.4171142578125
147.04244995117188
142.8842315673828
138.92449951171875
135.15394592285156
131.5649871826172
128.1685791015625
124.95728302001953
121.88287353515625
118.93367004394531
116.10704803466797
113.41651916503906
110.853759765625
108.40543365478516
106.06134796142578
103.8084716796875
101.64057159423828
99.55956268310547
97.56448364257812
95.65628814697266
93.82500457763672
92.065673828125
90.39537048339844
88.79350280761719
87.24732208251953
85.75566864013672
84.31631469726562
82.92676544189453
81.58594512939453
80.29265594482422
79.03962707519531
77.83271789550781
76.6733627319336
