1500.0
1500.0
1500.0
1500.0
1500.0
1500.0
1500.0
1499.9976806640625
1484.002197265625
1455.07421875
1422.3839111328125
1387.0390625
1346.7196044921875
1309.1207275390625
1277.335205078125
1250.7337646484375
1224.3084716796875
1196.54931640625
1166.384521484375
1134.5296630859375
1103.697265625
1072.2203369140625
1038.3529052734375
1000.68505859375
958.6505126953125
911.6027221679688
862.86572265625
823.2844848632812
785.2440185546875
749.7198486328125
714.0068969726562
677.4635620117188
100.0
100.0
100.0
100.0
100.0
100.0
741.230224609375
653.9841918945312
622.50927734375
600.515625
581.7383422851562
563.6116333007812
545.3695068359375
526.8491821289062
508.1480712890625
489.4220886230469
470.7610168457031
452.3863220214844
434.5185241699219
417.3794860839844
401.0728759765625
385.62445068359375
371.075927734375
357.3828430175781
344.4580383300781
332.174072265625
320.43023681640625
309.1501159667969
298.33038330078125
288.0124206542969
278.296142578125
269.2606506347656
260.9666442871094
253.1954345703125
245.86196899414062
238.94374084472656
232.3869171142578
226.14625549316406
220.19821166992188
214.5115203857422
209.0553741455078
203.81141662597656
198.77684020996094
193.94351196289062
189.30320739746094
184.8568572998047
180.60659790039062
176.55154418945312
172.6862030029297
169.0027313232422
165.48641967773438
162.1271209716797
158.90721130371094
155.81932067871094
152.84033203125
149.98837280273438
147.2675018310547
144.66488647460938
142.17857360839844
139.80137634277344
