1500.0
1500.0
1500.0
1500.0
1500.0
1500.0
1500.0
1500.0
1500.0
1500.0
1500.0
1500.0
1500.0
1500.0
1500.0
1500.0
1500.0
1500.0
1500.0
1500.0
1500.0
1500.0
1500.0
1500.0
1500.0
1500.0
1500.0
1500.0
1500.0
1500.0
1500.0
1500.0
100.0
100.0
100.0
100.0
100.0
100.0
1500.0
1500.0
1500.0
1500.0
1500.0
1500.0
1500.0
1500.0
1500.0
1500.0
1500.0
1500.0
1500.0
1500.0
1500.0
1500.0
1500.0
1500.0
1474.694091796875
1416.30859375
1362.3505859375
1310.3721923828125
1259.828125
1210.61181640625
1163.2191162109375
1117.705810546875
1074.137451171875
1060.2506103515625
1032.9117431640625
994.7962036132812
959.306884765625
926.14697265625
894.7882690429688
864.9037475585938
836.5606079101562
809.6461181640625
784.3260498046875
760.83837890625
738.3433227539062
717.8560791015625
698.656005859375
680.627197265625
663.4700927734375
647.0003051757812
631.3912963867188
616.9285278320312
603.4578247070312
590.2860717773438
577.7941284179688
565.9409790039062
554.6221923828125
543.2225952148438
531.9908447265625
521.0860595703125
510.5942077636719
