1499.9998779296875
1500.0
1500.0
1500.0
1500.0
1500.0
1500.0
1500.0
1500.0
1499.9957275390625
1500.0
1500.0
1500.0
1500.0
1500.0
1500.0
1500.0
1500.0
1500.0
1500.0
1500.0
1500.0
1500.0
1500.0
1500.0
1500.0
1500.0
1500.0
1500.0
1500.0
1500.0
1500.0
100.0000228881836
100.0
100.0
100.0
100.0
100.0
1500.0
1500.0
1500.0
1500.0
1500.0
1500.0
1500.0
1499.9998779296875
1500.0
1500.0
1500.0
1500.0
1500.0
1500.0
1500.0
1500.0
1500.0
1500.0
1500.0
1500.0
1499.999755859375
1500.0
1499.9947509765625
1500.0
1500.0
1499.9998779296875
1500.0
1500.0
1500.0
1465.3922119140625
1412.788330078125
1362.73095703125
1310.2239990234375
1258.2308349609375
1208.5103759765625
1161.9052734375
1117.65771484375
1070.5196533203125
1033.674072265625
1002.3544311523438
971.556884765625
939.693359375
907.3694458007812
883.6792602539062
861.2369384765625
835.2175903320312
806.3319091796875
782.1329956054688
763.71240234375
746.412109375
727.412109375
706.31396484375
684.3703002929688
660.8692626953125
636.8484497070312
614.2022094726562
593.3463134765625
