1500.0
1500.0
1500.0
1500.0040283203125
1500.0
1500.0
1500.0
1500.0
1499.9951171875
1499.9998779296875
1499.9998779296875
1500.0
1499.9998779296875
1500.0
1500.0
1499.9998779296875
1499.9998779296875
1499.9993896484375
1500.0
1500.0
1459.3695068359375
1390.875
1310.7945556640625
1224.92822265625
1135.224365234375
1045.3353271484375
961.7056274414062
889.824951171875
822.58203125
757.4511108398438
695.2748413085938
647.0795288085938
609.5367431640625
100.0
100.0
100.0
100.0
100.0
100.0
884.828857421875
746.0575561523438
685.9332885742188
624.4385986328125
570.6981201171875
546.849853515625
525.0100708007812
488.14208984375
457.14459228515625
430.94549560546875
407.97503662109375
387.3501281738281
368.6036376953125
351.34466552734375
335.2754211425781
320.43353271484375
307.0074157714844
294.44024658203125
282.61138916015625
271.5187683105469
261.1589050292969
256.1442565917969
251.31564331054688
242.3701629638672
234.0955047607422
226.42239379882812
219.2449188232422
212.5236358642578
206.23193359375
200.3517303466797
194.83103942871094
189.59835815429688
184.63987731933594
179.9332275390625
175.4315185546875
171.14865112304688
167.129150390625
163.35035705566406
159.781494140625
156.4009246826172
153.176513671875
150.09512329101562
147.162109375
144.36126708984375
141.68008422851562
139.11264038085938
136.65481567382812
134.30697631835938
132.0616912841797
129.8990478515625
127.796142578125
125.73624420166016
123.7158203125
121.738037109375
119.80814361572266
117.92762756347656
116.09807586669922
