1499.9998779296875
1500.0
1499.9998779296875
1500.008056640625
1500.0
1500.0
1500.0
1500.0
1500.0
1500.0
1500.0
1500.0
1500.0
1500.0
1500.0
1500.0
1500.0
1500.0
1500.0
1500.0
1500.0
1500.0
1500.0
1500.0
1500.0
1500.0
1500.0
1500.0
1500.0
1459.864990234375
1421.2978515625
1382.453857421875
99.99999237060547
100.0
100.0
100.0
100.0
100.0
1500.0001220703125
1440.1480712890625
1335.1390380859375
1280.6099853515625
1240.5675048828125
1204.8143310546875
1169.4949951171875
1132.8817138671875
1094.73291015625
1055.207763671875
1014.8529663085938
974.6688232421875
935.63427734375
896.89892578125
858.6221923828125
821.1129760742188
783.618896484375
746.6124877929688
710.9121704101562
676.6458129882812
643.9903564453125
612.9517211914062
583.4928588867188
555.5358276367188
529.0166625976562
503.82916259765625
479.6344909667969
456.48016357421875
444.95916748046875
433.23822021484375
411.90484619140625
392.09893798828125
373.47125244140625
356.2392578125
340.70306396484375
326.53680419921875
313.0043029785156
300.3431396484375
288.6377868652344
277.7208251953125
267.4908447265625
257.9176940917969
249.0568084716797
240.84432983398438
233.19796752929688
226.03948974609375
219.3042755126953
212.96237182617188
206.9468536376953
201.1896514892578
195.68580627441406
190.47982788085938
185.55606079101562
180.91770935058594
176.6531524658203
