1284.8197021484375
987.5798950195312
815.8757934570312
724.5108032226562
620.5960693359375
579.4700317382812
551.6895141601562
528.80126953125
507.7853698730469
489.4297180175781
475.9290771484375
463.9220275878906
451.2807312011719
437.74932861328125
423.7646484375
410.255615234375
396.7353515625
382.7736511230469
368.33953857421875
353.6429443359375
338.9130859375
324.8794250488281
311.6541748046875
304.24114990234375
297.2096862792969
290.78668212890625
285.242919921875
280.0198059082031
274.5412902832031
268.6142272949219
262.2966003417969
255.6835174560547
249.06903076171875
100.0
100.0
100.0
100.0
100.0
100.0
262.91339111328125
247.32272338867188
229.45257568359375
217.8333282470703
213.5897979736328
210.1011962890625
204.31187438964844
199.2841339111328
194.8274688720703
190.64166259765625
186.56814575195312
182.4857940673828
178.630126953125
174.6334228515625
170.54933166503906
166.4043426513672
162.2071075439453
157.93434143066406
153.6246795654297
149.30340576171875
144.98448181152344
142.92127990722656
140.86795043945312
136.72398376464844
132.7257537841797
128.85743713378906
125.11835479736328
121.53781127929688
118.10353088378906
114.84503936767578
111.72722625732422
108.74007415771484
105.88252258300781
103.14807891845703
100.55713653564453
98.08951568603516
95.74927520751953
93.51831817626953
91.39173126220703
89.36760711669922
87.44078826904297
85.58967590332031
83.81049346923828
82.13023376464844
80.50662994384766
78.9459457397461
77.44898986816406
76.01512145996094
74.64051055908203
73.3169937133789
72.0411376953125
70.81352996826172
69.63543701171875
68.49789428710938
67.3968276977539
66.33165740966797
65.30107116699219
