1499.9971923828125
1500.0
1500.0
1500.0
1500.0
1500.0
1500.0
1500.0
1500.0
1500.0
1500.0
1500.0
1500.0
1500.0
1500.0
1500.0
1500.0
1500.0
1500.0
1500.0
1500.0
1500.0
1500.0
1500.0
1500.0
1500.0
1500.0
1500.0
1500.0
1500.0
1500.0
1500.0
100.0
100.00000762939453
100.0
100.0
100.0
100.0
1500.0
1500.0
1500.0
1500.0
1500.0
1500.0
1500.0
1500.0
1500.0
1500.0
1500.0
1500.0
1500.0
1500.0
1500.0
1500.0
1500.0
1500.0
1500.0
1500.0
1500.0
1500.0
1500.0
1500.0
1490.95068359375
1403.4197998046875
1329.5186767578125
1262.0936279296875
1199.49365234375
1140.73291015625
1083.353515625
1030.594970703125
981.5826416015625
935.1048583984375
891.565673828125
850.4876098632812
811.0939331054688
773.723388671875
738.6384887695312
705.766357421875
674.9281616210938
646.0014038085938
618.6990356445312
592.8816528320312
568.4108276367188
545.2420043945312
523.4087524414062
502.7858581542969
483.2358703613281
464.658203125
446.9751892089844
430.1376647949219
414.08502197265625
398.77618408203125
