1499.9989013671875
1500.0
1500.0
1500.0
1500.0
1500.0
1500.0
1500.0
1500.0
1500.0
1500.0
1500.0
1500.0
1500.0
1500.0
1500.0
1500.0
1500.0
1500.0
1500.0
1500.0
1500.0
1500.0
1500.0
1500.0
1500.0
1500.0
1500.0
1500.0
1500.0
1500.0
1500.0
100.0
100.0
100.0
100.0
100.0
100.0
1500.0
1499.9998779296875
1500.0
1500.0
1500.0
1500.0
1500.0
1500.0
1500.0
1500.0
1452.3189697265625
1388.923095703125
1325.318115234375
1261.8326416015625
1199.111083984375
1137.88720703125
1078.463623046875
1021.1304321289062
966.7803344726562
915.4887084960938
867.036376953125
821.2395629882812
777.9197998046875
736.9602661132812
698.2052612304688
661.8419799804688
627.5487670898438
596.1302490234375
567.2450561523438
540.0904541015625
514.4092407226562
490.65118408203125
468.23968505859375
447.0897521972656
427.20758056640625
408.5123291015625
391.0547180175781
382.6828308105469
374.6026916503906
359.5559997558594
345.64031982421875
332.7834777832031
320.88916015625
309.8736572265625
299.6073913574219
290.02716064453125
281.1067810058594
272.76904296875
264.94775390625
257.58807373046875
250.64279174804688
244.07557678222656
237.85813903808594
231.9763946533203
226.41464233398438
221.1646728515625
216.21510314941406
211.486083984375
