1499.9998779296875
1500.0
1500.0
1500.0
1500.0
1500.0
1500.0
1500.0
1500.0
1500.0
1500.0
1500.0
1500.0
1500.0
1500.0
1500.0
1500.0
1500.0
1500.0
1499.9998779296875
1500.0
1500.0
1500.0
1500.0
1500.0
1500.0
1500.0
1500.0
1500.0
1500.0
1500.0
1500.0
99.99999237060547
100.0
100.0
100.0
100.0
100.0
1500.0
1500.0
1500.0
1500.0
1500.0
1500.0
1500.0
1499.9964599609375
1472.75244140625
1352.8929443359375
1242.291748046875
1141.8133544921875
1050.462646484375
966.9904174804688
891.5089721679688
824.0006103515625
764.6685180664062
713.8320922851562
669.4859619140625
628.8602905273438
592.2979125976562
559.5272216796875
530.44775390625
505.5025329589844
483.1121520996094
462.2286682128906
442.38262939453125
423.22314453125
405.65228271484375
389.57684326171875
374.919677734375
361.27471923828125
347.9576416015625
334.4270324707031
322.9893798828125
313.71319580078125
304.9871826171875
300.8316650390625
296.9022216796875
289.2706298828125
281.5893859863281
273.8948669433594
266.1296081542969
258.60455322265625
251.1715087890625
243.6687469482422
236.0423126220703
229.6521453857422
224.34043884277344
219.1107635498047
213.59796142578125
207.93780517578125
202.67666625976562
196.94406127929688
190.62814331054688
183.8009490966797
176.4519805908203
170.93618774414062
