1500.0
1500.0
1500.0
1499.9947509765625
1500.0
1500.0
1500.0
1500.0
1500.0
1500.0
1500.0
1500.0
1500.0
1500.0
1500.0
1500.0
1500.0
1500.0
1500.0
1500.0
1500.0
1500.0
1500.0
1500.0
1500.0
1500.0
1500.0
1500.0
1500.0
1500.0
1500.0
1500.0
100.0
100.0
100.0
100.0
100.0
100.0
1500.0
1500.0
1500.0
1500.0
1500.0
1500.0
1500.0
1500.0
1500.0
1500.0
1467.3212890625
1377.18212890625
1294.2054443359375
1219.36083984375
1150.0843505859375
1084.6065673828125
1022.820556640625
964.39794921875
909.390869140625
856.4729614257812
806.31884765625
758.8394775390625
714.4156494140625
675.0155639648438
639.3109130859375
606.6079711914062
576.905517578125
549.3305053710938
522.9639282226562
497.4097900390625
483.17626953125
472.6646423339844
448.72479248046875
425.4007873535156
402.5992431640625
380.82586669921875
360.0620422363281
341.903564453125
325.8794250488281
312.34564208984375
300.85418701171875
290.6063232421875
281.153564453125
272.3708190917969
264.15460205078125
256.285400390625
248.73941040039062
241.59205627441406
234.8402099609375
228.39779663085938
222.18064880371094
217.06903076171875
212.67660522460938
208.31832885742188
203.82489013671875
