1499.9993896484375
1500.0
1500.0
1499.9925537109375
1500.0
1500.0
1500.0
1500.0
1500.0
1500.0
1500.0
1500.0
1500.0
1500.0
1500.0
1500.0
1500.0
1500.0
1500.0
1500.0
1500.0
1500.0
1500.0
1500.0
1500.0
1500.0
1500.0
1500.0
1500.0
1500.0
1500.0
1500.0
100.00000762939453
99.9908218383789
100.0
100.0
100.0
100.0
1499.99951171875
1500.0
1500.0
1500.0
1500.0
1500.0
1500.0
1500.0
1500.0
1500.0
1500.0
1500.0
1500.0
1500.0
1500.0
1500.0
1500.0
1500.0
1500.0
1500.0
1500.0
1500.0
1431.6610107421875
1367.0941162109375
1309.7188720703125
1253.7791748046875
1200.205078125
1149.0213623046875
1099.347412109375
1055.55810546875
1013.9683837890625
976.636962890625
943.7303466796875
913.2850341796875
884.7923583984375
858.021728515625
832.7548217773438
808.8286743164062
786.0632934570312
764.4830322265625
744.015625
724.5733032226562
706.0701293945312
688.4603881835938
671.9343872070312
656.4800415039062
642.0183715820312
628.4024047851562
615.4242553710938
602.8934326171875
590.7894897460938
579.105712890625
567.8427734375
557.0864868164062
