1499.999755859375
1500.0
1499.9998779296875
1499.992431640625
1500.0
1500.0
1500.0
1500.0
1500.0
1500.0
1500.0
1500.0
1500.0
1500.0
1500.0
1500.0
1500.0
1500.0
1500.0
1500.0
1500.0
1500.0
1500.0
1500.0
1471.6827392578125
1425.746337890625
1380.521240234375
1334.783935546875
1288.824951171875
1243.685302734375
1199.258544921875
1155.1024169921875
100.0
100.02767181396484
100.0
100.0
100.0
100.0
1291.4384765625
1151.2093505859375
1084.5867919921875
1037.482421875
994.8700561523438
954.3273315429688
915.1019287109375
876.44384765625
837.7359008789062
797.0022583007812
756.7052612304688
717.3176879882812
678.8056640625
641.3927612304688
605.1575927734375
570.1685180664062
536.131103515625
503.4361877441406
472.2760009765625
442.7268981933594
415.54290771484375
391.0774841308594
367.816162109375
345.0533142089844
324.5033264160156
305.5281982421875
288.0567932128906
271.04168701171875
255.29470825195312
240.7576904296875
227.27883911132812
214.71435546875
202.9843292236328
191.9632110595703
181.63873291015625
171.94412231445312
162.83612060546875
154.2492218017578
146.13821411132812
138.5897674560547
131.60923767089844
125.1747817993164
119.21437072753906
113.6671142578125
108.47648620605469
103.59967803955078
98.99881744384766
94.65521240234375
90.5537338256836
86.68067169189453
83.02340698242188
79.5702133178711
76.30818176269531
73.22510528564453
