1499.99951171875
1500.0009765625
1499.9998779296875
1500.0
1500.0
1500.0
1500.0
1499.9998779296875
1500.0
1500.0
1500.0
1500.0
1500.0
1500.0
1500.0
1500.0
1500.0
1500.0
1500.0
1500.0
1500.0
1500.0
1463.509521484375
1410.2080078125
1356.8470458984375
1302.8739013671875
1248.63525390625
1193.8717041015625
1140.6563720703125
1089.6436767578125
1039.3936767578125
990.1179809570312
100.0
100.0
100.0
100.0
100.0
100.0
1113.957275390625
1039.52197265625
984.431640625
919.136474609375
871.8053588867188
831.9581909179688
811.7709350585938
794.3260498046875
756.494140625
718.400390625
679.9560546875
641.5944213867188
603.9364624023438
567.1150512695312
531.6712646484375
497.9401550292969
466.7871398925781
438.0646057128906
411.31695556640625
386.73779296875
365.025390625
344.96868896484375
327.3387451171875
311.6639404296875
297.466796875
290.7214050292969
284.3665771484375
273.2054748535156
263.3017883300781
254.5063934326172
246.707763671875
239.7813262939453
233.4674072265625
227.6346435546875
222.0245819091797
216.5555419921875
211.30325317382812
206.19186401367188
201.239501953125
196.47805786132812
191.9193572998047
187.57513427734375
183.4406280517578
179.5317840576172
175.8137969970703
172.2091522216797
168.64295959472656
165.13006591796875
161.73475646972656
158.48704528808594
155.39881896972656
152.7696533203125
150.3597412109375
148.1406707763672
146.03355407714844
143.99081420898438
142.00071716308594
