1500.0
1499.7154541015625
1499.9998779296875
1500.0
1500.0
1500.0
1500.0
1500.0
1500.0
1500.0
1500.0
1500.0
1500.0
1500.0
1500.0
1500.0
1500.0
1500.0
1500.0
1500.0
1500.0
1500.0
1500.0
1491.5621337890625
1480.035888671875
1469.381591796875
1458.04736328125
1445.777099609375
1432.233154296875
1417.21435546875
1400.684814453125
1382.727294921875
99.99987030029297
100.0
100.0
100.0
100.0
100.0
1500.0
1500.0
1500.0
1426.5802001953125
1352.533203125
1312.0003662109375
1278.4334716796875
1246.619384765625
1216.4918212890625
1188.2227783203125
1161.598388671875
1136.251708984375
1111.8369140625
1088.0596923828125
1064.581298828125
1041.31005859375
1018.3665771484375
995.6822509765625
972.8836669921875
951.0031127929688
929.15771484375
906.9672241210938
884.6640625
862.6256103515625
841.0262451171875
819.6817016601562
798.2462768554688
776.4368286132812
753.9542846679688
730.7002563476562
706.9013061523438
682.2896118164062
656.68603515625
632.2084350585938
609.2825317382812
587.6240844726562
566.4301147460938
545.9678344726562
527.2567749023438
509.5213623046875
492.4021911621094
475.8646240234375
459.5870361328125
443.714111328125
427.7682189941406
412.2746887207031
398.6167907714844
387.3587951660156
378.05718994140625
367.6983947753906
356.4132995605469
344.5301818847656
332.3460998535156
319.9684753417969
