0.4921344220638275
0.5786182284355164
0.9781942963600159
1.0013891458511353
1.0040521621704102
1.0085484981536865
1.0171641111373901
1.0294840335845947
1.0455408096313477
1.061799168586731
1.0734484195709229
1.080021858215332
1.0895100831985474
1.1002854108810425
1.111295223236084
1.1241415739059448
1.138749361038208
1.1534358263015747
1.170175552368164
1.1945924758911133
1.2236098051071167
1.2565300464630127
1.2931619882583618
1.3321810960769653
1.3863049745559692
1.4582324028015137
1.5533225536346436
1.6767597198486328
1.8302768468856812
1.99788236618042
1.9944987297058105
1.9858983755111694
0.03396659344434738
0.033816225826740265
0.03441401571035385
0.03530087694525719
0.03563325107097626
0.03609191253781319
1.9072543382644653
2.1629130840301514
4.341650485992432
11.875455856323242
15.762479782104492
20.206520080566406
26.105796813964844
31.255138397216797
35.98797607421875
40.561954498291016
45.170745849609375
49.93230438232422
54.843448638916016
60.6266975402832
66.63787841796875
72.58360290527344
78.38880920410156
83.99984741210938
89.39893341064453
94.43557739257812
99.16177368164062
103.6443862915039
107.63367462158203
110.97236633300781
113.83782196044922
116.34513092041016
118.56719970703125
120.45137786865234
121.98790740966797
123.20648956298828
124.1666259765625
124.85121154785156
125.22826385498047
125.50753784179688
125.68211364746094
125.72522735595703
125.68748474121094
125.62991333007812
125.48987579345703
125.23088836669922
124.92095184326172
124.5770263671875
124.20793151855469
123.77937316894531
123.09709167480469
122.45124053955078
121.86876678466797
121.342529296875
120.8683853149414
120.43144226074219
119.97508239746094
119.56459045410156
119.201416015625
118.88455963134766
