0.024759743362665176
0.02753729559481144
0.031803376972675323
0.03328869864344597
0.033634085208177567
0.03390312194824219
0.03412597253918648
0.03441663086414337
0.03458493575453758
0.034700192511081696
0.03484605625271797
0.03506241366267204
0.035289447754621506
0.03550039231777191
0.03570520877838135
0.03593533858656883
0.036171574145555496
0.03640243783593178
0.03664213791489601
0.0368865504860878
0.03714510425925255
0.037436340004205704
0.03777601197361946
0.03817109391093254
0.03861934691667557
0.03911968693137169
0.03966565057635307
0.04026302695274353
0.04090545326471329
0.04158138856291771
0.04228740185499191
0.04302074387669563
0.0023108082823455334
0.002304762601852417
0.0022953825537115335
0.002289638388901949
0.0022857356816530228
0.0022835072595626116
0.039367109537124634
0.04145929962396622
0.04291713610291481
0.04402988776564598
0.044990431517362595
0.04589749872684479
0.046807147562503815
0.04775407165288925
0.04875117167830467
0.04979325458407402
0.05089734494686127
0.05210234969854355
0.05334356427192688
0.05463371053338051
0.05597732216119766
0.0570586659014225
0.05806628614664078
0.05906448885798454
0.06001581996679306
0.060914818197488785
0.061753276735544205
0.06255549937486649
0.06333606690168381
0.0640847235918045
0.06480944901704788
0.06548196077346802
0.06609810143709183
0.066664919257164
0.0671897903084755
0.06767944246530533
0.06818827241659164
0.06870514154434204
0.06922846287488937
0.0671132430434227
0.0650380551815033
0.06306105107069016
0.06114030256867409
0.05926596745848656
0.05744306370615959
0.05567316710948944
0.05394332855939865
0.052252691239118576
0.05060669407248497
0.04901846498250961
0.047463785856962204
0.045920636504888535
0.04437057673931122
0.042796630412340164
0.04121589660644531
0.039707668125629425
0.038434308022260666
0.037304870784282684
0.03625526651740074
0.03525025397539139
