0.041365645825862885
0.04567911848425865
0.052565183490514755
0.05503501370549202
0.055523574352264404
0.055906299501657486
0.05624103546142578
0.05655740201473236
0.056805744767189026
0.05715029314160347
0.057469796389341354
0.05777563527226448
0.058115553110837936
0.05842335894703865
0.058726366609334946
0.0590340681374073
0.0593605563044548
0.05977082997560501
0.060262106359004974
0.060880281031131744
0.06160278990864754
0.06241657957434654
0.06333164125680923
0.06434675306081772
0.06546111404895782
0.06665265560150146
0.06794300675392151
0.06930911540985107
0.07074633240699768
0.07227242738008499
0.07388565689325333
0.07556912302970886
0.004202341660857201
0.004097788594663143
0.0040466939099133015
0.004009594209492207
0.003987670876085758
0.00397201394662261
0.06982478499412537
0.07146598398685455
0.0724688172340393
0.07325327396392822
0.07401329278945923
0.07590270787477493
0.07829441130161285
0.08111701160669327
0.08417799323797226
0.0872781053185463
0.09063911437988281
0.09360087662935257
0.09601645916700363
0.09827609360218048
0.10057078301906586
0.10375767946243286
0.10667384415864944
0.10955625772476196
0.11254188418388367
0.11560174822807312
0.11831921339035034
0.1208939328789711
0.12350542098283768
0.1262136697769165
0.12894202768802643
0.13142749667167664
0.13402052223682404
0.1369543969631195
0.13998618721961975
0.1426369696855545
0.14535200595855713
0.14851772785186768
0.14771340787410736
0.141109898686409
0.1352338045835495
0.12971840798854828
0.12444289028644562
0.11934693157672882
0.1147870346903801
0.11055045574903488
0.10643813759088516
0.10251738131046295
0.09874294698238373
0.09499012678861618
0.09136274456977844
0.08786128461360931
0.08456487953662872
0.08139588683843613
0.07830429822206497
0.075310118496418
0.0728382095694542
0.07053614407777786
0.06841111183166504
0.06641700118780136
0.06447882205247879
0.06255234032869339
