0.16502849757671356
0.1897319257259369
0.2056593894958496
0.20784559845924377
0.2089233100414276
0.20989060401916504
0.21079595386981964
0.21181829273700714
0.21261677145957947
0.21339216828346252
0.21399955451488495
0.21450573205947876
0.21524520218372345
0.21640853583812714
0.21762284636497498
0.2187468707561493
0.21989208459854126
0.22107911109924316
0.22246935963630676
0.22439280152320862
0.22684702277183533
0.2299356907606125
0.23355074226856232
0.23756974935531616
0.24211451411247253
0.24732065200805664
0.25310608744621277
0.259356290102005
0.2660151720046997
0.27312228083610535
0.2837759256362915
0.29857972264289856
0.014664897695183754
0.015131539665162563
0.015392879955470562
0.01542244479060173
0.015351404435932636
0.015225919894874096
0.2634115219116211
0.26467326283454895
0.2666124105453491
0.26957258582115173
0.27357688546180725
0.2889859974384308
0.31512463092803955
0.34795600175857544
0.369118332862854
0.36057478189468384
0.35124340653419495
0.3419058322906494
0.33248570561408997
0.3229663670063019
0.3133572041988373
0.3030317723751068
0.29246407747268677
0.28240761160850525
0.2727077901363373
0.2632414996623993
0.25417593121528625
0.24531376361846924
0.23659515380859375
0.22812965512275696
0.2199786901473999
0.21222949028015137
0.20484182238578796
0.19776032865047455
0.1909858137369156
0.18452320992946625
0.17831577360630035
0.17234165966510773
0.1666153073310852
0.16108687222003937
0.15581634640693665
0.15074780583381653
0.1458197981119156
0.14115093648433685
0.13687708973884583
0.13338536024093628
0.13045327365398407
0.1280282586812973
0.12594802677631378
0.12417217344045639
0.12287089228630066
0.12190394103527069
0.1210378035902977
0.12054982781410217
0.1202913299202919
0.12045059353113174
0.12425891309976578
0.130637526512146
0.1383943259716034
0.1502404510974884
0.16721880435943604
0.18744614720344543
