0.008116507902741432
0.008654396049678326
0.008237750269472599
0.007975692860782146
0.007831933908164501
0.007734277285635471
0.007650985848158598
0.007578110322356224
0.0075177294202148914
0.007462759036570787
0.0074100615456700325
0.007360035553574562
0.007311804685741663
0.007264041807502508
0.007217166014015675
0.0071717072278261185
0.007129238918423653
0.007089386228471994
0.007049930281937122
0.007012744899839163
0.006977688521146774
0.006943888496607542
0.006911679171025753
0.006882316432893276
0.006854946259409189
0.006828430574387312
0.006802024785429239
0.006775129120796919
0.0067470199428498745
0.006717171054333448
0.00668342225253582
0.0066473339684307575
0.000720960320904851
0.0006585191586054862
0.0006543289055116475
0.0006683670217171311
0.0006900789448991418
0.0007165013812482357
0.0067564016208052635
0.006702940445393324
0.0065917749889194965
0.006525699980556965
0.006471983622759581
0.006423026788979769
0.006376622710376978
0.006330402567982674
0.006283493246883154
0.006236042827367783
0.0061879283748567104
0.006138069089502096
0.006085569504648447
0.006023796740919352
0.005953063257038593
0.005881766323000193
0.005810548551380634
0.00573784951120615
0.005662931594997644
0.005587323568761349
0.005509213078767061
0.005428637377917767
0.005345768295228481
0.005260766483843327
0.005173728335648775
0.005084753502160311
0.004994346760213375
0.004902887158095837
0.004810979589819908
0.004718818236142397
0.004626907873898745
0.004535965155810118
0.004446458537131548
0.004357655066996813
0.0042692446149885654
0.00418126629665494
0.004093637689948082
0.004006362520158291
0.003919740207493305
0.0038339646998792887
0.003749116091057658
0.0036653324496001005
0.0035828547552227974
0.0035021204967051744
0.0034229608718305826
0.003345459932461381
0.0032698907889425755
0.0031961456406861544
0.003124009817838669
0.0030533475801348686
0.002984195714816451
0.00291661755181849
0.0028506291564553976
0.0027862663846462965
