0.041361112147569656
0.04567144438624382
0.05250611528754234
0.055024296045303345
0.055491503328084946
0.055861346423625946
0.05619620159268379
0.05649266019463539
0.05675565078854561
0.05706782639026642
0.05741268768906593
0.05771874263882637
0.0580560676753521
0.05836382135748863
0.058672379702329636
0.05898286774754524
0.059302788227796555
0.05968833714723587
0.06014201045036316
0.06072201579809189
0.061408210545778275
0.06218303367495537
0.06305421888828278
0.06401009112596512
0.06507591158151627
0.06621241569519043
0.06743928790092468
0.06874683499336243
0.07012009620666504
0.07157082855701447
0.07310947775840759
0.07472262531518936
0.0041650766506791115
0.0040707834996283054
0.004022443201392889
0.003986081574112177
0.003964325413107872
0.0039487434551119804
0.06908151507377625
0.07069946080446243
0.07171639055013657
0.07250720262527466
0.07325123250484467
0.07506468892097473
0.07731703668832779
0.0799894854426384
0.08294529467821121
0.08593203127384186
0.08898759633302689
0.09233977645635605
0.09469928592443466
0.0968942642211914
0.09908514469861984
0.10132237523794174
0.10451152920722961
0.10726972669363022
0.11005399376153946
0.11298831552267075
0.11598046869039536
0.11863116174936295
0.12115196138620377
0.12376534193754196
0.12645383179187775
0.12909646332263947
0.13151536881923676
0.1340794712305069
0.13697901368141174
0.13975711166858673
0.14260254800319672
0.14636525511741638
0.1501747965812683
0.14715269207954407
0.14068569242954254
0.13496677577495575
0.12964962422847748
0.1245894506573677
0.11970735341310501
0.11523044109344482
0.11110865324735641
0.10710889101028442
0.10328610241413116
0.09957125037908554
0.09589923918247223
0.0924120619893074
0.08904138207435608
0.08571888506412506
0.08253434300422668
0.07940425723791122
0.07649991661310196
0.07372729480266571
0.071349136531353
0.06923022866249084
0.06729638576507568
0.06538817286491394
