0.02374749444425106
0.028189370408654213
0.029644658789038658
0.0303664430975914
0.030766157433390617
0.03091747686266899
0.03100534901022911
0.03115064837038517
0.031301070004701614
0.03150421380996704
0.03178072348237038
0.032050978392362595
0.03233505040407181
0.032627493143081665
0.0329228974878788
0.03324117884039879
0.033576078712940216
0.03396741673350334
0.034464284777641296
0.03508535772562027
0.03581270948052406
0.03664829209446907
0.03758209943771362
0.03860048949718475
0.03968753293156624
0.04085472598671913
0.04153510555624962
0.040986910462379456
0.04045591875910759
0.03992314264178276
0.03937578573822975
0.03872288763523102
0.002300390275195241
0.0021614311262965202
0.0022321015130728483
0.0022952542640268803
0.002339740050956607
0.002359863603487611
0.0413617268204689
0.0403045229613781
0.039087194949388504
0.03761319816112518
0.036511991173028946
0.035603154450654984
0.034770600497722626
0.033960286527872086
0.033129166811704636
0.03225216269493103
0.03135909512639046
0.030448444187641144
0.029519805684685707
0.028581252321600914
0.02762984298169613
0.02667708694934845
0.025734487920999527
0.0248072799295187
0.023899680003523827
0.023037230595946312
0.022222012281417847
0.021416986361145973
0.020628245547413826
0.019858645275235176
0.019104916602373123
0.018361523747444153
0.017644958570599556
0.01698540709912777
0.016370367258787155
0.015789346769452095
0.0152356568723917
0.014704837463796139
0.014194085262715816
0.013699827715754509
0.013220970518887043
0.012757445685565472
0.01231028139591217
0.011881903745234013
0.0114712780341506
0.011076985858380795
0.010698690079152584
0.01033567264676094
0.009987222962081432
0.009659637697041035
0.009353447705507278
0.00906575471162796
0.00879411119967699
0.008535615168511868
0.008289438672363758
0.008055435493588448
0.007833261042833328
0.00762169761583209
0.007419811561703682
0.00722145801410079
0.0070262933149933815
