0.03787855803966522
0.040228232741355896
0.04445114731788635
0.049396831542253494
0.05131788179278374
0.05225742608308792
0.05251992493867874
0.052745819091796875
0.0530058853328228
0.05324973538517952
0.053505633026361465
0.053702212870121
0.053869180381298065
0.05406154692173004
0.054296597838401794
0.05452796071767807
0.05476168915629387
0.05500716716051102
0.05525099113583565
0.05549026280641556
0.055714983493089676
0.05593127757310867
0.056217942386865616
0.05656365305185318
0.056983284652233124
0.05750160664319992
0.058103304356336594
0.058773718774318695
0.059504054486751556
0.06028348580002785
0.06110747903585434
0.061956264078617096
0.003866540966555476
0.003660690039396286
0.003565871389582753
0.0035079142544418573
0.003468596376478672
0.0034413880202919245
0.057350754737854004
0.05970776826143265
0.06124909222126007
0.06251261383295059
0.06370612233877182
0.0648999959230423
0.06606937199831009
0.06722437590360641
0.06836936622858047
0.06950854510068893
0.07063997536897659
0.07176803797483444
0.07289458066225052
0.07402460277080536
0.07516615837812424
0.07632596790790558
0.07750906050205231
0.07874444872140884
0.0800229161977768
0.0813165158033371
0.08251174539327621
0.08373019099235535
0.08506114035844803
0.0864420086145401
0.08787697553634644
0.08931473642587662
0.09048677235841751
0.09149599075317383
0.09242662042379379
0.09329014271497726
0.09408538788557053
0.0948590338230133
0.09564141929149628
0.09643205255270004
0.09725217521190643
0.09821347147226334
0.09924878180027008
0.10019735246896744
0.1013588234782219
0.10255737602710724
0.10387057065963745
0.10506598651409149
0.10592695325613022
0.1066768690943718
0.10747992247343063
0.10806983709335327
0.10478706657886505
0.10173369199037552
0.0987798348069191
0.09609024226665497
0.09359292685985565
0.09124866127967834
0.08898848295211792
0.08678805828094482
