0.4899950325489044
0.545833170413971
0.9175310134887695
1.0031145811080933
1.0131031274795532
1.0251915454864502
1.0377585887908936
1.0490518808364868
1.0615997314453125
1.0760526657104492
1.087934970855713
1.0988367795944214
1.108128309249878
1.1173094511032104
1.1296513080596924
1.140437364578247
1.1506394147872925
1.1612509489059448
1.171834111213684
1.1828678846359253
1.1984707117080688
1.2144542932510376
1.2311439514160156
1.2509204149246216
1.2735097408294678
1.298603892326355
1.3265689611434937
1.3615117073059082
1.4037638902664185
1.4563919305801392
1.5209354162216187
1.594616413116455
0.03310442343354225
0.03299694135785103
0.032957371324300766
0.03292675316333771
0.032901328057050705
0.03288024663925171
1.1650599241256714
1.3695976734161377
1.6389315128326416
2.004462480545044
2.222550392150879
2.3220267295837402
6.969343185424805
11.432537078857422
14.169747352600098
18.15268898010254
22.887662887573242
27.469030380249023
31.986696243286133
36.79934310913086
42.09512710571289
48.267879486083984
55.447139739990234
63.197967529296875
71.4124526977539
79.7916488647461
88.09591674804688
96.28784942626953
104.4424057006836
112.30162048339844
119.8061294555664
127.19398498535156
134.3922119140625
141.12925720214844
147.54910278320312
153.41537475585938
158.79808044433594
163.73011779785156
168.273193359375
172.44224548339844
176.33132934570312
180.06903076171875
183.1957550048828
185.76895141601562
187.94424438476562
189.80551147460938
191.42617797851562
192.752197265625
193.9119110107422
195.04248046875
196.05545043945312
196.91270446777344
197.6063232421875
198.13621520996094
198.54177856445312
198.8697509765625
199.11953735351562
199.23049926757812
199.22532653808594
199.13014221191406
