0.11177457123994827
0.12186737358570099
0.137497678399086
0.1486874222755432
0.15086574852466583
0.151350736618042
0.15173059701919556
0.15218813717365265
0.15265604853630066
0.15316663682460785
0.15382300317287445
0.15445545315742493
0.15527589619159698
0.15606264770030975
0.15671327710151672
0.15733209252357483
0.15787798166275024
0.158408060669899
0.15889398753643036
0.1593446284532547
0.15979906916618347
0.16031746566295624
0.1610170304775238
0.1619124412536621
0.16298891603946686
0.1642286330461502
0.16560444235801697
0.16705232858657837
0.16860756278038025
0.17035016417503357
0.17233221232891083
0.17446084320545197
0.009547079913318157
0.008062727749347687
0.00789051502943039
0.00784708745777607
0.007826517336070538
0.007813733071088791
0.15314637124538422
0.16243304312229156
0.16737040877342224
0.1735622137784958
0.17865875363349915
0.18333867192268372
0.1879487931728363
0.19257080554962158
0.19724926352500916
0.2020583301782608
0.2076738476753235
0.21585197746753693
0.22451969981193542
0.23361429572105408
0.2431132048368454
0.25296664237976074
0.26306211948394775
0.2670181691646576
0.26205432415008545
0.25719282031059265
0.25248539447784424
0.24758096039295197
0.24266381561756134
0.23774507641792297
0.23276685178279877
0.2277160882949829
0.22263461351394653
0.2175517976284027
0.21247847378253937
0.20721478760242462
0.20185334980487823
0.19646480679512024
0.19098074734210968
0.18539144098758698
0.18022723495960236
0.17530158162117004
0.17049944400787354
0.1657147854566574
0.1609996110200882
0.1564006209373474
0.15203857421875
0.14787879586219788
0.1437535285949707
0.13972832262516022
0.13594484329223633
0.13238154351711273
0.1290074735879898
0.12570138275623322
0.12242602556943893
0.11926309019327164
0.11695839464664459
0.11533429473638535
0.11429626494646072
0.11374051123857498
0.11356662213802338
