0.007756087463349104
0.008693883195519447
0.009921354241669178
0.010914166457951069
0.011155481450259686
0.011245593428611755
0.011306917294859886
0.01137895043939352
0.01148337870836258
0.011582675389945507
0.011668847873806953
0.011771856807172298
0.011859096586704254
0.011951575055718422
0.012048879638314247
0.012155264616012573
0.012270853854715824
0.012388375587761402
0.012510471977293491
0.012651684693992138
0.012818984687328339
0.013013369403779507
0.013234865851700306
0.013485919684171677
0.013764971867203712
0.014066473580896854
0.01435529999434948
0.014625235460698605
0.014917421154677868
0.015223442576825619
0.015543601475656033
0.01587887480854988
0.0008374866447411478
0.0007985732518136501
0.0007994570187292993
0.0008092292700894177
0.0008202958852052689
0.0008305790252052248
0.015535101294517517
0.0163384098559618
0.016778716817498207
0.017124900594353676
0.01745138317346573
0.01778777502477169
0.018140889704227448
0.01851624809205532
0.018911659717559814
0.019306199625134468
0.019718166440725327
0.020161617547273636
0.020641112700104713
0.021181566640734673
0.021626416593790054
0.022065822035074234
0.022516295313835144
0.022984743118286133
0.023471413180232048
0.02398264966905117
0.024502770975232124
0.024422630667686462
0.02387755736708641
0.023352406919002533
0.022834433242678642
0.022321466356515884
0.02181362733244896
0.021311620250344276
0.02081458829343319
0.020321788266301155
0.01983269676566124
0.019348016008734703
0.018868805840611458
0.018397662788629532
0.01793595589697361
0.017484372481703758
0.017041904851794243
0.01660812459886074
0.01618339866399765
0.01576908305287361
0.015365115366876125
0.014969762414693832
0.01458197645843029
0.014201059006154537
0.013826938346028328
0.01345971692353487
0.013099512085318565
0.01274961605668068
0.012413328513503075
0.01209054421633482
0.011779332533478737
0.011626453138887882
0.011475710198283195
0.011183510534465313
0.010900461114943027
