0.04091252014040947
0.04513022303581238
0.05240543186664581
0.054699476808309555
0.05526426434516907
0.05564316362142563
0.055912964046001434
0.05612029507756233
0.05637287721037865
0.05662450194358826
0.05685494840145111
0.057135287672281265
0.057347532361745834
0.05756273493170738
0.057772453874349594
0.05799693614244461
0.058201223611831665
0.05842207744717598
0.05864819139242172
0.05886591225862503
0.059096559882164
0.059396930038928986
0.05971749499440193
0.06006266176700592
0.06047740578651428
0.06097938492894173
0.06156324967741966
0.06221112236380577
0.06290840357542038
0.06366126239299774
0.06449563801288605
0.0653769001364708
0.0035518675576895475
0.003818775760009885
0.0037911341059952974
0.0037527033127844334
0.0037202504463493824
0.0036921738646924496
0.059275802224874496
0.06208203360438347
0.06410572677850723
0.06577442586421967
0.06726078689098358
0.06870580464601517
0.07015151530504227
0.07159723341464996
0.07304411381483078
0.07448940724134445
0.07593647390604019
0.07738945633172989
0.07885412871837616
0.08035741746425629
0.08186130970716476
0.08337422460317612
0.08487816900014877
0.08636406809091568
0.08794772624969482
0.08955572545528412
0.09123070538043976
0.09276603907346725
0.09390829503536224
0.0949876606464386
0.0960940346121788
0.09723059087991714
0.09839778393507004
0.09963949024677277
0.10085146129131317
0.10249410569667816
0.10430189222097397
0.10593362152576447
0.10754407197237015
0.10924694687128067
0.11106963455677032
0.112973652780056
0.11501568555831909
0.11698660254478455
0.11879807710647583
0.12051766365766525
0.12214823067188263
0.12378714978694916
0.12529151141643524
0.12692146003246307
0.12841571867465973
0.12995545566082
0.13145163655281067
0.13315239548683167
0.13528954982757568
0.13776147365570068
0.14059853553771973
0.14398841559886932
0.138099804520607
0.13292010128498077
