0.021888338029384613
0.024285370483994484
0.028015313670039177
0.02973266690969467
0.030551712960004807
0.03113178163766861
0.03146883845329285
0.031639840453863144
0.03179585561156273
0.03201337903738022
0.03226924687623978
0.032506197690963745
0.03266756981611252
0.03277772292494774
0.03287941589951515
0.03299414739012718
0.03311465308070183
0.03324343264102936
0.03339226543903351
0.03356790542602539
0.033770520240068436
0.03402456268668175
0.03432968258857727
0.03470323979854584
0.03514394909143448
0.03564397618174553
0.036191683262586594
0.03677957504987717
0.03739432990550995
0.03803319111466408
0.038684532046318054
0.03935222700238228
0.002496036933735013
0.002166392747312784
0.0020151666831225157
0.0019394183764234185
0.0019070026464760303
0.0019000686006620526
0.035938892513513565
0.03781789913773537
0.03906446695327759
0.04075358808040619
0.04196348041296005
0.042911428958177567
0.04374489188194275
0.044559501111507416
0.045399460941553116
0.04629300534725189
0.047260839492082596
0.04834585636854172
0.04941900819540024
0.050484798848629
0.05161193758249283
0.05277865007519722
0.0540013462305069
0.055214349180459976
0.05525423213839531
0.053695667535066605
0.05223718658089638
0.05085776373744011
0.04952341690659523
0.04821312800049782
0.04693150520324707
0.04568100348114967
0.044458258897066116
0.04325838387012482
0.04208105430006981
0.040926530957221985
0.03979340195655823
0.03869408369064331
0.03762318566441536
0.03658636659383774
0.0355805940926075
0.03460624814033508
0.03366251289844513
0.03274840861558914
0.03186751529574394
0.0310229379683733
0.030203986912965775
0.029406767338514328
0.028633050620555878
0.027885677292943
0.027166850864887238
0.02647668682038784
0.025810357183218002
0.02516523003578186
0.024539289996027946
0.023934900760650635
0.02335190959274769
0.022788697853684425
0.022244520485401154
0.021720532327890396
0.02121536061167717
