10.401838302612305
11.509021759033203
8.67026424407959
7.683623790740967
7.559074401855469
7.574850559234619
7.446741580963135
7.3397297859191895
7.266144752502441
7.149068355560303
7.098057746887207
7.127633094787598
7.215961456298828
7.349629878997803
7.508367538452148
7.655129432678223
7.733760833740234
7.790863990783691
7.860539436340332
7.953878402709961
8.076451301574707
8.221514701843262
8.37760066986084
8.52861499786377
8.689724922180176
8.877039909362793
9.109443664550781
9.533106803894043
10.04580020904541
10.514665603637695
10.937471389770508
11.334188461303711
3.0011041164398193
3.328104019165039
3.5826497077941895
3.770925283432007
3.92268443107605
4.038857936859131
13.855094909667969
14.865185737609863
15.676213264465332
16.6028995513916
17.50288200378418
18.341663360595703
19.11656379699707
19.82200050354004
20.449880599975586
21.002975463867188
21.513015747070312
21.7864933013916
22.065778732299805
22.578271865844727
23.086578369140625
23.597694396972656
24.115663528442383
24.634862899780273
25.147327423095703
25.637413024902344
26.09566307067871
26.52402114868164
26.941858291625977
27.352031707763672
27.74449920654297
28.116958618164062
28.468732833862305
28.803539276123047
29.125810623168945
29.440593719482422
29.737628936767578
30.062511444091797
30.35738754272461
30.634658813476562
30.898073196411133
31.150833129882812
31.391855239868164
31.624439239501953
31.852516174316406
32.07932662963867
32.30747985839844
32.539485931396484
32.77619552612305
33.016357421875
33.25493240356445
33.489200592041016
33.71780776977539
33.939231872558594
34.154197692871094
34.358219146728516
34.55293273925781
34.741912841796875
34.9334716796875
35.17824935913086
35.41552734375
