0.11288480460643768
0.12491026520729065
0.14276222884655
0.14871053397655487
0.15010707080364227
0.15102972090244293
0.1518886536359787
0.15258938074111938
0.15337339043617249
0.15426921844482422
0.15520396828651428
0.15600833296775818
0.1567264199256897
0.15746819972991943
0.15809974074363708
0.15873968601226807
0.15946492552757263
0.16023287177085876
0.1611088216304779
0.16213344037532806
0.16326001286506653
0.1645238846540451
0.16599483788013458
0.1676269918680191
0.1694665402173996
0.17155687510967255
0.1739259511232376
0.1765047162771225
0.17932096123695374
0.18244342505931854
0.18598060309886932
0.18999943137168884
0.012616371735930443
0.010898123495280743
0.010285815224051476
0.01001760084182024
0.00988414790481329
0.00981010589748621
0.1707955002784729
0.18018972873687744
0.1838667243719101
0.19115503132343292
0.1972268670797348
0.20327132940292358
0.21108852326869965
0.2228672057390213
0.23576970398426056
0.24983984231948853
0.2653476595878601
0.27307263016700745
0.2675393223762512
0.2615370750427246
0.2554178833961487
0.24933552742004395
0.2432599514722824
0.2371632158756256
0.2311227172613144
0.22493115067481995
0.21869085729122162
0.2125462293624878
0.20650574564933777
0.20056302845478058
0.19474391639232635
0.18899421393871307
0.1834057718515396
0.17805546522140503
0.17292150855064392
0.16800199449062347
0.16327540576457977
0.15872906148433685
0.1543639749288559
0.1501440405845642
0.1460379809141159
0.1420043557882309
0.1380317658185959
0.1341022551059723
0.13027887046337128
0.12656748294830322
0.12293867021799088
0.11955902725458145
0.11651737987995148
0.11371774226427078
0.11108016222715378
0.10856211185455322
0.10612980276346207
0.1037844568490982
0.10154189169406891
0.09937866032123566
0.09728514403104782
0.09526297450065613
0.09330315887928009
0.09139461070299149
0.08953633904457092
