-0.0
-0.0
-0.0
-0.0
-0.0
-0.0
-0.0
-0.0
-0.0
-0.0
-0.0
-0.0
-0.0
-0.0
-0.0
-0.0
-0.0
-0.0
-0.0
-0.0
-0.0
-0.0
-0.0
-0.0
-0.0
-0.0
-0.0
-0.0
-0.0
-0.0
-0.0
-0.0
-0.0
-0.0
-0.0
-0.0
-0.0
-0.0
-0.0
-0.0
-0.0
-0.0
-0.0
-0.0
-0.0
-0.0
-0.0
-0.0
-0.0
-0.0
-0.0
-0.0
-0.0
-0.0
-0.0
-0.0
-0.0
-0.0
-0.0
-0.0
-0.0
-0.0
1.0633290230543935e-06
2.278831516377977e-06
3.331548896312597e-06
4.233649633533787e-06
4.996961706638103e-06
5.649887498293538e-06
6.205145837157033e-06
6.672708423138829e-06
7.063111297611613e-06
7.386066045000916e-06
7.650346560694743e-06
7.863504833949264e-06
8.031828656385187e-06
8.160412107827142e-06
8.254176464106422e-06
8.317319952766411e-06
8.353841622010805e-06
8.367085683858022e-06
8.360105312021915e-06
8.335699021699838e-06
8.296370651805773e-06
8.244391210610047e-06
8.18171065475326e-06
8.110026101348922e-06
8.030595381569583e-06
7.944800927361939e-06
7.853604984120466e-06
7.756219019938726e-06
7.654999535589013e-06
7.550765076302923e-06
7.444079528795555e-06
