7.0305585861206055
8.285303115844727
11.271708488464355
14.145628929138184
12.429259300231934
12.236532211303711
12.62089729309082
12.95060920715332
13.283822059631348
13.65967845916748
13.812188148498535
14.1404447555542
14.708917617797852
15.496979713439941
16.329025268554688
17.2183895111084
18.02271842956543
18.909334182739258
19.985092163085938
21.211143493652344
22.68763542175293
24.59430694580078
27.1016845703125
30.384836196899414
34.805301666259766
40.64497375488281
48.078853607177734
56.223976135253906
65.81340789794922
76.68026733398438
89.55908966064453
104.43931579589844
9.654172897338867
6.499728202819824
4.346903324127197
4.148717880249023
4.106986999511719
4.1069183349609375
85.7930908203125
138.14186096191406
151.5067138671875
180.95054626464844
209.56336975097656
235.82640075683594
262.4601745605469
289.6221923828125
317.617919921875
345.4165954589844
360.4931945800781
373.22772216796875
385.5855712890625
397.2000427246094
407.9931945800781
418.3389587402344
426.9601745605469
434.2822265625
439.8718566894531
444.84515380859375
449.070556640625
452.5696716308594
455.4465026855469
457.7831726074219
459.64569091796875
461.12701416015625
462.2129211425781
462.7935485839844
462.8499755859375
462.4996032714844
461.9365234375
461.0213928222656
459.9853820800781
458.8587646484375
457.5531005859375
456.0467224121094
454.360107421875
452.44573974609375
450.3262634277344
448.13421630859375
445.89385986328125
443.66461181640625
441.5242614746094
439.4150085449219
437.35028076171875
435.31500244140625
433.3052673339844
431.02685546875
428.65625
426.3214416503906
424.04620361328125
421.8552551269531
419.7628173828125
417.74334716796875
