19.04454231262207
18.2867431640625
16.001646041870117
13.531146049499512
12.046158790588379
11.15103530883789
10.582353591918945
10.218121528625488
9.984262466430664
9.83698558807373
9.750469207763672
9.689640998840332
9.640729904174805
9.616253852844238
9.623754501342773
9.672133445739746
9.764538764953613
9.904217720031738
10.093493461608887
10.333565711975098
10.620867729187012
10.951754570007324
11.320816993713379
11.722704887390137
12.180919647216797
12.681463241577148
13.258489608764648
13.92655086517334
14.64725399017334
15.40963077545166
16.197935104370117
16.992015838623047
3.874387502670288
3.3169496059417725
3.147770643234253
3.150411367416382
3.213700532913208
3.30393385887146
24.929973602294922
25.64134407043457
24.69337272644043
24.048051834106445
24.275705337524414
24.856632232666016
25.622350692749023
26.461421966552734
27.08854866027832
27.396066665649414
28.37052345275879
29.306734085083008
30.2210693359375
31.11475944519043
32.002010345458984
32.86749267578125
33.70661163330078
34.511898040771484
35.269832611083984
35.965885162353516
36.65488052368164
37.286720275878906
37.868343353271484
38.4000244140625
38.89488220214844
39.35009002685547
39.75447463989258
40.116756439208984
40.463294982910156
40.79779052734375
41.111026763916016
41.36153793334961
41.535770416259766
41.6324462890625
41.65843200683594
41.63064956665039
41.57009506225586
41.49224090576172
41.406742095947266
41.326087951660156
41.23621368408203
41.129634857177734
41.00831985473633
40.87506866455078
40.72966003417969
40.575103759765625
40.41611862182617
40.25804138183594
40.10691833496094
39.967681884765625
39.84390640258789
39.73643493652344
39.64582443237305
39.57251739501953
39.516109466552734
39.44596862792969
