9.228947639465332
13.290576934814453
10.6168851852417
8.721418380737305
8.010589599609375
7.775847911834717
7.741146087646484
7.773395538330078
7.720943450927734
7.6611480712890625
7.609060764312744
7.57390832901001
7.555448532104492
7.553868293762207
7.519562721252441
7.499360084533691
7.502197742462158
7.526517391204834
7.575593948364258
7.64420747756958
7.725930690765381
7.817108154296875
7.894500732421875
7.978705406188965
8.084036827087402
8.21908187866211
8.387024879455566
8.599767684936523
8.869791030883789
9.208595275878906
9.625883102416992
10.127276420593262
0.8404591679573059
0.7866873741149902
0.8217287063598633
0.8666204810142517
0.9047421813011169
0.9461705684661865
16.05040168762207
15.962474822998047
15.630654335021973
15.736344337463379
16.371397018432617
17.3079891204834
18.381635665893555
19.53391456604004
20.7907772064209
22.14970588684082
23.553857803344727
24.959976196289062
26.33025550842285
27.74456214904785
29.100711822509766
30.400232315063477
31.58795166015625
32.625709533691406
33.52373504638672
34.306148529052734
34.9937629699707
35.60618591308594
36.160186767578125
36.665157318115234
37.14194107055664
37.59444808959961
38.02753829956055
38.440574645996094
38.82309341430664
39.16564178466797
39.45790100097656
39.69854736328125
39.895301818847656
40.06401824951172
40.21859359741211
40.36407470703125
40.50516128540039
40.65440368652344
40.784305572509766
40.82741928100586
40.819881439208984
40.78553009033203
40.736534118652344
40.68160629272461
40.621421813964844
40.55659484863281
40.48955535888672
40.422367095947266
40.35870361328125
40.3008918762207
40.24900817871094
40.20345687866211
40.16444778442383
40.131954193115234
40.110755920410156
