0.025422872975468636
0.028912363573908806
0.03263351321220398
0.03345930576324463
0.03382401913404465
0.03412000089883804
0.03446432575583458
0.0346461683511734
0.03483835235238075
0.03510086238384247
0.03538939356803894
0.03566085919737816
0.0359632633626461
0.03626757860183716
0.036567457020282745
0.03687826916575432
0.03721153363585472
0.037600401788949966
0.03806614503264427
0.038612984120845795
0.039238281548023224
0.03993384167551994
0.04071122407913208
0.041540611535310745
0.042414866387844086
0.04333251714706421
0.044294144958257675
0.04529022425413132
0.046316273510456085
0.04738786444067955
0.048480838537216187
0.04959258437156677
0.0026882614474743605
0.002628882182762027
0.002588139846920967
0.0025511663407087326
0.002515707863494754
0.002487744204699993
0.04491111636161804
0.047351669520139694
0.048871126025915146
0.05017869919538498
0.05150992423295975
0.05291161313652992
0.05443482846021652
0.056154292076826096
0.057532526552677155
0.058876730501651764
0.0602322481572628
0.06150829419493675
0.06280554085969925
0.06409144401550293
0.06530965864658356
0.06643390655517578
0.0674617812037468
0.06840150058269501
0.06934260576963425
0.07023672759532928
0.06729284673929214
0.06457406282424927
0.06202344968914986
0.05958683788776398
0.05723336338996887
0.054978612810373306
0.05283992737531662
0.050784654915332794
0.04878535121679306
0.046826690435409546
0.04490026831626892
0.04299212247133255
0.041098542511463165
0.0392911471426487
0.03778960555791855
0.03646170720458031
0.03523518517613411
0.03406805545091629
0.03293970599770546
0.031861647963523865
0.03084460459649563
0.02988055907189846
0.028964776545763016
0.02812364138662815
0.027368975803256035
0.026690969243645668
0.026070041581988335
0.025515198707580566
0.025073964148759842
0.02466345578432083
0.024226626381278038
0.02373025193810463
0.0232193935662508
0.022715136408805847
