7.081683158874512
8.494558334350586
11.41983413696289
14.74901008605957
13.824435234069824
13.69912338256836
14.099713325500488
14.258066177368164
14.210067749023438
14.352768898010254
14.707412719726562
15.36091423034668
16.346050262451172
17.68558120727539
19.34827423095703
21.41097068786621
23.993553161621094
27.24490737915039
31.156436920166016
35.853641510009766
41.353065490722656
47.89567565917969
55.445579528808594
64.49661254882812
75.24562072753906
88.49658203125
105.13553619384766
123.84014892578125
143.11221313476562
163.26007080078125
184.03927612304688
206.0756072998047
15.230810165405273
11.662436485290527
10.894437789916992
11.159933090209961
11.34563159942627
11.4840087890625
163.2751007080078
170.95909118652344
208.89767456054688
228.6128387451172
259.5937194824219
311.177734375
358.27630615234375
399.4427185058594
439.0801086425781
467.01654052734375
483.2677307128906
498.79608154296875
512.5812377929688
524.8272094726562
535.9786987304688
546.2089233398438
555.302978515625
562.1630249023438
568.1135864257812
573.6152954101562
578.4624633789062
582.8374633789062
586.7003784179688
589.8984375
592.4406127929688
594.3126220703125
595.6447143554688
596.5675659179688
597.1040649414062
597.30029296875
597.0208740234375
596.5244750976562
595.765625
594.6970825195312
593.3065185546875
591.5276489257812
588.5479125976562
585.6919555664062
582.794677734375
579.775146484375
576.60107421875
573.3987426757812
570.1514892578125
566.7428588867188
563.1986694335938
559.5372924804688
555.7753295898438
552.006103515625
548.2694091796875
544.556396484375
540.8634033203125
537.2066650390625
533.6063842773438
530.0729370117188
526.5967407226562
