0.16148607432842255
0.18027415871620178
0.20366396009922028
0.20747971534729004
0.20848813652992249
0.20937083661556244
0.21015143394470215
0.21086280047893524
0.2116837203502655
0.21259313821792603
0.21324706077575684
0.21396587789058685
0.21443365514278412
0.214818075299263
0.2151939570903778
0.2157878428697586
0.2163819819688797
0.21708853542804718
0.2177598476409912
0.2184014618396759
0.21900323033332825
0.21965385973453522
0.22035597264766693
0.22109229862689972
0.2219618707895279
0.2231541872024536
0.22458216547966003
0.22613634169101715
0.22788825631141663
0.22989317774772644
0.23207853734493256
0.23458543419837952
0.010740390978753567
0.010680698789656162
0.010712780058383942
0.010721215046942234
0.010721259750425816
0.010718312114477158
0.21591944992542267
0.2234007865190506
0.22667476534843445
0.23233352601528168
0.23809924721717834
0.24388667941093445
0.24968276917934418
0.2554335594177246
0.26109862327575684
0.26674357056617737
0.27243468165397644
0.27817508578300476
0.28901782631874084
0.2998587489128113
0.31101393699645996
0.32309049367904663
0.33566048741340637
0.348684698343277
0.3625027537345886
0.36771658062934875
0.36125656962394714
0.35461464524269104
0.3480246067047119
0.3413860499858856
0.3346542418003082
0.32781732082366943
0.3209764063358307
0.3140702545642853
0.3069959580898285
0.2997617721557617
0.29244765639305115
0.28518712520599365
0.2778826057910919
0.2704979181289673
0.2629178464412689
0.2544284164905548
0.24621334671974182
0.24529701471328735
0.25053614377975464
0.2589695155620575
0.2687974274158478
0.27899494767189026
0.28971990942955017
0.30076882243156433
0.31201571226119995
0.3233720064163208
0.3348294198513031
0.34626349806785583
0.35772180557250977
0.36925679445266724
0.3807508051395416
0.3921670913696289
0.3999544084072113
0.4084630012512207
0.4126519560813904
0.4169810116291046
