0.02490401081740856
0.02780637890100479
0.03226146101951599
0.03329914063215256
0.03380875661969185
0.03412403166294098
0.03445114567875862
0.03464338183403015
0.03479984402656555
0.035002291202545166
0.03523874655365944
0.035466793924570084
0.03569232299923897
0.03595990687608719
0.03624047338962555
0.036516666412353516
0.03679852932691574
0.03709002211689949
0.03741122782230377
0.037790339440107346
0.03823082521557808
0.03873041644692421
0.039286330342292786
0.039892494678497314
0.04056248068809509
0.04127645865082741
0.04202486574649811
0.0428079254925251
0.0436263307929039
0.04447987303137779
0.04536667838692665
0.046290379017591476
0.002441065153107047
0.0024886331520974636
0.0024395480286329985
0.002402904676273465
0.002378026954829693
0.002362696221098304
0.04239899665117264
0.044209882616996765
0.045410532504320145
0.04691825807094574
0.04808773100376129
0.04916248470544815
0.050273995846509933
0.05149553716182709
0.05288275331258774
0.05437711998820305
0.055999983102083206
0.05741981416940689
0.05871482193470001
0.059999097138643265
0.06126675754785538
0.06249312311410904
0.0637008473277092
0.06485805660486221
0.06596200913190842
0.06701374799013138
0.06800928711891174
0.06896068900823593
0.06992185860872269
0.07090979069471359
0.06955628097057343
0.06692150980234146
0.0644715279340744
0.062144581228494644
0.05991511791944504
0.0577719584107399
0.05571785569190979
0.05373763665556908
0.05181581526994705
0.04994238540530205
0.04811472073197365
0.046323295682668686
0.04457032307982445
0.042861808091402054
0.04119943082332611
0.03971516713500023
0.03843160718679428
0.03726623207330704
0.03616737574338913
0.03511732071638107
0.034114863723516464
0.033153291791677475
0.03223240748047829
0.03134934976696968
0.030509401112794876
0.029709361493587494
0.028947509825229645
0.02822469174861908
0.02753889001905918
0.02688727341592312
0.026265429332852364
