-0.0
-0.0
-0.0
-0.0
-0.0
-0.0
-0.0
-0.0
-0.0
-0.0
-0.0
-0.0
-0.0
-0.0
-0.0
-0.0
-0.0
-0.0
-0.0
-0.0
-0.0
-0.0
-0.0
-0.0
-0.0
-0.0
-0.0
-0.0
-0.0
-0.0
-0.0
-0.0
-0.0
-0.0
-0.0
-0.0
-0.0
-0.0
-0.0
-0.0
-0.0
-0.0
-0.0
-0.0
-0.0
-0.0
-0.0
-0.0
-0.0
-0.0
-0.0
-0.0
-0.0
-0.0
-0.0
-0.0
-0.0
-0.0
-0.0
-0.0
-0.0
-0.0
-0.0
-0.0
-0.0
-0.0
-0.0
-0.0
-0.0
-0.0
-0.0
-0.0
-0.0
-0.0
-0.0
-0.0
-0.0
1.9167819687027077e-07
6.790587008254079e-07
1.1094897445218521e-06
1.4890616739648976e-06
1.8230026626042672e-06
2.1160594769753516e-06
2.3725222035864135e-06
2.5960264338209527e-06
2.7898688585992204e-06
2.957474862341769e-06
3.1013883017294575e-06
3.2240920972981257e-06
3.3282963158853818e-06
3.4159261304012034e-06
3.488772108539706e-06
3.5483171814121306e-06
3.5959919841843657e-06
3.6329886370367603e-06
