0.045302554965019226
0.052912913262844086
0.05480324104428291
0.055401481688022614
0.05597154051065445
0.05665857344865799
0.057432930916547775
0.057887595146894455
0.058220274746418
0.05857333540916443
0.05886173993349075
0.05919387564063072
0.05952368676662445
0.05998767912387848
0.060516972094774246
0.061301231384277344
0.062275394797325134
0.06348266452550888
0.06495596468448639
0.06665968894958496
0.06855456531047821
0.07060389965772629
0.07276617735624313
0.07501067221164703
0.07735360413789749
0.07982464879751205
0.08246447890996933
0.0853496715426445
0.08854929357767105
0.09180541336536407
0.09411609917879105
0.09644587337970734
0.09898822754621506
0.005169448908418417
0.005135237704962492
0.005118753295391798
0.005111027508974075
0.005114312749356031
0.005090347491204739
0.0940917506814003
0.09628547728061676
0.0986296609044075
0.10125117748975754
0.10516435652971268
0.11006926000118256
0.11563827097415924
0.12179584801197052
0.12855571508407593
0.12851324677467346
0.12206806987524033
0.11609233170747757
0.1106652319431305
0.10557901859283447
0.10077085345983505
0.09616164863109589
0.09175831079483032
0.08755287528038025
0.0835149809718132
0.07958745956420898
0.07581660896539688
0.07229164987802505
0.06889915466308594
0.06571164727210999
0.06280949711799622
0.06008148938417435
0.05744123086333275
0.05502060800790787
0.05281513184309006
0.050620049238204956
0.048618659377098083
0.04671040549874306
0.04489637166261673
0.04317627474665642
0.04152732715010643
0.03990785405039787
0.03830499202013016
0.036749985069036484
0.03523998335003853
0.03377477079629898
0.032381027936935425
0.03102879226207733
0.030113648623228073
0.03093409352004528
0.03324219584465027
0.04902542009949684
0.07485576719045639
0.10700258612632751
0.14407284557819366
0.19001546502113342
0.24702294170856476
0.32055217027664185
0.4128877520561218
2.4476118087768555
