0.09149353951215744
0.10367210954427719
0.11822354048490524
0.12965528666973114
0.13618092238903046
0.14007598161697388
0.1422615647315979
0.1435135304927826
0.14442630112171173
0.14505834877490997
0.14555241167545319
0.14613015949726105
0.1467156857252121
0.14736613631248474
0.14796699583530426
0.14867007732391357
0.14935852587223053
0.15008790791034698
0.15090832114219666
0.15178728103637695
0.15271678566932678
0.15374794602394104
0.15535975992679596
0.15754440426826477
0.16032516956329346
0.16346237063407898
0.16686372458934784
0.17049622535705566
0.1743464171886444
0.1783045530319214
0.18228080868721008
0.186290442943573
0.024875666946172714
0.017774192616343498
0.013310356065630913
0.010847508907318115
0.009912971407175064
0.009278209879994392
0.13605444133281708
0.15268371999263763
0.1670479029417038
0.17984893918037415
0.19119660556316376
0.20169734954833984
0.21220558881759644
0.2228766828775406
0.2342115044593811
0.2502466142177582
0.267778217792511
0.285536527633667
0.30889469385147095
0.33840420842170715
0.3754400312900543
0.38572314381599426
0.38457486033439636
0.3865567743778229
0.3900128901004791
0.3907178044319153
0.3917654752731323
0.39399921894073486
0.39701592922210693
0.4021766483783722
2.811906337738037
5.474027156829834
7.174141883850098
8.325485229492188
9.151509284973145
9.823362350463867
10.38111400604248
10.836801528930664
11.219192504882812
11.548182487487793
11.842824935913086
12.104752540588379
12.357422828674316
12.611141204833984
12.847453117370605
13.0818452835083
13.297821998596191
13.492754936218262
13.68259048461914
22.44672393798828
35.40179443359375
43.06455612182617
48.02210235595703
51.068241119384766
52.98950958251953
54.23860168457031
55.34059524536133
56.26455307006836
57.07593536376953
57.79059600830078
