0.043837666511535645
0.0513424314558506
0.0545026995241642
0.05549813061952591
0.05602920427918434
0.056534554809331894
0.057068489491939545
0.057464007288217545
0.05770545080304146
0.057911887764930725
0.05812770128250122
0.05839309096336365
0.05861363559961319
0.05880631506443024
0.05900871381163597
0.05919947475194931
0.05942101404070854
0.059689830988645554
0.060092415660619736
0.060635652393102646
0.06135672330856323
0.062196966260671616
0.06314179301261902
0.06418522447347641
0.0653173178434372
0.06650139391422272
0.06771781295537949
0.06896443665027618
0.07022206485271454
0.07146739214658737
0.07268992066383362
0.07387523353099823
0.00431861262768507
0.0041807484813034534
0.004125116392970085
0.004051873926073313
0.003986812196671963
0.0039308685809373856
0.06595001369714737
0.06854958087205887
0.07071209698915482
0.072793148458004
0.07489092648029327
0.07700477540493011
0.07913738489151001
0.08135651051998138
0.08359379321336746
0.08586978912353516
0.08819058537483215
0.09043513238430023
0.0926191434264183
0.09403357654809952
0.09524928033351898
0.09650281071662903
0.09775910526514053
0.09903717041015625
0.10040325671434402
0.10194948315620422
0.10426487028598785
0.1068371832370758
0.10904078930616379
0.11086322367191315
0.11302296072244644
0.11505000293254852
0.11640731245279312
0.11153038591146469
0.10718479752540588
0.10281705111265182
0.0984160527586937
0.0939021036028862
0.08916337788105011
0.0845172181725502
0.08013907819986343
0.07630740106105804
0.07204733043909073
0.0672837421298027
0.061478178948163986
0.07744111120700836
0.23008450865745544
0.5169531106948853
0.9259064793586731
23.155719757080078
36.29552459716797
42.210391998291016
45.84785461425781
48.5960693359375
51.332584381103516
54.04718780517578
56.53852462768555
58.72929000854492
60.68104934692383
62.34103775024414
