7.036648750305176
8.298284530639648
10.984695434570312
13.32548999786377
12.979209899902344
12.324237823486328
12.532708168029785
13.181528091430664
13.913360595703125
14.333868980407715
14.653671264648438
15.110345840454102
15.547999382019043
16.0994815826416
16.874364852905273
17.860111236572266
19.077861785888672
20.568920135498047
22.428665161132812
24.614604949951172
27.2855281829834
30.743661880493164
35.28535079956055
41.06547164916992
48.364013671875
57.4455451965332
67.25384521484375
78.64763641357422
92.24918365478516
108.64385986328125
127.90936279296875
148.8874969482422
6.194076061248779
7.304709434509277
5.9668073654174805
6.264097213745117
6.567234992980957
6.8048601150512695
121.68405151367188
177.09266662597656
200.29849243164062
211.40536499023438
253.4981689453125
293.6361389160156
325.9225158691406
356.8345642089844
386.2177734375
415.8267822265625
436.47613525390625
450.115966796875
463.00665283203125
472.79705810546875
482.3836364746094
491.24822998046875
499.1607971191406
505.9729919433594
511.5461730957031
515.5323486328125
518.0848388671875
519.6026000976562
520.605224609375
521.1774291992188
521.3982543945312
521.0965576171875
520.342529296875
519.0369262695312
517.1458740234375
514.8477172851562
512.3004150390625
509.6435241699219
506.9193115234375
504.224365234375
501.6716613769531
499.1268005371094
496.6251525878906
494.1523742675781
491.700439453125
489.2633361816406
486.7162780761719
484.1383972167969
481.5556335449219
478.97015380859375
476.38623046875
473.4836120605469
470.0985412597656
467.0081481933594
463.9788818359375
461.0284729003906
458.1885681152344
455.4503479003906
452.8207702636719
450.2564392089844
447.72967529296875
