2035.05810546875
2040.34765625
2070.57177734375
2092.55029296875
2089.55810546875
2075.20361328125
2078.8427734375
2104.637939453125
2108.507080078125
2107.425048828125
2119.6611328125
2137.54296875
2150.976318359375
2162.829345703125
2177.294677734375
2196.318603515625
2214.530517578125
2234.670654296875
2253.40576171875
2276.463623046875
2299.68115234375
2325.99462890625
2363.36669921875
2415.03662109375
2474.710205078125
2549.212158203125
2636.775146484375
2731.7119140625
2841.5546875
2960.26904296875
3083.4189453125
3210.80419921875
142.87496948242188
126.32972717285156
122.31776428222656
120.39035034179688
119.201171875
118.52407836914062
2091.396484375
2731.875244140625
3169.27783203125
3502.608642578125
3798.324951171875
4092.02587890625
4384.30517578125
4696.58935546875
4995.12451171875
5285.63671875
5549.7431640625
5814.01708984375
6051.3330078125
6231.7119140625
6432.06396484375
6300.419921875
6007.509765625
5785.3349609375
5584.30078125
5381.05322265625
5168.88330078125
4952.27001953125
4748.4560546875
4568.23046875
4396.15087890625
4216.63525390625
4030.293212890625
3838.86083984375
3637.5126953125
3436.58642578125
3248.40087890625
3073.712158203125
2882.571044921875
2698.528564453125
2507.146728515625
2277.552001953125
2143.645263671875
2030.6251220703125
1914.349609375
1814.2535400390625
1729.1087646484375
1683.13818359375
1640.1055908203125
1598.81494140625
1559.61669921875
1519.405517578125
1478.1361083984375
1437.3597412109375
1397.3865966796875
1358.20458984375
1320.284423828125
1282.9525146484375
1246.0531005859375
1209.374755859375
