0.0214875228703022
0.023468617349863052
0.02697977051138878
0.029440781101584435
0.030549833551049232
0.031147221103310585
0.03144397959113121
0.03156113624572754
0.03161247447133064
0.0317145399749279
0.03188886493444443
0.032094839960336685
0.03228004649281502
0.03243672475218773
0.0325651578605175
0.03267459198832512
0.03278068080544472
0.03290119022130966
0.03303835168480873
0.03318687528371811
0.03334351256489754
0.03351515159010887
0.0336933359503746
0.033876292407512665
0.03407951444387436
0.03434068337082863
0.03467299044132233
0.03507306054234505
0.03553615137934685
0.03605718910694122
0.036631643772125244
0.03725486621260643
0.0021874301601201296
0.00182092294562608
0.0016641468973830342
0.00158402428496629
0.0015469647478312254
0.001534988172352314
0.03274858370423317
0.036563850939273834
0.038462620228528976
0.039522990584373474
0.0402434766292572
0.040875665843486786
0.041540514677762985
0.04228537902235985
0.04312446713447571
0.04405887797474861
0.04507969319820404
0.0461856946349144
0.04738718271255493
0.04856032878160477
0.04970516636967659
0.050885774195194244
0.0521424263715744
0.05343634635210037
0.05473247542977333
0.05604416877031326
0.05740386247634888
0.058798324316740036
0.05792049691081047
0.05668117478489876
0.05553453043103218
0.054417554289102554
0.05331025272607803
0.05220920220017433
0.05111031234264374
0.05001753568649292
0.04893345385789871
0.047862425446510315
0.046811580657958984
0.045793626457452774
0.04480791464447975
0.043829865753650665
0.04285547882318497
0.04189053550362587
0.04093574360013008
0.03998531028628349
0.03904472663998604
0.03810996934771538
0.037187620997428894
0.036275818943977356
0.03537668287754059
0.03449111431837082
0.033620867878198624
0.03278745710849762
0.03197771683335304
0.031193967908620834
0.030434468761086464
0.02969708852469921
0.02897961251437664
0.028280142694711685
