2070.153564453125
2038.66552734375
2007.3402099609375
2010.2393798828125
2077.788330078125
2059.80029296875
2051.88134765625
2062.677001953125
2111.81298828125
2156.362060546875
2195.20703125
2224.006103515625
2254.146484375
2290.810546875
2338.410400390625
2393.8193359375
2464.91357421875
2566.62353515625
2696.267333984375
2849.02294921875
3020.095703125
3205.530029296875
3399.225830078125
3598.234375
3801.242431640625
4010.800537109375
4223.77099609375
4441.16259765625
4662.47314453125
4889.17431640625
5122.71337890625
5365.486328125
200.870849609375
189.3654022216797
195.2505340576172
204.20016479492188
213.09478759765625
221.0841064453125
5371.31005859375
5846.13916015625
6049.10986328125
6250.8544921875
6469.138671875
6724.3359375
7016.8984375
7338.67626953125
7696.4658203125
8092.1796875
8487.5263671875
8890.6650390625
9293.625
9684.8251953125
9974.8291015625
9809.90625
9665.53125
9526.5771484375
9386.103515625
9238.0712890625
9080.744140625
8914.0126953125
8735.21484375
8545.9619140625
8349.4921875
8147.6865234375
7940.1083984375
7727.52734375
7511.611328125
7293.0595703125
7070.80419921875
6843.701171875
6622.3154296875
6408.1513671875
6200.89794921875
5999.568359375
5804.1591796875
5614.48583984375
5430.7705078125
5252.681640625
5079.72802734375
4911.3173828125
4747.16064453125
4587.57080078125
4432.49462890625
4282.05615234375
4136.12353515625
3994.75634765625
3857.63671875
3724.608642578125
3595.6376953125
3470.848876953125
3350.337890625
3234.070556640625
