2082.13134765625
2059.8125
2032.931396484375
2012.817626953125
1999.4222412109375
1998.875244140625
2028.4425048828125
2034.8690185546875
2040.511962890625
2078.416748046875
2106.7998046875
2108.8994140625
2123.180908203125
2144.314697265625
2163.194091796875
2183.47802734375
2213.17333984375
2249.69091796875
2293.105712890625
2345.5546875
2410.78271484375
2492.337646484375
2590.518310546875
2705.046630859375
2837.740478515625
2991.933837890625
3168.868896484375
3364.794921875
3574.446533203125
3792.341064453125
4023.78515625
4265.59423828125
175.1544952392578
173.48953247070312
179.5476837158203
186.1513671875
192.34567260742188
198.10679626464844
4519.94775390625
5104.20849609375
5379.861328125
5528.78125
5587.5859375
5644.5078125
5785.18115234375
5966.919921875
6190.01171875
6452.732421875
6747.275390625
7068.705078125
7437.02685546875
7851.900390625
8317.43359375
8783.5
9228.8505859375
9681.2900390625
10151.1298828125
10635.45703125
11122.666015625
11602.6533203125
12072.306640625
12526.513671875
12963.1259765625
13379.240234375
13773.091796875
14144.9326171875
14493.7978515625
14820.22265625
15126.36328125
15415.7109375
15688.9345703125
15948.2197265625
16189.337890625
16413.70703125
16622.208984375
16817.97265625
16999.091796875
17165.62890625
17316.916015625
17452.958984375
17573.89453125
17683.208984375
17785.15234375
17886.73046875
17971.69140625
18017.7421875
18050.130859375
18071.396484375
18075.09765625
18065.115234375
18046.697265625
17885.3046875
17209.798828125
